input_cif,action_prompt,generated_output,target_cif
"# generated using pymatgen
data_Na3Mn2(GeO4)3
_symmetry_space_group_name_H-M   'P 1'
_cell_length_a   10.62692797
_cell_length_b   10.62243543
_cell_length_c   10.62496609
_cell_angle_alpha   109.46131482
_cell_angle_beta   109.47824686
_cell_angle_gamma   109.46794854
_symmetry_Int_Tables_number   1
_chemical_formula_structural   Na3Mn2(GeO4)3
_chemical_formula_sum   'Na12 Mn8 Ge12 O48'
_cell_volume   923.35872841
_cell_formula_units_Z   4
loop_
 _symmetry_equiv_pos_site_id
 _symmetry_equiv_pos_as_xyz
  1  'x, y, z'
loop_
 _atom_site_type_symbol
 _atom_site_label
 _atom_site_symmetry_multiplicity
 _atom_site_fract_x
 _atom_site_fract_y
 _atom_site_fract_z
 _atom_site_occupancy
  Na  Na0  1  0.62502900  0.25003600  0.87490100  1
  Na  Na1  1  0.87521700  0.75043200  0.62504100  1
  Na  Na2  1  0.74996700  0.62500700  0.87507300  1
  Na  Na3  1  0.24976400  0.87519100  0.62476200  1
  Na  Na4  1  0.87499600  0.62537200  0.25013400  1
  Na  Na5  1  0.62514900  0.87508400  0.75012500  1
  Na  Na6  1  0.37497100  0.74996400  0.12509800  1
  Na  Na7  1  0.12478300  0.24956800  0.37495800  1
  Na  Na8  1  0.25003300  0.37499300  0.12492700  1
  Na  Na9  1  0.75023600  0.12481000  0.37523800  1
  Na  Na10  1  0.12500400  0.37462800  0.74986600  1
  Na  Na11  1  0.37485000  0.12491600  0.24987400  1
  Mn  Mn12  1  0.50000100  0.50000000  0.49999900  1
  Mn  Mn13  1  0.50000200  0.50000200  0.00000000  1
  Mn  Mn14  1  0.49999900  0.00000000  0.50000100  1
  Mn  Mn15  1  0.00000000  0.49999900  0.49999800  1
  Mn  Mn16  1  0.50000100  0.00000100  0.00000100  1
  Mn  Mn17  1  0.00000000  0.00000100  0.50000100  1
  Mn  Mn18  1  0.00000000  0.50000100  0.00000000  1
  Mn  Mn19  1  0.00000100  0.99999900  0.99999900  1
  Ge  Ge20  1  0.87493300  0.12483800  0.74977000  1
  Ge  Ge21  1  0.12506400  0.87515700  0.25022900  1
  Ge  Ge22  1  0.25007400  0.62499000  0.37500300  1
  Ge  Ge23  1  0.12499300  0.74998100  0.87504800  1
  Ge  Ge24  1  0.75019400  0.87508000  0.12515800  1
  Ge  Ge25  1  0.37482500  0.24987700  0.62501300  1
  Ge  Ge26  1  0.62517800  0.75012400  0.37499000  1
  Ge  Ge27  1  0.87500400  0.25002000  0.12495400  1
  Ge  Ge28  1  0.24980700  0.12491800  0.87484200  1
  Ge  Ge29  1  0.74992500  0.37501100  0.62499700  1
  Ge  Ge30  1  0.37494600  0.62499700  0.75003000  1
  Ge  Ge31  1  0.62505200  0.37500100  0.24997200  1
  O  O32  1  0.80538400  0.41790100  0.81869000  1
  O  O33  1  0.08108400  0.88666000  0.40025200  1
  O  O34  1  0.68131200  0.09918700  0.98669300  1
  O  O35  1  0.69474100  0.51354300  0.61257900  1
  O  O36  1  0.69446200  0.68113600  0.08152800  1
  O  O37  1  0.51326600  0.61246400  0.69462000  1
  O  O38  1  0.09933600  0.61265200  0.41804300  1
  O  O39  1  0.61204800  0.69461700  0.51322800  1
  O  O40  1  0.40083200  0.81874000  0.51353600  1
  O  O41  1  0.88704200  0.98663300  0.80549000  1
  O  O42  1  0.98647100  0.80521400  0.88724600  1
  O  O43  1  0.08198700  0.69460900  0.68127100  1
  O  O44  1  0.61275200  0.41795200  0.09919200  1
  O  O45  1  0.51321800  0.40088800  0.81871700  1
  O  O46  1  0.68129300  0.08215500  0.69449300  1
  O  O47  1  0.41846600  0.09958700  0.61295800  1
  O  O48  1  0.81875100  0.51335200  0.40068200  1
  O  O49  1  0.40114600  0.08255600  0.88795300  1
  O  O50  1  0.09979000  0.98643400  0.68088300  1
  O  O51  1  0.59916800  0.18125800  0.48646200  1
  O  O52  1  0.98685100  0.68140300  0.09891100  1
  O  O53  1  0.81911200  0.80556900  0.41892400  1
  O  O54  1  0.88742200  0.40097300  0.08219800  1
  O  O55  1  0.80552100  0.88765300  0.98676900  1
  O  O56  1  0.19461600  0.58209800  0.18130800  1
  O  O57  1  0.91891400  0.11333900  0.59974900  1
  O  O58  1  0.31869000  0.90081400  0.01330900  1
  O  O59  1  0.30525900  0.48645700  0.38742100  1
  O  O60  1  0.30554100  0.31886700  0.91847500  1
  O  O61  1  0.48673300  0.38753600  0.30538000  1
  O  O62  1  0.90066400  0.38734600  0.58195400  1
  O  O63  1  0.38795200  0.30538600  0.48677300  1
  O  O64  1  0.19447800  0.11234800  0.01323000  1
  O  O65  1  0.11257700  0.59903000  0.91780200  1
  O  O66  1  0.18088900  0.19443200  0.58107700  1
  O  O67  1  0.58222700  0.18122600  0.19481000  1
  O  O68  1  0.01315000  0.31859700  0.90109000  1
  O  O69  1  0.90021200  0.01356900  0.31911800  1
  O  O70  1  0.59885500  0.91744500  0.11204700  1
  O  O71  1  0.18124700  0.48664700  0.59931700  1
  O  O72  1  0.58153300  0.90041400  0.38704200  1
  O  O73  1  0.31870700  0.91784400  0.30550700  1
  O  O74  1  0.48678200  0.59911200  0.18128400  1
  O  O75  1  0.38724700  0.58204700  0.90080800  1
  O  O76  1  0.91801200  0.30539000  0.31872600  1
  O  O77  1  0.01353100  0.19478600  0.11275400  1
  O  O78  1  0.11295700  0.01336500  0.19450800  1
  O  O79  1  0.41777300  0.81877400  0.80519000  1
",Rotate all surrounding atoms within 2.5475185147048096 angstrom of the center atom at index 2 by 94.38347563086853 degree around the axis [0. 0. 1.] in the cif file. The rotation should following the right-hand rule.,"<cif>
# generated using pymatgen
data_Na3Mn2(GeO4)3
_symmetry_space_group_name_H-M   'P 1'
_cell_length_a   10.62692797
_cell_length_b   10.62243543
_cell_length_c   10.62496609
_cell_angle_alpha   109.46131482
_cell_angle_beta   109.47824686
_cell_angle_gamma   109.46794854
_symmetry_Int_Tables_number   1
_chemical_formula_structural   Na3Mn2(GeO4)3
_chemical_formula_sum   'Na12 Mn8 Ge12 O48'
_cell_volume   923.35872841
_cell_formula_units_Z   4
loop_
 _symmetry_equiv_pos_site_id
 _symmetry_equiv_pos_as_xyz
  1  'x, y, z'
loop_
 _atom_site_type_symbol
 _atom_site_label
 _atom_site_symmetry_multiplicity
 _atom_site_fract_x
 _atom_site_fract_y
 _atom_site_fract_z
 _atom_site_occupancy
  Na  Na0  1  0.62502900  0.25003600  0.87490100  1
  Na  Na1  1  0.87521700  0.75043200  0.62504100  1
  Na  Na2  1  0.74996700  0.62500700  0.87507300  1
  Na  Na3  1  0.24976400  0.87519100  0.62476200  1
  Na  Na4  1  0.87499600  0.62537200  0.25013400  1
  Na  Na5  1  0.62514900  0.87508400  0.75012500  1
  Na  Na6  1  0.37497100  0.74996400  0.12509800  1
  Na  Na7  1  0.12478300  0.24956800  0.37495800  1
  Na  Na8  1  0.25003300  0.37499300  0.12492700  1
  Na  Na9  1  0.75023600  0.12481000  0.37523800  1
  Na  Na10  1  0.12500400  0.37462800  0.74986600  1
  Na  Na11  1  0.37485000  0.12491600  0.24987400  1
  Mn  Mn12  1  0.50000100  0.50000000  0.49999900  1
  Mn  Mn13  1  0.50000200  0.50000200  0.00000000  1
  Mn  Mn14  1  0.49999900  0.00000000  0.50000100  1
  Mn  Mn15  1  0.00000000  0.49999900  0.49999800  1
  Mn  Mn16  1  0.50000100  0.00000100  0.00000100  1
  Mn  Mn17  1  0.00000000  0.00000100  0.50000100  1
  Mn  Mn18  1  0.00000000  0.50000100  0.00000000  1
  Mn  Mn19  1  0.00000100  0.99999900  0.99999900  1
  Ge  Ge20  1  0.87493300  0.12483800  0.74977000  1
  Ge  Ge21  1  0.12506400  0.87515700  0.25022900  1
  Ge  Ge22  1  0.25007400  0.62499000  0.37500300  1
  Ge  Ge23  1  0.12499300  0.74998100  0.87504800  1
  Ge  Ge24  1  0.75019400  0.87508000  0.12515800  1
  Ge  Ge25  1  0.37482500  0.24987700  0.62501300  1
  Ge  Ge26  1  0.62517800  0.75012400  0.37499000  1
  Ge  Ge27  1  0.87500400  0.25002000  0.12495400  1
  Ge  Ge28  1  0.24980700  0.12491800  0.87484200  1
  Ge  Ge29  1  0.74992500  0.37501100  0.62499700  1
  Ge  Ge30  1  0.37494600  0.62499700  0.75003000  1
  Ge  Ge31  1  0.62505200  0.37500100  0.24997200  1
  O  O32  1  0.93370000  0.76200000  0.81869000  1
  O  O33  1  0.08108400  0.88666000  0.40025200  1
  O  O34  1  0.68131200  0.09918700  0.98669300  1
  O  O35  1  0.61900000  0.56590000  0.61280000  1
  O  O36  1  0.85900000  0.58100000  0.08170000  1
  O  O37  1  0.53700000  0.34670000  0.69470000  1
  O  O38  1  0.09933600  0.61265200  0.41804300  1
  O  O39  1  0.61204800  0.69461700  0.51322800  1
  O  O40  1  0.40083200  0.81874000  0.51353600  1
  O  O41  1  0.88704200  0.98663300  0.80549000  1
  O  O42  1  0.63500000  0.80000000  0.88740000  1
  O  O43  1  0.08198700  0.69460900  0.68127100  1
  O  O44  1  0.61275200  0.41795200  0.09919200  1
  O  O45  1  0.87100000  0.46050000  0.81870000  1
  O  O46  1  0.68129300  0.08215500  0.69449300  1
  O  O47  1  0.41846600  0.09958700  0.61295800  1
  O  O48  1  0.81875100  0.51335200  0.40068200  1
  O  O49  1  0.40114600  0.08255600  0.88795300  1
  O  O50  1  0.09979000  0.98643400  0.68088300  1
  O  O51  1  0.59916800  0.18125800  0.48646200  1
  O  O52  1  0.95400000  0.89300000  0.09870000  1
  O  O53  1  0.81911200  0.80556900  0.41892400  1
  O  O54  1  0.88742200  0.40097300  0.08219800  1
  O  O55  1  0.58660000  0.59200000  0.98700000  1
  O  O56  1  0.19461600  0.58209800  0.18130800  1
  O  O57  1  0.91891400  0.11333900  0.59974900  1
  O  O58  1  0.31869000  0.90081400  0.01330900  1
  O  O59  1  0.30525900  0.48645700  0.38742100  1
  O  O60  1  0.30554100  0.31886700  0.91847500  1
  O  O61  1  0.48673300  0.38753600  0.30538000  1
  O  O62  1  0.90066400  0.38734600  0.58195400  1
  O  O63  1  0.38795200  0.30538600  0.48677300  1
  O  O64  1  0.19447800  0.11234800  0.01323000  1
  O  O65  1  0.11257700  0.59903000  0.91780200  1
  O  O66  1  0.18088900  0.19443200  0.58107700  1
  O  O67  1  0.58222700  0.18122600  0.19481000  1
  O  O68  1  0.01315000  0.31859700  0.90109000  1
  O  O69  1  0.90021200  0.01356900  0.31911800  1
  O  O70  1  0.59885500  0.91744500  0.11204700  1
  O  O71  1  0.18124700  0.48664700  0.59931700  1
  O  O72  1  0.58153300  0.90041400  0.38704200  1
  O  O73  1  0.31870700  0.91784400  0.30550700  1
  O  O74  1  0.48678200  0.59911200  0.18128400  1
  O  O75  1  0.38724700  0.58204700  0.90080800  1
  O  O76  1  0.91801200  0.30539000  0.31872600  1
  O  O77  1  0.01353100  0.19478600  0.11275400  1
  O  O78  1  0.11295700  0.01336500  0.19450800  1
  O  O79  1  0.41777300  0.81877400  0.80519000  1
</cif>
","data_image0
_chemical_formula_structural       Na12Mn8Ge12O48
_chemical_formula_sum              ""Na12 Mn8 Ge12 O48""
_cell_length_a       10.62692797
_cell_length_b       10.62243543
_cell_length_c       10.62496609
_cell_angle_alpha    109.46131481999998
_cell_angle_beta     109.47824686
_cell_angle_gamma    109.46794854

_space_group_name_H-M_alt    ""P 1""
_space_group_IT_number       1

loop_
  _space_group_symop_operation_xyz
  'x, y, z'

loop_
  _atom_site_type_symbol
  _atom_site_label
  _atom_site_symmetry_multiplicity
  _atom_site_fract_x
  _atom_site_fract_y
  _atom_site_fract_z
  _atom_site_occupancy
  Na  Na1       1.0  0.625029  0.250036  0.874901  1.0000
  Na  Na2       1.0  0.8752170000000002  0.7504320000000001  0.625041  1.0000
  Na  Na3       1.0  0.749967  0.625007  0.875073  1.0000
  Na  Na4       1.0  0.24976400000000007  0.8751910000000002  0.624762  1.0000
  Na  Na5       1.0  0.874996  0.625372  0.2501339999999999  1.0000
  Na  Na6       1.0  0.6251489999999998  0.8750840000000001  0.7501249999999998  1.0000
  Na  Na7       1.0  0.37497100000000005  0.749964  0.125098  1.0000
  Na  Na8       1.0  0.12478300000000003  0.24956800000000004  0.374958  1.0000
  Na  Na9       1.0  0.250033  0.374993  0.12492699999999998  1.0000
  Na  Na10      1.0  0.750236  0.12480999999999999  0.375238  1.0000
  Na  Na11      1.0  0.1250039999999999  0.3746279999999999  0.7498659999999998  1.0000
  Na  Na12      1.0  0.37485000000000007  0.12491599999999999  0.24987399999999999  1.0000
  Mn  Mn1       1.0  0.500001  0.5  0.49999899999999997  1.0000
  Mn  Mn2       1.0  0.500002  0.500002  0.0  1.0000
  Mn  Mn3       1.0  0.49999899999999997  0.0  0.5000009999999998  1.0000
  Mn  Mn4       1.0  2.0894524320844842e-17  0.499999  0.499998  1.0000
  Mn  Mn5       1.0  0.500001  1e-06  1e-06  1.0000
  Mn  Mn6       1.0  0.0  9.99999999918839e-07  0.5000009999999998  1.0000
  Mn  Mn7       1.0  0.0  0.500001  0.0  1.0000
  Mn  Mn8       1.0  1.00000000000449e-06  0.999999  0.999999  1.0000
  Ge  Ge1       1.0  0.874933  0.1248379999999999  0.7497699999999998  1.0000
  Ge  Ge2       1.0  0.12506400000000004  0.8751570000000001  0.250229  1.0000
  Ge  Ge3       1.0  0.250074  0.62499  0.375003  1.0000
  Ge  Ge4       1.0  0.12499299999999997  0.749981  0.875048  1.0000
  Ge  Ge5       1.0  0.750194  0.87508  0.125158  1.0000
  Ge  Ge6       1.0  0.374825  0.24987700000000002  0.625013  1.0000
  Ge  Ge7       1.0  0.625178  0.750124  0.37499  1.0000
  Ge  Ge8       1.0  0.8750040000000001  0.25002  0.124954  1.0000
  Ge  Ge9       1.0  0.24980700000000003  0.124918  0.874842  1.0000
  Ge  Ge10      1.0  0.749925  0.375011  0.624997  1.0000
  Ge  Ge11      1.0  0.374946  0.624997  0.75003  1.0000
  Ge  Ge12      1.0  0.625052  0.375001  0.249972  1.0000
  O   O1        1.0  0.9339882572015176  0.7620070822435762  0.81869  1.0000
  O   O2        1.0  0.08108399999999998  0.88666  0.400252  1.0000
  O   O3        1.0  0.681312  0.099187  0.9866929999999999  1.0000
  O   O4        1.0  0.6188203324973933  0.5657095994308908  0.612579  1.0000
  O   O5        1.0  0.9687232160503204  0.3950625174036996  0.08152800000000014  1.0000
  O   O6        1.0  0.537211715044483  0.3464991306401984  0.69462  1.0000
  O   O7        1.0  0.09933600000000002  0.612652  0.418043  1.0000
  O   O8        1.0  0.612048  0.694617  0.513228  1.0000
  O   O9        1.0  0.400832  0.8187400000000001  0.513536  1.0000
  O   O10       1.0  0.8870420000000001  0.986633  0.80549  1.0000
  O   O11       1.0  0.6355919407895355  0.8001932131799605  0.8872459999999998  1.0000
  O   O12       1.0  0.0819869999999999  0.6946089999999999  0.6812709999999997  1.0000
  O   O13       1.0  0.612752  0.41795200000000005  0.099192  1.0000
  O   O14       1.0  0.8713518273023995  0.46020193525278474  0.8187169999999999  1.0000
  O   O15       1.0  0.6812929999999999  0.08215499999999998  0.694493  1.0000
  O   O16       1.0  0.418466  0.09958700000000004  0.612958  1.0000
  O   O17       1.0  0.818751  0.513352  0.400682  1.0000
  O   O18       1.0  0.401146  0.08255599999999993  0.8879529999999998  1.0000
  O   O19       1.0  0.0997900000000001  0.9864340000000001  0.680883  1.0000
  O   O20       1.0  0.599168  0.181258  0.486462  1.0000
  O   O21       1.0  0.06462545682107321  0.7075140898224025  0.0989110000000001  1.0000
  O   O22       1.0  0.8191119999999998  0.805569  0.418924  1.0000
  O   O23       1.0  0.887422  0.400973  0.08219799999999997  1.0000
  O   O24       1.0  0.5871175321867326  0.5918488058237183  0.986769  1.0000
  O   O25       1.0  0.194616  0.582098  0.181308  1.0000
  O   O26       1.0  0.9189140000000001  0.113339  0.599749  1.0000
  O   O27       1.0  0.31869000000000003  0.9008140000000001  0.013308999999999996  1.0000
  O   O28       1.0  0.305259  0.4864569999999999  0.387421  1.0000
  O   O29       1.0  0.30554099999999995  0.3188669999999999  0.9184749999999998  1.0000
  O   O30       1.0  0.4867330000000001  0.387536  0.30538  1.0000
  O   O31       1.0  0.9006639999999999  0.387346  0.581954  1.0000
  O   O32       1.0  0.387952  0.305386  0.486773  1.0000
  O   O33       1.0  0.194478  0.112348  0.01323  1.0000
  O   O34       1.0  0.11257699999999997  0.59903  0.917802  1.0000
  O   O35       1.0  0.18088899999999997  0.19443200000000005  0.581077  1.0000
  O   O36       1.0  0.582227  0.181226  0.19480999999999996  1.0000
  O   O37       1.0  0.01315000000000004  0.3185970000000001  0.90109  1.0000
  O   O38       1.0  0.9002120000000001  0.013568999999999998  0.319118  1.0000
  O   O39       1.0  0.598855  0.917445  0.112047  1.0000
  O   O40       1.0  0.18124699999999996  0.48664700000000005  0.599317  1.0000
  O   O41       1.0  0.581533  0.900414  0.387042  1.0000
  O   O42       1.0  0.31870699999999996  0.917844  0.305507  1.0000
  O   O43       1.0  0.486782  0.599112  0.181284  1.0000
  O   O44       1.0  0.387247  0.582047  0.900808  1.0000
  O   O45       1.0  0.9180120000000002  0.30539  0.318726  1.0000
  O   O46       1.0  0.013530999999999974  0.19478599999999993  0.11275399999999997  1.0000
  O   O47       1.0  0.112957  0.013364999999999993  0.194508  1.0000
  O   O48       1.0  0.417773  0.818774  0.80519  1.0000
"
"# generated using pymatgen
data_CrN2
_symmetry_space_group_name_H-M   'P 1'
_cell_length_a   5.70784948
_cell_length_b   5.70784948
_cell_length_c   5.85014303
_cell_angle_alpha   83.57574774
_cell_angle_beta   83.57574774
_cell_angle_gamma   101.97760257
_symmetry_Int_Tables_number   1
_chemical_formula_structural   CrN2
_chemical_formula_sum   'Cr4 N8'
_cell_volume   183.47645485
_cell_formula_units_Z   4
loop_
 _symmetry_equiv_pos_site_id
 _symmetry_equiv_pos_as_xyz
  1  'x, y, z'
loop_
 _atom_site_type_symbol
 _atom_site_label
 _atom_site_symmetry_multiplicity
 _atom_site_fract_x
 _atom_site_fract_y
 _atom_site_fract_z
 _atom_site_occupancy
  Cr  Cr0  1  0.04436700  0.96385100  0.99740100  1
  Cr  Cr1  1  0.96385100  0.04436700  0.49740100  1
  Cr  Cr2  1  0.37282000  0.54360900  0.91551200  1
  Cr  Cr3  1  0.54360900  0.37282000  0.41551200  1
  N  N4  1  0.27846500  0.15356500  0.46608100  1
  N  N5  1  0.15356500  0.27846500  0.96608100  1
  N  N6  1  0.89817400  0.86307600  0.28116800  1
  N  N7  1  0.86307600  0.89817400  0.78116800  1
  N  N8  1  0.48050100  0.55035700  0.62577300  1
  N  N9  1  0.55035700  0.48050100  0.12577300  1
  N  N10  1  0.26212600  0.79881000  0.96359500  1
  N  N11  1  0.79881000  0.26212600  0.46359500  1
",Rotate all surrounding atoms within 3.903039619083253 angstrom of the center atom at index 8 by 175.35026134237924 degree around the axis [0. 1. 0.] in the cif file. The rotation should following the right-hand rule.,"<cif>
# generated using pymatgen
data_CrN2
_symmetry_space_group_name_H-M   'P 1'
_cell_length_a   5.70784948
_cell_length_b   5.70784948
_cell_length_c   5.85014303
_cell_angle_alpha   83.57574774
_cell_angle_beta   83.57574774
_cell_angle_gamma   101.97760257
_symmetry_Int_Tables_number   1
_chemical_formula_structural   CrN2
_chemical_formula_sum   'Cr4 N8'
_cell_volume   183.47645485
_cell_formula_units_Z   4
loop_
 _symmetry_equiv_pos_site_id
 _symmetry_equiv_pos_as_xyz
  1  'x, y, z'
loop_
 _atom_site_type_symbol
 _atom_site_label
 _atom_site_symmetry_multiplicity
 _atom_site_fract_x
 _atom_site_fract_y
 _atom_site_fract_z
 _atom_site_occupancy
  Cr  Cr0  1  0.04436700  0.96385100  0.99740100  1
  Cr  Cr1  1  0.96385100  0.04436700  0.49740100  1
  Cr  Cr2  1  0.62773600  0.63057300  0.34256400  1
  Cr  Cr3  1  0.31535300  0.31019000  0.83000000  1
  N  N4  1  0.49338300  0.10326300  0.79707900  1
  N  N5  1  0.74124800  0.37813000  0.30589400  1
  N  N6  1  0.14942800  0.76200600  0.94573300  1
  N  N7  1  0.27140500  0.94930400  0.44451400  1
  N  N8  1  0.48050100  0.55035700  0.62577300  1
  N  N9  1  0.31059700  0.32960400  1.12194400  1
  N  N10  1  0.84975300  0.89934400  0.30755600  1
  N  N11  1  0.02628000  0.21696400  0.75969800  1
</cif>
","data_image0
_chemical_formula_structural       Cr4N8
_chemical_formula_sum              ""Cr4 N8""
_cell_length_a       5.70784948
_cell_length_b       5.707849480000001
_cell_length_c       5.85014303
_cell_angle_alpha    83.57574774000001
_cell_angle_beta     83.57574774000001
_cell_angle_gamma    101.97760257

_space_group_name_H-M_alt    ""P 1""
_space_group_IT_number       1

loop_
  _space_group_symop_operation_xyz
  'x, y, z'

loop_
  _atom_site_type_symbol
  _atom_site_label
  _atom_site_symmetry_multiplicity
  _atom_site_fract_x
  _atom_site_fract_y
  _atom_site_fract_z
  _atom_site_occupancy
  Cr  Cr1       1.0  0.044366999999999976  0.9638509999999999  0.997401  1.0000
  Cr  Cr2       1.0  0.7775499359547345  0.013946369030358  0.707618015150475  1.0000
  Cr  Cr3       1.0  0.625245440268031  0.6264779522561816  0.3428590589966949  1.0000
  Cr  Cr4       1.0  0.3151161996703001  0.3129482172433355  0.8292465959524581  1.0000
  N   N1        1.0  0.4932134731541956  0.10581772371656953  0.7960310891971777  1.0000
  N   N2        1.0  0.7392339431849405  0.37410294456029286  0.305189933649184  1.0000
  N   N3        1.0  0.14858945887477945  0.7671475206559218  0.9440667615595604  1.0000
  N   N4        1.0  0.2691529388979744  0.946891961325408  0.4445101435517299  1.0000
  N   N5        1.0  0.480501  0.550357  0.625773  1.0000
  N   N6        1.0  0.3113792021366412  0.33634271637271634  0.12195628507338574  1.0000
  N   N7        1.0  0.8462995386459234  0.8937329895243264  0.30764451866787185  1.0000
  N   N8        1.0  0.025000331245531335  0.21944704906112844  0.7585212191529328  1.0000
"
"# generated using pymatgen
data_Mg6NbCd
_symmetry_space_group_name_H-M   'P 1'
_cell_length_a   4.94435200
_cell_length_b   6.29669600
_cell_length_c   10.91346500
_cell_angle_alpha   90.00000000
_cell_angle_beta   90.00000000
_cell_angle_gamma   90.00000000
_symmetry_Int_Tables_number   1
_chemical_formula_structural   Mg6NbCd
_chemical_formula_sum   'Mg12 Nb2 Cd2'
_cell_volume   339.76979487
_cell_formula_units_Z   2
loop_
 _symmetry_equiv_pos_site_id
 _symmetry_equiv_pos_as_xyz
  1  'x, y, z'
loop_
 _atom_site_type_symbol
 _atom_site_label
 _atom_site_symmetry_multiplicity
 _atom_site_fract_x
 _atom_site_fract_y
 _atom_site_fract_z
 _atom_site_occupancy
  Mg  Mg0  1  0.00000000  0.25149800  0.08187400  1
  Mg  Mg1  1  0.00000000  0.74850200  0.08187400  1
  Mg  Mg2  1  0.00000000  0.00000000  0.33445900  1
  Mg  Mg3  1  0.50000000  0.74085500  0.41359900  1
  Mg  Mg4  1  0.50000000  0.25914500  0.41359900  1
  Mg  Mg5  1  0.50000000  0.00000000  0.16694000  1
  Mg  Mg6  1  0.00000000  0.75149800  0.58187400  1
  Mg  Mg7  1  0.00000000  0.24850200  0.58187400  1
  Mg  Mg8  1  0.00000000  0.50000000  0.83445900  1
  Mg  Mg9  1  0.50000000  0.24085500  0.91359900  1
  Mg  Mg10  1  0.50000000  0.75914500  0.91359900  1
  Mg  Mg11  1  0.50000000  0.50000000  0.66694000  1
  Nb  Nb12  1  0.00000000  0.50000000  0.33374100  1
  Nb  Nb13  1  0.00000000  0.00000000  0.83374100  1
  Cd  Cd14  1  0.50000000  0.50000000  0.17391400  1
  Cd  Cd15  1  0.50000000  0.00000000  0.67391400  1
",Rotate all surrounding atoms within 3.1100394471936763 angstrom of the center atom at index 1 by 227.90785085927044 degree around the axis [0. 0. 1.] in the cif file. The rotation should following the right-hand rule.,"<cif>
# generated using pymatgen
data_Mg6NbCd
_symmetry_space_group_name_H-M   'P 1'
_cell_length_a   4.94435200
_cell_length_b   6.29669600
_cell_length_c   10.91346500
_cell_angle_alpha   90.00000000
_cell_angle_beta   90.00000000
_cell_angle_gamma   90.00000000
_symmetry_Int_Tables_number   1
_chemical_formula_structural   Mg6NbCd
_chemical_formula_sum   'Mg12 Nb2 Cd2'
_cell_volume   339.76979487
_cell_formula_units_Z   2
loop_
 _symmetry_equiv_pos_site_id
 _symmetry_equiv_pos_as_xyz
  1  'x, y, z'
loop_
 _atom_site_type_symbol
 _atom_site_label
 _atom_site_symmetry_multiplicity
 _atom_site_fract_x
 _atom_site_fract_y
 _atom_site_fract_z
 _atom_site_occupancy
  Mg  Mg0  1  0.00000000  0.25149800  0.08187400  1
  Mg  Mg1  1  0.00000000  0.74850200  0.08187400  1
  Mg  Mg2  1  0.00000000  0.00000000  0.33445900  1
  Mg  Mg3  1  0.50000000  0.74085500  0.41359900  1
  Mg  Mg4  1  0.50000000  0.25914500  0.41359900  1
  Mg  Mg5  1  0.50000000  0.00000000  0.16694000  1
  Mg  Mg6  1  0.00000000  0.75149800  0.58187400  1
  Mg  Mg7  1  0.00000000  0.24850200  0.58187400  1
  Mg  Mg8  1  0.00000000  0.50000000  0.83445900  1
  Mg  Mg9  1  0.50000000  0.24085500  0.91359900  1
  Mg  Mg10  1  0.50000000  0.75914500  0.91359900  1
  Mg  Mg11  1  0.50000000  0.50000000  0.66694000  1
  Nb  Nb12  1  0.00000000  0.50000000  0.33374100  1
  Nb  Nb13  1  0.00000000  0.00000000  0.83374100  1
  Cd  Cd14  1  0.42999400  0.62373220  0.17391400  1
  Cd  Cd15  1  0.50000000  0.00000000  0.67391400  1
</cif>
","data_image0
_chemical_formula_structural       Mg12Nb2Cd2
_chemical_formula_sum              ""Mg12 Nb2 Cd2""
_cell_length_a       4.944352
_cell_length_b       6.296696
_cell_length_c       10.913465
_cell_angle_alpha    90.0
_cell_angle_beta     90.0
_cell_angle_gamma    90.0

_space_group_name_H-M_alt    ""P 1""
_space_group_IT_number       1

loop_
  _space_group_symop_operation_xyz
  'x, y, z'

loop_
  _atom_site_type_symbol
  _atom_site_label
  _atom_site_symmetry_multiplicity
  _atom_site_fract_x
  _atom_site_fract_y
  _atom_site_fract_z
  _atom_site_occupancy
  Mg  Mg1       1.0  0.0  0.25149799999999994  0.081874  1.0000
  Mg  Mg2       1.0  0.0  0.7485019999999999  0.081874  1.0000
  Mg  Mg3       1.0  0.0  0.0  0.334459  1.0000
  Mg  Mg4       1.0  0.5  0.7408549999999998  0.41359900000000005  1.0000
  Mg  Mg5       1.0  0.5  0.25914499999999996  0.41359900000000005  1.0000
  Mg  Mg6       1.0  0.9574786032092177  0.9588948056420729  0.16694000000000003  1.0000
  Mg  Mg7       1.0  0.0  0.7514979999999998  0.581874  1.0000
  Mg  Mg8       1.0  0.0  0.248502  0.581874  1.0000
  Mg  Mg9       1.0  0.0  0.4999999999999999  0.834459  1.0000
  Mg  Mg10      1.0  0.5  0.24085499999999999  0.9135990000000002  1.0000
  Mg  Mg11      1.0  0.6748955115297164  0.45002097553201637  0.9135990000000003  1.0000
  Mg  Mg12      1.0  0.5  0.4999999999999999  0.66694  1.0000
  Nb  Nb1       1.0  0.0  0.4999999999999999  0.333741  1.0000
  Nb  Nb2       1.0  0.0  0.0  0.833741  1.0000
  Cd  Cd1       1.0  0.4299949922524827  0.6237323333146146  0.17391400000000004  1.0000
  Cd  Cd2       1.0  0.5  0.0  0.673914  1.0000
"
"# generated using pymatgen
data_Rb3B(SO4)3
_symmetry_space_group_name_H-M   'P 1'
_cell_length_a   14.04139905
_cell_length_b   14.04139905
_cell_length_c   14.04139905
_cell_angle_alpha   150.11673808
_cell_angle_beta   116.63538191
_cell_angle_gamma   71.61784396
_symmetry_Int_Tables_number   1
_chemical_formula_structural   Rb3B(SO4)3
_chemical_formula_sum   'Rb12 B4 S12 O48'
_cell_volume   1216.10526395
_cell_formula_units_Z   4
loop_
 _symmetry_equiv_pos_site_id
 _symmetry_equiv_pos_as_xyz
  1  'x, y, z'
loop_
 _atom_site_type_symbol
 _atom_site_label
 _atom_site_symmetry_multiplicity
 _atom_site_fract_x
 _atom_site_fract_y
 _atom_site_fract_z
 _atom_site_occupancy
  Rb  Rb0  1  0.29255332  0.30335303  0.24225622  1
  Rb  Rb1  1  0.20744668  0.44970390  0.01079971  1
  Rb  Rb2  1  0.93890318  0.19664697  0.48920029  1
  Rb  Rb3  1  0.56109682  0.05029610  0.25774378  1
  Rb  Rb4  1  0.70744668  0.69664697  0.75774378  1
  Rb  Rb5  1  0.79255332  0.55029610  0.98920029  1
  Rb  Rb6  1  0.06109682  0.80335303  0.51079971  1
  Rb  Rb7  1  0.43890318  0.94970390  0.74225622  1
  Rb  Rb8  1  0.55492751  0.75000000  0.30492751  1
  Rb  Rb9  1  0.94507249  0.25000000  0.19507249  1
  Rb  Rb10  1  0.44507249  0.25000000  0.69507249  1
  Rb  Rb11  1  0.05492751  0.75000000  0.80492751  1
  B  B12  1  0.66875642  0.41875642  0.25000000  1
  B  B13  1  0.83124358  0.08124358  0.75000000  1
  B  B14  1  0.33124358  0.58124358  0.75000000  1
  B  B15  1  0.16875642  0.91875642  0.25000000  1
  S  S16  1  0.46785648  0.47840572  0.26066483  1
  S  S17  1  0.03214352  0.29280835  0.01054924  1
  S  S18  1  0.78226011  0.02159428  0.48945076  1
  S  S19  1  0.71773989  0.20719165  0.23933517  1
  S  S20  1  0.53214352  0.52159428  0.73933517  1
  S  S21  1  0.96785648  0.70719165  0.98945076  1
  S  S22  1  0.21773989  0.97840572  0.51054924  1
  S  S23  1  0.28226011  0.79280835  0.76066483  1
  S  S24  1  0.81088452  0.75000000  0.56088452  1
  S  S25  1  0.68911548  0.25000000  0.93911548  1
  S  S26  1  0.18911548  0.25000000  0.43911548  1
  S  S27  1  0.31088452  0.75000000  0.06088452  1
  O  O28  1  0.72038968  0.40183217  0.34886443  1
  O  O29  1  0.77961032  0.12847475  0.68144249  1
  O  O30  1  0.94703126  0.09816783  0.81855751  1
  O  O31  1  0.55296874  0.37152525  0.15113557  1
  O  O32  1  0.27961032  0.59816783  0.65113557  1
  O  O33  1  0.22038968  0.87152525  0.31855751  1
  O  O34  1  0.05296874  0.90183217  0.18144249  1
  O  O35  1  0.44703126  0.62847475  0.84886443  1
  O  O36  1  0.37995453  0.32207088  0.10567292  1
  O  O37  1  0.12004547  0.22571739  0.94211635  1
  O  O38  1  0.78360104  0.17792912  0.55788365  1
  O  O39  1  0.71639896  0.27428261  0.39432708  1
  O  O40  1  0.62004547  0.67792912  0.89432708  1
  O  O41  1  0.87995453  0.77428261  0.05788365  1
  O  O42  1  0.21639896  0.82207088  0.44211635  1
  O  O43  1  0.28360104  0.72571739  0.60567292  1
  O  O44  1  0.16434867  0.13410265  0.24345450  1
  O  O45  1  0.33565133  0.57910583  0.96975398  1
  O  O46  1  0.10935185  0.36589735  0.53024602  1
  O  O47  1  0.39064815  0.92089417  0.25654550  1
  O  O48  1  0.83565133  0.86589735  0.75654550  1
  O  O49  1  0.66434867  0.42089417  0.03024602  1
  O  O50  1  0.89064815  0.63410265  0.46975398  1
  O  O51  1  0.60935185  0.07910583  0.74345450  1
  O  O52  1  0.69915283  0.62608259  0.41232758  1
  O  O53  1  0.80084717  0.21317475  0.92692876  1
  O  O54  1  0.78624500  0.87391741  0.57307124  1
  O  O55  1  0.71375500  0.28682525  0.08767242  1
  O  O56  1  0.30084717  0.37391741  0.58767242  1
  O  O57  1  0.19915283  0.78682525  0.07307124  1
  O  O58  1  0.21375500  0.12608259  0.42692876  1
  O  O59  1  0.28624500  0.71317475  0.91232758  1
  O  O60  1  0.43767239  0.61784292  0.30039954  1
  O  O61  1  0.06232761  0.36272715  0.18017054  1
  O  O62  1  0.68255661  0.88215708  0.31982946  1
  O  O63  1  0.81744339  0.13727285  0.19960046  1
  O  O64  1  0.56232761  0.38215708  0.69960046  1
  O  O65  1  0.93767239  0.63727285  0.81982946  1
  O  O66  1  0.31744339  0.11784292  0.68017054  1
  O  O67  1  0.18255661  0.86272715  0.80039954  1
  O  O68  1  0.52106333  0.56918916  0.44695971  1
  O  O69  1  0.97893667  0.42589638  0.04812584  1
  O  O70  1  0.87777055  0.93081084  0.45187416  1
  O  O71  1  0.62222945  0.07410362  0.05304029  1
  O  O72  1  0.47893667  0.43081084  0.55304029  1
  O  O73  1  0.02106333  0.57410362  0.95187416  1
  O  O74  1  0.12222945  0.06918916  0.54812584  1
  O  O75  1  0.37777055  0.92589638  0.94695971  1
",Rotate all surrounding atoms within 3.151717886812442 angstrom of the center atom at index 16 by 88.76438402366239 degree around the axis [ 0. -1.  0.] in the cif file. The rotation should following the right-hand rule.,"<cif>
# generated using pymatgen
data_Rb3B(SO4)3
_symmetry_space_group_name_H-M   'P 1'
_cell_length_a   14.04139905
_cell_length_b   14.04139905
_cell_length_c   14.04139905
_cell_angle_alpha   150.11673808
_cell_angle_beta   116.63538191
_cell_angle_gamma   71.61784396
_symmetry_Int_Tables_number   1
_chemical_formula_structural   Rb3B(SO4)3
_chemical_formula_sum   'Rb12 B4 S12 O48'
_cell_volume   1216.10526395
_cell_formula_units_Z   4
loop_
 _symmetry_equiv_pos_site_id
 _symmetry_equiv_pos_as_xyz
  1  'x, y, z'
loop_
 _atom_site_type_symbol
 _atom_site_label
 _atom_site_symmetry_multiplicity
 _atom_site_fract_x
 _atom_site_fract_y
 _atom_site_fract_z
 _atom_site_occupancy
  Rb  Rb0  1  0.29255332  0.30335303  0.24225622  1
  Rb  Rb1  1  0.20744668  0.44970390  0.01079971  1
  Rb  Rb2  1  0.93890318  0.19664697  0.48920029  1
  Rb  Rb3  1  0.56109682  0.05029610  0.25774378  1
  Rb  Rb4  1  0.70744668  0.69664697  0.75774378  1
  Rb  Rb5  1  0.79255332  0.55029610  0.98920029  1
  Rb  Rb6  1  0.06109682  0.80335303  0.51079971  1
  Rb  Rb7  1  0.43890318  0.94970390  0.74225622  1
  Rb  Rb8  1  0.55492751  0.75000000  0.30492751  1
  Rb  Rb9  1  0.94507249  0.25000000  0.19507249  1
  Rb  Rb10  1  0.44507249  0.25000000  0.69507249  1
  Rb  Rb11  1  0.05492751  0.75000000  0.80492751  1
  B  B12  1  0.66875642  0.41875642  0.25000000  1
  B  B13  1  0.83124358  0.08124358  0.75000000  1
  B  B14  1  0.33124358  0.58124358  0.75000000  1
  B  B15  1  0.16875642  0.91875642  0.25000000  1
  S  S16  1  0.46785648  0.47840572  0.26066483  1
  S  S17  1  0.03214352  0.29280835  0.01054924  1
  S  S18  1  0.78226011  0.02159428  0.48945076  1
  S  S19  1  0.71773989  0.20719165  0.23933517  1
  S  S20  1  0.53214352  0.52159428  0.73933517  1
  S  S21  1  0.96785648  0.70719165  0.98945076  1
  S  S22  1  0.21773989  0.97840572  0.51054924  1
  S  S23  1  0.28226011  0.79280835  0.76066483  1
  S  S24  1  0.81088452  0.75000000  0.56088452  1
  S  S25  1  0.68911548  0.25000000  0.93911548  1
  S  S26  1  0.18911548  0.25000000  0.43911548  1
  S  S27  1  0.31088452  0.75000000  0.06088452  1
  O  O28  1  0.72038968  0.40183217  0.34886443  1
  O  O29  1  0.77961032  0.12847475  0.68144249  1
  O  O30  1  0.94703126  0.09816783  0.81855751  1
  O  O31  1  0.55296874  0.37152525  0.15113557  1
  O  O32  1  0.27961032  0.59816783  0.65113557  1
  O  O33  1  0.22038968  0.87152525  0.31855751  1
  O  O34  1  0.05296874  0.90183217  0.18144249  1
  O  O35  1  0.44703126  0.62847475  0.84886443  1
  O  O36  1  0.37995453  0.32207088  0.10567292  1
  O  O37  1  0.12004547  0.22571739  0.94211635  1
  O  O38  1  0.78360104  0.17792912  0.55788365  1
  O  O39  1  0.71639896  0.27428261  0.39432708  1
  O  O40  1  0.62004547  0.67792912  0.89432708  1
  O  O41  1  0.87995453  0.77428261  0.05788365  1
  O  O42  1  0.21639896  0.82207088  0.44211635  1
  O  O43  1  0.28360104  0.72571739  0.60567292  1
  O  O44  1  0.13070000  0.25530000  0.39290000  1
  O  O45  1  0.33565133  0.57910583  0.96975398  1
  O  O46  1  0.10935185  0.36589735  0.53024602  1
  O  O47  1  0.26350000  0.29520000  0.72180000  1
  O  O48  1  0.83565133  0.86589735  0.75654550  1
  O  O49  1  0.66434867  0.42089417  0.03024602  1
  O  O50  1  0.89064815  0.63410265  0.46975398  1
  O  O51  1  0.60935185  0.07910583  0.74345450  1
  O  O52  1  0.69915283  0.62608259  0.41232758  1
  O  O53  1  0.80084717  0.21317475  0.92692876  1
  O  O54  1  0.78624500  0.87391741  0.57307124  1
  O  O55  1  0.71375500  0.28682525  0.08767242  1
  O  O56  1  0.30084717  0.37391741  0.58767242  1
  O  O57  1  0.19915283  0.78682525  0.07307124  1
  O  O58  1  0.21375500  0.12608259  0.42692876  1
  O  O59  1  0.28624500  0.71317475  0.91232758  1
  O  O60  1  0.43767239  0.61784292  0.30039954  1
  O  O61  1  0.06232761  0.36272715  0.18017054  1
  O  O62  1  0.68255661  0.88215708  0.31982946  1
  O  O63  1  0.81744339  0.13727285  0.19960046  1
  O  O64  1  0.56232761  0.38215708  0.69960046  1
  O  O65  1  0.93767239  0.63727285  0.81982946  1
  O  O66  1  0.31744339  0.11784292  0.68017054  1
  O  O67  1  0.18255661  0.86272715  0.80039954  1
  O  O68  1  0.52106333  0.56918916  0.44695971  1
  O  O69  1  0.97893667  0.42589638  0.04812584  1
  O  O70  1  0.87777055  0.93081084  0.45187416  1
  O  O71  1  0.62222945  0.07410362  0.05304029  1
  O  O72  1  0.47893667  0.43081084  0.55304029  1
  O  O73  1  0.02106333  0.57410362  0.95187416  1
  O  O74  1  0.12222945  0.06918916  0.54812584  1
  O  O75  1  0.37777055  0.92589638  0.94695971  1
</cif>
","data_image0
_chemical_formula_structural       Rb12B4S12O48
_chemical_formula_sum              ""Rb12 B4 S12 O48""
_cell_length_a       14.04139905
_cell_length_b       14.04139905
_cell_length_c       14.041399049999999
_cell_angle_alpha    150.11673808
_cell_angle_beta     116.63538191
_cell_angle_gamma    71.61784395999999

_space_group_name_H-M_alt    ""P 1""
_space_group_IT_number       1

loop_
  _space_group_symop_operation_xyz
  'x, y, z'

loop_
  _atom_site_type_symbol
  _atom_site_label
  _atom_site_symmetry_multiplicity
  _atom_site_fract_x
  _atom_site_fract_y
  _atom_site_fract_z
  _atom_site_occupancy
  Rb  Rb1       1.0  0.29255332  0.30335302999999997  0.24225622  1.0000
  Rb  Rb2       1.0  0.20744668000000002  0.44970389999999993  0.01079971  1.0000
  Rb  Rb3       1.0  0.93890318  0.19664696999999992  0.48920029  1.0000
  Rb  Rb4       1.0  0.56109682  0.0502961  0.25774378  1.0000
  Rb  Rb5       1.0  0.7074466800000001  0.6966469699999998  0.75774378  1.0000
  Rb  Rb6       1.0  0.7925533199999999  0.5502960999999998  0.9892002899999999  1.0000
  Rb  Rb7       1.0  0.0610968200000001  0.8033530299999998  0.51079971  1.0000
  Rb  Rb8       1.0  0.43890318000000006  0.9497038999999998  0.74225622  1.0000
  Rb  Rb9       1.0  0.5549275099999998  0.75  0.30492751  1.0000
  Rb  Rb10      1.0  0.94507249  0.24999999999999992  0.19507248999999996  1.0000
  Rb  Rb11      1.0  0.4450724899999999  0.24999999999999983  0.6950724899999998  1.0000
  Rb  Rb12      1.0  0.054927509999999964  0.75  0.80492751  1.0000
  B   B1        1.0  0.5712568638489314  0.7523883495862188  0.6640376204641152  1.0000
  B   B2        1.0  0.83124358  0.08124358000000008  0.75  1.0000
  B   B3        1.0  0.33124358  0.58124358  0.75  1.0000
  B   B4        1.0  0.16875642000000005  0.91875642  0.25  1.0000
  S   S1        1.0  0.46785648  0.47840571999999987  0.26066483  1.0000
  S   S2        1.0  0.03214352  0.29280835  0.01054924  1.0000
  S   S3        1.0  0.78226011  0.021594279999999903  0.4894507599999999  1.0000
  S   S4        1.0  0.7177398899999999  0.20719164999999998  0.23933516999999996  1.0000
  S   S5        1.0  0.53214352  0.52159428  0.73933517  1.0000
  S   S6        1.0  0.96785648  0.7071916499999998  0.98945076  1.0000
  S   S7        1.0  0.21773988999999994  0.97840572  0.51054924  1.0000
  S   S8        1.0  0.28226010999999995  0.7928083499999999  0.7606648299999998  1.0000
  S   S9        1.0  0.81088452  0.75  0.56088452  1.0000
  S   S10       1.0  0.68911548  0.24999999999999975  0.9391154799999999  1.0000
  S   S11       1.0  0.18911548  0.25  0.43911548  1.0000
  S   S12       1.0  0.31088452  0.75  0.060884519999999984  1.0000
  O   O1        1.0  0.72038968  0.40183217  0.34886443  1.0000
  O   O2        1.0  0.77961032  0.12847474999999983  0.6814424899999998  1.0000
  O   O3        1.0  0.94703126  0.09816783000000012  0.81855751  1.0000
  O   O4        1.0  0.568283863285803  0.6328058311050974  0.47538508115561423  1.0000
  O   O5        1.0  0.27961032  0.59816783  0.65113557  1.0000
  O   O6        1.0  0.22038968  0.87152525  0.31855751  1.0000
  O   O7        1.0  0.05296873999999999  0.90183217  0.18144249  1.0000
  O   O8        1.0  0.44703125999999993  0.6284747499999999  0.8488644299999999  1.0000
  O   O9        1.0  0.5189883183464414  0.32641591977571077  0.11106511951695996  1.0000
  O   O10       1.0  0.12004546999999997  0.22571738999999974  0.9421163499999998  1.0000
  O   O11       1.0  0.78360104  0.17792912000000005  0.55788365  1.0000
  O   O12       1.0  0.7163989600000001  0.2742826099999999  0.39432707999999994  1.0000
  O   O13       1.0  0.6200454700000001  0.6779291199999998  0.8943270799999998  1.0000
  O   O14       1.0  0.87995453  0.77428261  0.05788364999999999  1.0000
  O   O15       1.0  0.21639895999999995  0.82207088  0.44211635  1.0000
  O   O16       1.0  0.28360103999999997  0.7257173899999999  0.60567292  1.0000
  O   O17       1.0  0.16434867  0.13410264999999993  0.24345449999999993  1.0000
  O   O18       1.0  0.33565133  0.5791058300000002  0.9697539799999999  1.0000
  O   O19       1.0  0.10935185000000003  0.36589734999999995  0.53024602  1.0000
  O   O20       1.0  0.39064815  0.92089417  0.2565455  1.0000
  O   O21       1.0  0.8356513299999998  0.8658973500000001  0.7565455  1.0000
  O   O22       1.0  0.66434867  0.42089417  0.03024601999999999  1.0000
  O   O23       1.0  0.89064815  0.63410265  0.46975398  1.0000
  O   O24       1.0  0.6093518500000001  0.07910582999999972  0.7434544999999998  1.0000
  O   O25       1.0  0.4828260538457544  0.8717671774586734  0.7172224445360673  1.0000
  O   O26       1.0  0.8008471699999998  0.21317475000000008  0.92692876  1.0000
  O   O27       1.0  0.786245  0.87391741  0.57307124  1.0000
  O   O28       1.0  0.7137549999999999  0.28682525  0.08767242  1.0000
  O   O29       1.0  0.30084717  0.37391741  0.58767242  1.0000
  O   O30       1.0  0.19915282999999995  0.7868252499999999  0.07307124  1.0000
  O   O31       1.0  0.21375499999999997  0.12608258999999994  0.42692875999999996  1.0000
  O   O32       1.0  0.286245  0.7131747499999996  0.9123275799999999  1.0000
  O   O33       1.0  0.41398382110556853  0.5795090719739523  0.2528271891173302  1.0000
  O   O34       1.0  0.06232761000000002  0.36272714999999994  0.18017054  1.0000
  O   O35       1.0  0.68255661  0.88215708  0.31982946  1.0000
  O   O36       1.0  0.81744339  0.13727285  0.19960046  1.0000
  O   O37       1.0  0.56232761  0.38215708  0.69960046  1.0000
  O   O38       1.0  0.93767239  0.63727285  0.81982946  1.0000
  O   O39       1.0  0.31744339  0.11784291999999999  0.68017054  1.0000
  O   O40       1.0  0.18255660999999987  0.8627271499999999  0.8003995399999998  1.0000
  O   O41       1.0  0.40039010683186804  0.41938174967610353  0.2610485360445459  1.0000
  O   O42       1.0  0.97893667  0.42589638  0.048125839999999996  1.0000
  O   O43       1.0  0.8777705500000001  0.93081084  0.4518741599999999  1.0000
  O   O44       1.0  0.62222945  0.07410361999999997  0.05304028999999998  1.0000
  O   O45       1.0  0.47893667  0.43081084  0.55304029  1.0000
  O   O46       1.0  0.021063329999999995  0.5741036199999998  0.9518741599999998  1.0000
  O   O47       1.0  0.12222945000000002  0.06918915999999996  0.54812584  1.0000
  O   O48       1.0  0.3777705499999999  0.92589638  0.9469597099999999  1.0000
"
"# generated using pymatgen
data_Mg6CdFe
_symmetry_space_group_name_H-M   'P 1'
_cell_length_a   4.87995000
_cell_length_b   6.13477400
_cell_length_c   10.42813000
_cell_angle_alpha   90.00000000
_cell_angle_beta   90.00000000
_cell_angle_gamma   90.00000000
_symmetry_Int_Tables_number   1
_chemical_formula_structural   Mg6CdFe
_chemical_formula_sum   'Mg12 Cd2 Fe2'
_cell_volume   312.19099876
_cell_formula_units_Z   2
loop_
 _symmetry_equiv_pos_site_id
 _symmetry_equiv_pos_as_xyz
  1  'x, y, z'
loop_
 _atom_site_type_symbol
 _atom_site_label
 _atom_site_symmetry_multiplicity
 _atom_site_fract_x
 _atom_site_fract_y
 _atom_site_fract_z
 _atom_site_occupancy
  Mg  Mg0  1  0.00000000  0.25102300  0.08481000  1
  Mg  Mg1  1  0.00000000  0.74897700  0.08481000  1
  Mg  Mg2  1  0.00000000  0.50000000  0.83569300  1
  Mg  Mg3  1  0.50000000  0.23360900  0.90718600  1
  Mg  Mg4  1  0.50000000  0.76639100  0.90718600  1
  Mg  Mg5  1  0.50000000  0.50000000  0.66369000  1
  Mg  Mg6  1  0.00000000  0.75102300  0.58481000  1
  Mg  Mg7  1  0.00000000  0.24897700  0.58481000  1
  Mg  Mg8  1  0.00000000  0.00000000  0.33569300  1
  Mg  Mg9  1  0.50000000  0.73360900  0.40718600  1
  Mg  Mg10  1  0.50000000  0.26639100  0.40718600  1
  Mg  Mg11  1  0.50000000  0.00000000  0.16369000  1
  Cd  Cd12  1  0.50000000  0.50000000  0.16911700  1
  Cd  Cd13  1  0.50000000  0.00000000  0.66911700  1
  Fe  Fe14  1  0.00000000  0.50000000  0.34750900  1
  Fe  Fe15  1  0.00000000  0.00000000  0.84750900  1
",Rotate all surrounding atoms within 3.916240407924814 angstrom of the center atom at index 13 by 49.70382534704493 degree around the axis [-1.  0.  0.] in the cif file. The rotation should following the right-hand rule.,"<cif>
# generated using pymatgen
data_Mg6CdFe
_symmetry_space_group_name_H-M   'P 1'
_cell_length_a   4.87995000
_cell_length_b   6.13477400
_cell_length_c   10.42813000
_cell_angle_alpha   90.00000000
_cell_angle_beta   90.00000000
_cell_angle_gamma   90.00000000
_symmetry_Int_Tables_number   1
_chemical_formula_structural   Mg6CdFe
_chemical_formula_sum   'Mg12 Cd2 Fe2'
_cell_volume   312.19099876
_cell_formula_units_Z   2
loop_
 _symmetry_equiv_pos_site_id
 _symmetry_equiv_pos_as_xyz
  1  'x, y, z'
loop_
 _atom_site_type_symbol
 _atom_site_label
 _atom_site_symmetry_multiplicity
 _atom_site_fract_x
 _atom_site_fract_y
 _atom_site_fract_z
 _atom_site_occupancy
  Mg  Mg0   1  0.00000000  0.25102300  0.08481000  1
  Mg  Mg1   1  0.00000000  0.74897700  0.08481000  1
  Mg  Mg2   1  0.00000000  0.50000000  0.83569300  1
  Mg  Mg3   1  0.50000000  0.45978000  0.71834000  1
  Mg  Mg4   1  0.50000000  0.15761100  0.92794000  1
  Mg  Mg5   1  0.50000000  0.31633100  0.44132000  1
  Mg  Mg6   1  0.00000000  0.72977300  0.72630000  1
  Mg  Mg7   1  0.00000000  0.05165900  0.50299400  1
  Mg  Mg8   1  0.00000000  0.00000000  0.33569300  1
  Mg  Mg9   1  0.50000000  0.48791000  0.61935000  1
  Mg  Mg10  1  0.50000000  0.83253300  0.38020300  1
  Mg  Mg11  1  0.50000000  0.00000000  0.16369000  1
  Cd  Cd12  1  0.50000000  0.50000000  0.16911700  1
  Cd  Cd13  1  0.50000000  0.00000000  0.66911700  1
  Fe  Fe14  1  0.00000000  0.50000000  0.34750900  1
  Fe  Fe15  1  0.00000000  0.23128000  0.78456500  1
</cif>
","data_image0
_chemical_formula_structural       Mg12Cd2Fe2
_chemical_formula_sum              ""Mg12 Cd2 Fe2""
_cell_length_a       4.87995
_cell_length_b       6.134774
_cell_length_c       10.42813
_cell_angle_alpha    90.0
_cell_angle_beta     90.0
_cell_angle_gamma    90.0

_space_group_name_H-M_alt    ""P 1""
_space_group_IT_number       1

loop_
  _space_group_symop_operation_xyz
  'x, y, z'

loop_
  _atom_site_type_symbol
  _atom_site_label
  _atom_site_symmetry_multiplicity
  _atom_site_fract_x
  _atom_site_fract_y
  _atom_site_fract_z
  _atom_site_occupancy
  Mg  Mg1       1.0  0.0  0.251023  0.08481000000000001  1.0000
  Mg  Mg2       1.0  0.0  0.748977  0.08481000000000001  1.0000
  Mg  Mg3       1.0  0.0  0.5  0.835693  1.0000
  Mg  Mg4       1.0  0.5  0.45973738351069027  0.7182659928353647  1.0000
  Mg  Mg5       1.0  0.5  0.8043082060698237  0.4792087114163304  1.0000
  Mg  Mg6       1.0  0.5  0.3163333943046265  0.44125902701377767  1.0000
  Mg  Mg7       1.0  0.0  0.3764128276189341  0.2776111889916322  1.0000
  Mg  Mg8       1.0  0.0  0.05172017061752872  0.502877342704221  1.0000
  Mg  Mg9       1.0  0.0  0.0  0.335693  1.0000
  Mg  Mg10      1.0  0.5  0.1348633088368548  0.17054844233800562  1.0000
  Mg  Mg11      1.0  0.5  0.832695272802542  0.380187403320243  1.0000
  Mg  Mg12      1.0  0.5  0.0  0.16369  1.0000
  Cd  Cd1       1.0  0.5  0.5  0.169117  1.0000
  Cd  Cd2       1.0  0.5  0.0  0.6691170000000001  1.0000
  Fe  Fe1       1.0  0.0  0.5  0.34750900000000007  1.0000
  Fe  Fe2       1.0  0.0  0.2312829103206314  0.7844900384622021  1.0000
"
"# generated using pymatgen
data_CsMg14Mo
_symmetry_space_group_name_H-M   'P 1'
_cell_length_a   6.48745882
_cell_length_b   6.56030473
_cell_length_c   10.51148476
_cell_angle_alpha   90.00000000
_cell_angle_beta   90.00000000
_cell_angle_gamma   120.37214931
_symmetry_Int_Tables_number   1
_chemical_formula_structural   CsMg14Mo
_chemical_formula_sum   'Cs1 Mg14 Mo1'
_cell_volume   385.96903504
_cell_formula_units_Z   1
loop_
 _symmetry_equiv_pos_site_id
 _symmetry_equiv_pos_as_xyz
  1  'x, y, z'
loop_
 _atom_site_type_symbol
 _atom_site_label
 _atom_site_symmetry_multiplicity
 _atom_site_fract_x
 _atom_site_fract_y
 _atom_site_fract_z
 _atom_site_occupancy
  Cs  Cs0  1  0.13589308  0.31794604  0.12500000  1
  Mg  Mg1  1  0.17400334  0.33700117  0.62500000  1
  Mg  Mg2  1  0.16776925  0.83388412  0.62500000  1
  Mg  Mg3  1  0.65124107  0.32610712  0.12500000  1
  Mg  Mg4  1  0.66690087  0.34210958  0.62500000  1
  Mg  Mg5  1  0.65124107  0.82513295  0.12500000  1
  Mg  Mg6  1  0.66690087  0.82479030  0.62500000  1
  Mg  Mg7  1  0.33617615  0.15179069  0.38147943  1
  Mg  Mg8  1  0.33617615  0.15179069  0.86852057  1
  Mg  Mg9  1  0.33617615  0.68438645  0.38147943  1
  Mg  Mg10  1  0.33617615  0.68438645  0.86852057  1
  Mg  Mg11  1  0.81935810  0.15967955  0.40102069  1
  Mg  Mg12  1  0.81935810  0.15967955  0.84897931  1
  Mg  Mg13  1  0.84841100  0.67420600  0.35934427  1
  Mg  Mg14  1  0.84841100  0.67420600  0.89065573  1
  Mo  Mo15  1  0.20580767  0.85290333  0.12500000  1
",Rotate all surrounding atoms within 3.420809503314463 angstrom of the center atom at index 2 by 179.59286001705604 degree around the axis [ 0. -1.  0.] in the cif file. The rotation should following the right-hand rule.,"<cif>
# generated using pymatgen
data_CsMg14Mo
_symmetry_space_group_name_H-M   'P 1'
_cell_length_a   6.48745882
_cell_length_b   6.56030473
_cell_length_c   10.51148476
_cell_angle_alpha   90.00000000
_cell_angle_beta   90.00000000
_cell_angle_gamma   120.37214931
_symmetry_Int_Tables_number   1
_chemical_formula_structural   CsMg14Mo
_chemical_formula_sum   'Cs1 Mg14 Mo1'
_cell_volume   385.96903504
_cell_formula_units_Z   1
loop_
 _symmetry_equiv_pos_site_id
 _symmetry_equiv_pos_as_xyz
  1  'x, y, z'
loop_
 _atom_site_type_symbol
 _atom_site_label
 _atom_site_symmetry_multiplicity
 _atom_site_fract_x
 _atom_site_fract_y
 _atom_site_fract_z
 _atom_site_occupancy
  Cs  Cs0  1  0.13589308  0.31794604  0.12500000  1
  Mg  Mg1  1  0.65372800  0.33700117  0.62615000  1
  Mg  Mg2  1  0.16776925  0.83388412  0.62500000  1
  Mg  Mg3  1  0.65124107  0.32610712  0.12500000  1
  Mg  Mg4  1  0.66690087  0.34210958  0.62500000  1
  Mg  Mg5  1  0.65124107  0.82513295  0.12500000  1
  Mg  Mg6  1  0.65905000  0.82479030  0.62673000  1
  Mg  Mg7  1  0.33617615  0.15179069  0.38147943  1
  Mg  Mg8  1  0.33617615  0.15179069  0.86852057  1
  Mg  Mg9  1  0.84929000  0.68438645  0.86955000  1
  Mg  Mg10  1  0.84368000  0.68438645  0.38260000  1
  Mg  Mg11  1  0.81935810  0.15967955  0.40102069  1
  Mg  Mg12  1  0.81935810  0.15967955  0.84897931  1
  Mg  Mg13  1  0.84841100  0.67420600  0.35934427  1
  Mg  Mg14  1  0.84841100  0.67420600  0.89065573  1
  Mo  Mo15  1  0.20580767  0.85290333  0.12500000  1
</cif>
","data_image0
_chemical_formula_structural       CsMg14Mo
_chemical_formula_sum              ""Cs1 Mg14 Mo1""
_cell_length_a       6.48745882
_cell_length_b       6.56030473
_cell_length_c       10.51148476
_cell_angle_alpha    90.0
_cell_angle_beta     90.0
_cell_angle_gamma    120.37214930999998

_space_group_name_H-M_alt    ""P 1""
_space_group_IT_number       1

loop_
  _space_group_symop_operation_xyz
  'x, y, z'

loop_
  _atom_site_type_symbol
  _atom_site_label
  _atom_site_symmetry_multiplicity
  _atom_site_fract_x
  _atom_site_fract_y
  _atom_site_fract_z
  _atom_site_occupancy
  Cs  Cs1       1.0  0.13589308000000005  0.31794604  0.125  1.0000
  Mg  Mg1       1.0  0.653437320610498  0.33700117000000007  0.6261415089428437  1.0000
  Mg  Mg2       1.0  0.16776925000000004  0.8338841200000001  0.625  1.0000
  Mg  Mg3       1.0  0.65124107  0.32610712  0.125  1.0000
  Mg  Mg4       1.0  0.16577594572445775  0.34210958  0.6282917006903286  1.0000
  Mg  Mg5       1.0  0.65124107  0.82513295  0.125  1.0000
  Mg  Mg6       1.0  0.6593511567821102  0.8247902999999999  0.6272093778025439  1.0000
  Mg  Mg7       1.0  0.30468154707646355  0.15179069000000003  0.8707824546983387  1.0000
  Mg  Mg8       1.0  0.29907400469098044  0.15179069000000003  0.38375361104412753  1.0000
  Mg  Mg9       1.0  0.8492984206288416  0.68438645  0.8695882064984415  1.0000
  Mg  Mg10      1.0  0.8436908782433585  0.68438645  0.3825593628442303  1.0000
  Mg  Mg11      1.0  0.8193581  0.15967955  0.40102069  1.0000
  Mg  Mg12      1.0  0.8193581  0.15967955  0.84897931  1.0000
  Mg  Mg13      1.0  0.3269211250198646  0.674206  0.8939920874149014  1.0000
  Mg  Mg14      1.0  0.32080387683043443  0.674206  0.3626940414551072  1.0000
  Mo  Mo1       1.0  0.20580767000000008  0.85290333  0.125  1.0000
"
"# generated using pymatgen
data_CeMg14Ga
_symmetry_space_group_name_H-M   'P 1'
_cell_length_a   6.37228323
_cell_length_b   6.37228270
_cell_length_c   10.13738374
_cell_angle_alpha   90.00000000
_cell_angle_beta   90.00000000
_cell_angle_gamma   120.00000269
_symmetry_Int_Tables_number   1
_chemical_formula_structural   CeMg14Ga
_chemical_formula_sum   'Ce1 Mg14 Ga1'
_cell_volume   356.48939263
_cell_formula_units_Z   1
loop_
 _symmetry_equiv_pos_site_id
 _symmetry_equiv_pos_as_xyz
  1  'x, y, z'
loop_
 _atom_site_type_symbol
 _atom_site_label
 _atom_site_symmetry_multiplicity
 _atom_site_fract_x
 _atom_site_fract_y
 _atom_site_fract_z
 _atom_site_occupancy
  Ce  Ce0  1  0.16666700  0.33333300  0.12500000  1
  Mg  Mg1  1  0.18142288  0.84071094  0.12500000  1
  Mg  Mg2  1  0.16013744  0.83006822  0.62500000  1
  Mg  Mg3  1  0.65928906  0.31857712  0.12500000  1
  Mg  Mg4  1  0.66993178  0.33986256  0.62500000  1
  Mg  Mg5  1  0.65928906  0.84071094  0.12500000  1
  Mg  Mg6  1  0.66993178  0.83006822  0.62500000  1
  Mg  Mg7  1  0.33269673  0.16730327  0.38498902  1
  Mg  Mg8  1  0.33269673  0.16730327  0.86501098  1
  Mg  Mg9  1  0.33269673  0.66539445  0.38498902  1
  Mg  Mg10  1  0.33269673  0.66539445  0.86501098  1
  Mg  Mg11  1  0.83460555  0.16730327  0.38498902  1
  Mg  Mg12  1  0.83460555  0.16730327  0.86501098  1
  Mg  Mg13  1  0.83333300  0.66666700  0.36189807  1
  Mg  Mg14  1  0.83333300  0.66666700  0.88810193  1
  Ga  Ga15  1  0.16666700  0.33333300  0.62500000  1
",Rotate all surrounding atoms within 3.680559095645247 angstrom of the center atom at index 3 by 294.6023936918659 degree around the axis [-1.  0.  0.] in the cif file. The rotation should following the right-hand rule.,"<cif>
# generated using pymatgen
data_CeMg14Ga
_symmetry_space_group_name_H-M   'P 1'
_cell_length_a   6.37228323
_cell_length_b   6.37228270
_cell_length_c   10.13738374
_cell_angle_alpha   90.00000000
_cell_angle_beta   90.00000000
_cell_angle_gamma   120.00000269
_symmetry_Int_Tables_number   1
_chemical_formula_structural   CeMg14Ga
_chemical_formula_sum   'Ce1 Mg14 Ga1'
_cell_volume   356.48939263
_cell_formula_units_Z   1
loop_
 _symmetry_equiv_pos_site_id
 _symmetry_equiv_pos_as_xyz
  1  'x, y, z'
loop_
 _atom_site_type_symbol
 _atom_site_label
 _atom_site_symmetry_multiplicity
 _atom_site_fract_x
 _atom_site_fract_y
 _atom_site_fract_z
 _atom_site_occupancy
  Ce  Ce0  1  0.16234000  0.32471400  0.13239000  1
  Mg  Mg1  1  0.18142288  0.84071094  0.12500000  1
  Mg  Mg2  1  0.16013744  0.83006822  0.62500000  1
  Mg  Mg3  1  0.65928906  0.31857712  0.12500000  1
  Mg  Mg4  1  0.66993178  0.33986256  0.62500000  1
  Mg  Mg5  1  0.50690000  0.53594500  0.38342000  1
  Mg  Mg6  1  0.66993178  0.83006822  0.62500000  1
  Mg  Mg7  1  0.15970000 -0.17850000  0.15830000  1
  Mg  Mg8  1  0.59360000  0.68960000  0.94180000  1
  Mg  Mg9  1  0.33269673  0.66539445  0.38498902  1
  Mg  Mg10  1  0.33269673  0.66539445  0.86501098  1
  Mg  Mg11  1  0.66160000 -0.17840000  0.15830000  1
  Mg  Mg12  1  1.09580000  0.68960000  0.94180000  1
  Mg  Mg13  1  0.53410000  0.06770000  0.39600000  1
  Mg  Mg14  1  0.92900000  0.85940000  0.19860000  1
  Ga  Ga15  1  0.16666700  0.33333300  0.62500000  1
</cif>
","data_image0
_chemical_formula_structural       CeMg14Ga
_chemical_formula_sum              ""Ce1 Mg14 Ga1""
_cell_length_a       6.37228323
_cell_length_b       6.3722827
_cell_length_c       10.13738374
_cell_angle_alpha    90.0
_cell_angle_beta     90.0
_cell_angle_gamma    120.00000268999999

_space_group_name_H-M_alt    ""P 1""
_space_group_IT_number       1

loop_
  _space_group_symop_operation_xyz
  'x, y, z'

loop_
  _atom_site_type_symbol
  _atom_site_label
  _atom_site_symmetry_multiplicity
  _atom_site_fract_x
  _atom_site_fract_y
  _atom_site_fract_z
  _atom_site_occupancy
  Ce  Ce1       1.0  0.16236063497135797  0.3247202699267475  0.1323035372750838  1.0000
  Mg  Mg1       1.0  0.029043027173920058  0.5359512337828044  0.38343418467430407  1.0000
  Mg  Mg2       1.0  0.16013744000000008  0.8300682200000001  0.625  1.0000
  Mg  Mg3       1.0  0.6592890600000002  0.31857712  0.125  1.0000
  Mg  Mg4       1.0  0.6699317800000002  0.33986256  0.625  1.0000
  Mg  Mg5       1.0  0.5069092071739202  0.5359512337828044  0.38343418467430407  1.0000
  Mg  Mg6       1.0  0.6699317800000002  0.8300682200000001  0.625  1.0000
  Mg  Mg7       1.0  0.15972769249574456  0.8213651943501074  0.15836414547609048  1.0000
  Mg  Mg8       1.0  0.7588612435688982  0.019632295009972545  0.3582063011734264  1.0000
  Mg  Mg9       1.0  0.33269673  0.66539445  0.38498902  1.0000
  Mg  Mg10      1.0  0.33269673  0.66539445  0.86501098  1.0000
  Mg  Mg11      1.0  0.6616365124957446  0.8213651943501074  0.15836414547609048  1.0000
  Mg  Mg12      1.0  0.26077006356889826  0.019632295009972545  0.3582063011734264  1.0000
  Mg  Mg13      1.0  0.5339126042806408  0.067826207451009  0.3959149013834865  1.0000
  Mg  Mg14      1.0  0.09447964006833796  0.18896027739695398  0.6149834492446283  1.0000
  Ga  Ga1       1.0  0.16666700000000004  0.33333300000000005  0.625  1.0000
"
"# generated using pymatgen
data_CeMg14Ga
_symmetry_space_group_name_H-M   'P 1'
_cell_length_a   6.50803506
_cell_length_b   6.33430095
_cell_length_c   10.30121009
_cell_angle_alpha   90.00000000
_cell_angle_beta   90.00000000
_cell_angle_gamma   119.12079146
_symmetry_Int_Tables_number   1
_chemical_formula_structural   CeMg14Ga
_chemical_formula_sum   'Ce1 Mg14 Ga1'
_cell_volume   370.97727065
_cell_formula_units_Z   1
loop_
 _symmetry_equiv_pos_site_id
 _symmetry_equiv_pos_as_xyz
  1  'x, y, z'
loop_
 _atom_site_type_symbol
 _atom_site_label
 _atom_site_symmetry_multiplicity
 _atom_site_fract_x
 _atom_site_fract_y
 _atom_site_fract_z
 _atom_site_occupancy
  Ce  Ce0  1  0.15026473  0.32513187  0.12500000  1
  Mg  Mg1  1  0.16512472  0.33256186  0.62500000  1
  Mg  Mg2  1  0.16053743  0.83026821  0.62500000  1
  Mg  Mg3  1  0.64670726  0.31519323  0.12500000  1
  Mg  Mg4  1  0.66580005  0.33703209  0.62500000  1
  Mg  Mg5  1  0.64670726  0.83151302  0.12500000  1
  Mg  Mg6  1  0.66580005  0.82876695  0.62500000  1
  Mg  Mg7  1  0.33744916  0.16659697  0.38013282  1
  Mg  Mg8  1  0.33744916  0.16659697  0.86986718  1
  Mg  Mg9  1  0.33744916  0.67085320  0.38013282  1
  Mg  Mg10  1  0.33744916  0.67085320  0.86986718  1
  Mg  Mg11  1  0.83144863  0.16572482  0.38450027  1
  Mg  Mg12  1  0.83144863  0.16572482  0.86549973  1
  Mg  Mg13  1  0.84599216  0.67299658  0.35841395  1
  Mg  Mg14  1  0.84599216  0.67299658  0.89158605  1
  Ga  Ga15  1  0.19438027  0.84718963  0.12500000  1
",Rotate all surrounding atoms within 3.6022489587060047 angstrom of the center atom at index 3 by 246.71098915990984 degree around the axis [0. 1. 0.] in the cif file. The rotation should following the right-hand rule.,"<cif>
# generated using pymatgen
data_CeMg14Ga
_symmetry_space_group_name_H-M   'P 1'
_cell_length_a   6.50803506
_cell_length_b   6.33430095
_cell_length_c   10.30121009
_cell_angle_alpha   90.00000000
_cell_angle_beta   90.00000000
_cell_angle_gamma   119.12079146
_symmetry_Int_Tables_number   1
_chemical_formula_structural   CeMg14Ga
_chemical_formula_sum   'Ce1 Mg14 Ga1'
_cell_volume   370.97727065
_cell_formula_units_Z   1
loop_
 _symmetry_equiv_pos_site_id
 _symmetry_equiv_pos_as_xyz
  1  'x, y, z'
loop_
 _atom_site_type_symbol
 _atom_site_label
 _atom_site_symmetry_multiplicity
 _atom_site_fract_x
 _atom_site_fract_y
 _atom_site_fract_z
 _atom_site_occupancy
  Ce  Ce0  1  0.84925000  0.32513187  0.83432999  1
  Mg  Mg1  1  0.16512472  0.33256186  0.62500000  1
  Mg  Mg2  1  0.16053743  0.83026821  0.62500000  1
  Mg  Mg3  1  0.64670726  0.31519323  0.12500000  1
  Mg  Mg4  1  0.66580005  0.33703209  0.62500000  1
  Mg  Mg5  1  0.98811000  0.83151302  0.98312999  1
  Mg  Mg6  1  0.66580005  0.82876695  0.62500000  1
  Mg  Mg7  1  0.29978000  0.16659697  0.88568000  1
  Mg  Mg8  1  0.33744916  0.16659697  0.86986718  1
  Mg  Mg9  1  0.33744916  0.67085320  0.38013282  1
  Mg  Mg10  1  0.33744916  0.67085320  0.86986718  1
  Mg  Mg11  1  0.09778000  0.16572482  0.17076800  1
  Mg  Mg12  1  0.83144863  0.16572482  0.86549973  1
  Mg  Mg13  1  0.46550400  0.67299658  0.05011400  1
  Mg  Mg14  1  0.84599216  0.67299658  0.89158605  1
  Ga  Ga15  1  0.19438027  0.84718963  0.12500000  1
</cif>
","data_image0
_chemical_formula_structural       CeMg14Ga
_chemical_formula_sum              ""Ce1 Mg14 Ga1""
_cell_length_a       6.50803506
_cell_length_b       6.33430095
_cell_length_c       10.30121009
_cell_angle_alpha    90.0
_cell_angle_beta     90.0
_cell_angle_gamma    119.12079146

_space_group_name_H-M_alt    ""P 1""
_space_group_IT_number       1

loop_
  _space_group_symop_operation_xyz
  'x, y, z'

loop_
  _atom_site_type_symbol
  _atom_site_label
  _atom_site_symmetry_multiplicity
  _atom_site_fract_x
  _atom_site_fract_y
  _atom_site_fract_z
  _atom_site_occupancy
  Ce  Ce1       1.0  0.8495541820973995  0.32513187  0.8341834542390342  1.0000
  Mg  Mg1       1.0  0.16512472  0.33256186  0.625  1.0000
  Mg  Mg2       1.0  0.16053743  0.83026821  0.625  1.0000
  Mg  Mg3       1.0  0.64670726  0.31519323  0.125  1.0000
  Mg  Mg4       1.0  0.66580005  0.33703209  0.625  1.0000
  Mg  Mg5       1.0  0.987959606624821  0.83151302  0.9830819024502725  1.0000
  Mg  Mg6       1.0  0.66580005  0.82876695  0.625  1.0000
  Mg  Mg7       1.0  0.2998343348115133  0.16659696999999998  0.8855102209437873  1.0000
  Mg  Mg8       1.0  0.5878202134538102  0.16659696999999998  0.6918842702515766  1.0000
  Mg  Mg9       1.0  0.3374491600000001  0.6708532  0.38013282000000004  1.0000
  Mg  Mg10      1.0  0.3374491600000001  0.6708532  0.86986718  1.0000
  Mg  Mg11      1.0  0.09759591797504405  0.16572481999999997  0.1706902489879644  1.0000
  Mg  Mg12      1.0  0.3982812775127538  0.16572481999999997  0.9805178099437853  1.0000
  Mg  Mg13      1.0  0.4650443974430838  0.6729965800000001  0.05001245281486815  1.0000
  Mg  Mg14      1.0  0.6898770918165363  0.6729965800000001  0.8392125515274386  1.0000
  Ga  Ga1       1.0  0.17715700561188163  0.8471896300000002  0.716288364714134  1.0000
"
"# generated using pymatgen
data_KSrMg14
_symmetry_space_group_name_H-M   'P 1'
_cell_length_a   6.72503465
_cell_length_b   6.65486038
_cell_length_c   10.80962593
_cell_angle_alpha   90.00000000
_cell_angle_beta   90.00000000
_cell_angle_gamma   119.65542222
_symmetry_Int_Tables_number   1
_chemical_formula_structural   KSrMg14
_chemical_formula_sum   'K1 Sr1 Mg14'
_cell_volume   420.40926498
_cell_formula_units_Z   1
loop_
 _symmetry_equiv_pos_site_id
 _symmetry_equiv_pos_as_xyz
  1  'x, y, z'
loop_
 _atom_site_type_symbol
 _atom_site_label
 _atom_site_symmetry_multiplicity
 _atom_site_fract_x
 _atom_site_fract_y
 _atom_site_fract_z
 _atom_site_occupancy
  K  K0  1  0.16898949  0.33449424  0.12500000  1
  Sr  Sr1  1  0.17009702  0.83504801  0.12500000  1
  Mg  Mg2  1  0.16554043  0.33276972  0.62500000  1
  Mg  Mg3  1  0.16594397  0.83297149  0.62500000  1
  Mg  Mg4  1  0.66372160  0.33445761  0.12500000  1
  Mg  Mg5  1  0.66708390  0.33267948  0.62500000  1
  Mg  Mg6  1  0.66372160  0.82926300  0.12500000  1
  Mg  Mg7  1  0.66708390  0.83440343  0.62500000  1
  Mg  Mg8  1  0.34386518  0.17069805  0.39493393  1
  Mg  Mg9  1  0.34386518  0.17069805  0.85506607  1
  Mg  Mg10  1  0.34386518  0.67316812  0.39493393  1
  Mg  Mg11  1  0.34386518  0.67316812  0.85506607  1
  Mg  Mg12  1  0.82212171  0.16106136  0.38259906  1
  Mg  Mg13  1  0.82212171  0.16106136  0.86740094  1
  Mg  Mg14  1  0.82405697  0.66202899  0.38159878  1
  Mg  Mg15  1  0.82405697  0.66202899  0.86840122  1
",Rotate all surrounding atoms within 3.4238698559326246 angstrom of the center atom at index 5 by 80.79848369692145 degree around the axis [0. 1. 0.] in the cif file. The rotation should following the right-hand rule.,"<cif>
# generated using pymatgen
data_KSrMg14
_symmetry_space_group_name_H-M   'P 1'
_cell_length_a   6.72503465
_cell_length_b   6.65486038
_cell_length_c   10.80962593
_cell_angle_alpha   90.00000000
_cell_angle_beta   90.00000000
_cell_angle_gamma   119.65542222
_symmetry_Int_Tables_number   1
_chemical_formula_structural   KSrMg14
_chemical_formula_sum   'K1 Sr1 Mg14'
_cell_volume   420.40926498
_cell_formula_units_Z   1
loop_
 _symmetry_equiv_pos_site_id
 _symmetry_equiv_pos_as_xyz
  1  'x, y, z'
loop_
 _atom_site_type_symbol
 _atom_site_label
 _atom_site_symmetry_multiplicity
 _atom_site_fract_x
 _atom_site_fract_y
 _atom_site_fract_z
 _atom_site_occupancy
  K  K0  1  0.58483000  0.33455000  0.42878000  1
  Sr  Sr1  1  0.86890000  0.83550000  0.27800000  1
  Mg  Mg2  1  0.16554043  0.33276972  0.62500000  1
  Mg  Mg3  1  0.16594397  0.83297149  0.62500000  1
  Mg  Mg4  1  0.66372160  0.33445761  0.12500000  1
  Mg  Mg5  1  0.66708390  0.33267948  0.62500000  1
  Mg  Mg6  1  0.86700000  0.82950000  0.27370000  1
  Mg  Mg7  1  0.66708390  0.83440343  0.62500000  1
  Mg  Mg8  1  0.34386518  0.17069805  0.39493393  1
  Mg  Mg9  1  0.34386518  0.17069805  0.85506607  1
  Mg  Mg10  1  0.34386518  0.67316812  0.39493393  1
  Mg  Mg11  1  0.34386518  0.67316812  0.85506607  1
  Mg  Mg12  1  0.02670000  0.16100000  0.01690000  1
  Mg  Mg13  1  0.20840000  0.16100000  0.93450000  1
  Mg  Mg14  1  0.23140000  0.66160000  0.16580000  1
  Mg  Mg15  1  0.41720000  0.66160000  0.08380000  1
</cif>","data_image0
_chemical_formula_structural       KSrMg14
_chemical_formula_sum              ""K1 Sr1 Mg14""
_cell_length_a       6.72503465
_cell_length_b       6.65486038
_cell_length_c       10.80962593
_cell_angle_alpha    90.0
_cell_angle_beta     90.0
_cell_angle_gamma    119.65542222

_space_group_name_H-M_alt    ""P 1""
_space_group_IT_number       1

loop_
  _space_group_symop_operation_xyz
  'x, y, z'

loop_
  _atom_site_type_symbol
  _atom_site_label
  _atom_site_symmetry_multiplicity
  _atom_site_fract_x
  _atom_site_fract_y
  _atom_site_fract_z
  _atom_site_occupancy
  K   K1        1.0  0.16898949  0.33449424  0.125  1.0000
  Sr  Sr1       1.0  0.17009702  0.83504801  0.125  1.0000
  Mg  Mg1       1.0  0.5869205500747563  0.33276972  0.9330391697395927  1.0000
  Mg  Mg2       1.0  0.7927310576767559  0.8329714900000001  0.08319668487728404  1.0000
  Mg  Mg3       1.0  0.6637216  0.33445761  0.125  1.0000
  Mg  Mg4       1.0  0.6670839000000001  0.33267948  0.6249999999999999  1.0000
  Mg  Mg5       1.0  0.6637216  0.829263  0.125  1.0000
  Mg  Mg6       1.0  0.873455990771566  0.83440343  0.7758630437701215  1.0000
  Mg  Mg7       1.0  0.1837287503618952  0.17069805  0.7380024248948788  1.0000
  Mg  Mg8       1.0  0.9138146385656708  0.17069805  0.8115809184221225  1.0000
  Mg  Mg9       1.0  0.34386518  0.67316812  0.39493393  1.0000
  Mg  Mg10      1.0  0.34386518  0.67316812  0.8550660699999998  1.0000
  Mg  Mg11      1.0  0.2366700621732658  0.16106136  0.4394214722281706  1.0000
  Mg  Mg12      1.0  0.005899117032724943  0.16106136  0.5169448375587812  1.0000
  Mg  Mg13      1.0  0.44145338939616685  0.66202899  0.588708648628357  1.0000
  Mg  Mg14      1.0  0.21385670768461584  0.66202899  0.666551918130432  1.0000
"
"# generated using pymatgen
data_Mg14NbCu
_symmetry_space_group_name_H-M   'P 1'
_cell_length_a   6.29469896
_cell_length_b   6.26323906
_cell_length_c   9.92812979
_cell_angle_alpha   89.99938641
_cell_angle_beta   90.00080581
_cell_angle_gamma   119.83385010
_symmetry_Int_Tables_number   1
_chemical_formula_structural   Mg14NbCu
_chemical_formula_sum   'Mg14 Nb1 Cu1'
_cell_volume   339.54450833
_cell_formula_units_Z   1
loop_
 _symmetry_equiv_pos_site_id
 _symmetry_equiv_pos_as_xyz
  1  'x, y, z'
loop_
 _atom_site_type_symbol
 _atom_site_label
 _atom_site_symmetry_multiplicity
 _atom_site_fract_x
 _atom_site_fract_y
 _atom_site_fract_z
 _atom_site_occupancy
  Mg  Mg0  1  0.16810778  0.33404424  0.62500068  1
  Mg  Mg1  1  0.16927187  0.83463814  0.62499550  1
  Mg  Mg2  1  0.66209034  0.33744955  0.12500013  1
  Mg  Mg3  1  0.66542147  0.33201346  0.62500053  1
  Mg  Mg4  1  0.66213015  0.82464549  0.12499904  1
  Mg  Mg5  1  0.66545097  0.83341901  0.62499932  1
  Mg  Mg6  1  0.32580564  0.16234113  0.36227337  1
  Mg  Mg7  1  0.32581530  0.16234411  0.88772021  1
  Mg  Mg8  1  0.32580604  0.66347435  0.36228113  1
  Mg  Mg9  1  0.32581329  0.66348386  0.88771195  1
  Mg  Mg10  1  0.84382411  0.17192563  0.36385713  1
  Mg  Mg11  1  0.84384280  0.17193867  0.88617533  1
  Mg  Mg12  1  0.84345976  0.67173675  0.37221632  1
  Mg  Mg13  1  0.84346528  0.67173770  0.87777307  1
  Nb  Nb14  1  0.15732632  0.82861036  0.12499695  1
  Cu  Cu15  1  0.17236889  0.33619755  0.12499935  1
",Rotate all surrounding atoms within 3.331235449986973 angstrom of the center atom at index 7 by 190.80550623712563 degree around the axis [0. 1. 0.] in the cif file. The rotation should following the right-hand rule.,"<cif>
# generated using pymatgen
data_Mg14NbCu
_symmetry_space_group_name_H-M   'P 1'
_cell_length_a   6.29469896
_cell_length_b   6.26323906
_cell_length_c   9.92812979
_cell_angle_alpha   89.99938641
_cell_angle_beta   90.00080581
_cell_angle_gamma   119.83385010
_symmetry_Int_Tables_number   1
_chemical_formula_structural   Mg14NbCu
_chemical_formula_sum   'Mg14 Nb1 Cu1'
_cell_volume   339.54450833
_cell_formula_units_Z   1
loop_
 _symmetry_equiv_pos_site_id
 _symmetry_equiv_pos_as_xyz
  1  'x, y, z'
loop_
 _atom_site_type_symbol
 _atom_site_label
 _atom_site_symmetry_multiplicity
 _atom_site_fract_x
 _atom_site_fract_y
 _atom_site_fract_z
 _atom_site_occupancy
  Mg  Mg0  1  0.72701630  0.33404000  0.11692200  1
  Mg  Mg1  1  0.16927187  0.83463814  0.62499550  1
  Mg  Mg2  1  0.66209034  0.33744955  0.12500013  1
  Mg  Mg3  1  0.23644000  0.33200900  0.17615800  1
  Mg  Mg4  1  0.66213015  0.82464549  0.12499904  1
  Mg  Mg5  1  0.66545097  0.83341901  0.62499932  1
  Mg  Mg6  1  0.32580564  0.16234113  0.36227337  1
  Mg  Mg7  1  0.32581530  0.16234411  0.88772021  1
  Mg  Mg8  1  0.32580604  0.66347435  0.36228113  1
  Mg  Mg9  1  0.81786270  0.66348400  0.85816600  1
  Mg  Mg10  1  0.84382411  0.17192563  0.36385713  1
  Mg  Mg11  1  0.82690000  0.17193900  0.95017500  1
  Mg  Mg12  1  0.84345976  0.67173675  0.37221632  1
  Mg  Mg13  1  0.32028400  0.67173800  0.92902900  1
  Nb  Nb14  1  0.15732632  0.82861036  0.12499695  1
  Cu  Cu15  1  0.17236889  0.33619755  0.12499935  1
</cif>
","data_image0
_chemical_formula_structural       Mg14NbCu
_chemical_formula_sum              ""Mg14 Nb1 Cu1""
_cell_length_a       6.29469896
_cell_length_b       6.263239059999999
_cell_length_c       9.928129790000002
_cell_angle_alpha    89.99938641
_cell_angle_beta     90.00080581
_cell_angle_gamma    119.8338501

_space_group_name_H-M_alt    ""P 1""
_space_group_IT_number       1

loop_
  _space_group_symop_operation_xyz
  'x, y, z'

loop_
  _atom_site_type_symbol
  _atom_site_label
  _atom_site_symmetry_multiplicity
  _atom_site_fract_x
  _atom_site_fract_y
  _atom_site_fract_z
  _atom_site_occupancy
  Mg  Mg1       1.0  0.7268839203378061  0.33404039293085075  0.11693388189147669  1.0000
  Mg  Mg2       1.0  0.21693603702138065  0.8346345221073724  0.08762339552713994  1.0000
  Mg  Mg3       1.0  0.3928441077220981  0.33743749431558934  0.6665870376072862  1.0000
  Mg  Mg4       1.0  0.2363964603810805  0.332009149712289  0.17616650922228216  1.0000
  Mg  Mg5       1.0  0.66213015  0.8246454900000001  0.12499904  1.0000
  Mg  Mg6       1.0  0.6654509700000002  0.83341901  0.62499932  1.0000
  Mg  Mg7       1.0  0.32580564  0.16234113  0.3622733700000001  1.0000
  Mg  Mg8       1.0  0.32581530000000003  0.16234411  0.88772021  1.0000
  Mg  Mg9       1.0  0.3258060400000001  0.66347435  0.36228113  1.0000
  Mg  Mg10      1.0  0.8175493493468657  0.6634840904638954  0.8582420243006816  1.0000
  Mg  Mg11      1.0  0.8438241100000001  0.17192563  0.36385713000000003  1.0000
  Mg  Mg12      1.0  0.8268451429902337  0.17193816892956915  0.9502483091608565  1.0000
  Mg  Mg13      1.0  0.84345976  0.67173675  0.37221632  1.0000
  Mg  Mg14      1.0  0.3201144610761267  0.6717372990020242  0.9290495640181254  1.0000
  Nb  Nb1       1.0  0.37059619040695857  0.8285989994720673  0.5776926682965817  1.0000
  Cu  Cu1       1.0  0.8726530975622776  0.33618594895179876  0.608450924569792  1.0000
"
"# generated using pymatgen
data_Mg14ZrNb
_symmetry_space_group_name_H-M   'P 1'
_cell_length_a   6.43094577
_cell_length_b   6.14600844
_cell_length_c   10.17707383
_cell_angle_alpha   90.00000000
_cell_angle_beta   90.00000000
_cell_angle_gamma   118.54484587
_symmetry_Int_Tables_number   1
_chemical_formula_structural   Mg14ZrNb
_chemical_formula_sum   'Mg14 Zr1 Nb1'
_cell_volume   353.34967222
_cell_formula_units_Z   1
loop_
 _symmetry_equiv_pos_site_id
 _symmetry_equiv_pos_as_xyz
  1  'x, y, z'
loop_
 _atom_site_type_symbol
 _atom_site_label
 _atom_site_symmetry_multiplicity
 _atom_site_fract_x
 _atom_site_fract_y
 _atom_site_fract_z
 _atom_site_occupancy
  Mg  Mg0  1  0.16553346  0.33276623  0.62500000  1
  Mg  Mg1  1  0.16375525  0.83187712  0.62500000  1
  Mg  Mg2  1  0.65705659  0.32653264  0.12500000  1
  Mg  Mg3  1  0.66415802  0.33320862  0.62500000  1
  Mg  Mg4  1  0.65705659  0.83052295  0.12500000  1
  Mg  Mg5  1  0.66415802  0.83094840  0.62500000  1
  Mg  Mg6  1  0.33446651  0.16355624  0.37067022  1
  Mg  Mg7  1  0.33446651  0.16355624  0.87932978  1
  Mg  Mg8  1  0.33446651  0.67091127  0.37067022  1
  Mg  Mg9  1  0.33446651  0.67091127  0.87932978  1
  Mg  Mg10  1  0.83997046  0.16998573  0.37492926  1
  Mg  Mg11  1  0.83997046  0.16998573  0.87507074  1
  Mg  Mg12  1  0.84600130  0.67300115  0.36754180  1
  Mg  Mg13  1  0.84600130  0.67300115  0.88245820  1
  Zr  Zr14  1  0.15838988  0.32919444  0.12500000  1
  Nb  Nb15  1  0.16008261  0.83004080  0.12500000  1
",Rotate all surrounding atoms within 3.6732726479779205 angstrom of the center atom at index 13 by 314.1319589867571 degree around the axis [-1.  0.  0.] in the cif file. The rotation should following the right-hand rule.,"<cif>
# generated using pymatgen
data_Mg14ZrNb
_symmetry_space_group_name_H-M   'P 1'
_cell_length_a   6.43094577
_cell_length_b   6.14600844
_cell_length_c   10.17707383
_cell_angle_alpha   90.00000000
_cell_angle_beta   90.00000000
_cell_angle_gamma   118.54484587
_symmetry_Int_Tables_number   1
_chemical_formula_structural   Mg14ZrNb
_chemical_formula_sum   'Mg14 Zr1 Nb1'
_cell_volume   353.34967222
_cell_formula_units_Z   1
loop_
 _symmetry_equiv_pos_site_id
 _symmetry_equiv_pos_as_xyz
  1  'x, y, z'
loop_
 _atom_site_type_symbol
 _atom_site_label
 _atom_site_symmetry_multiplicity
 _atom_site_fract_x
 _atom_site_fract_y
 _atom_site_fract_z
 _atom_site_occupancy
  Mg  Mg0  1  0.16553346  0.33276623  0.62500000  1
  Mg  Mg1  1  0.30160380  0.13211695  0.76394386  1
  Mg  Mg2  1  0.55514499  0.10317391  0.91935800  1
  Mg  Mg3  1  0.87109400  0.78544900  0.57423800  1
  Mg  Mg4  1  0.48523100  0.45476900  0.11126300  1
  Mg  Mg5  1  0.80243000  0.13190000  0.76327300  1
  Mg  Mg6  1  0.33446651  0.16355624  0.37067022  1
  Mg  Mg7  1  0.26838400  0.01859000  0.06703700  1
  Mg  Mg8  1  0.33446651  0.67091127  0.37067022  1
  Mg  Mg9  1  0.33697700  0.67602200  0.87965300  1
  Mg  Mg10  1  0.83997046  0.16998573  0.37492926  1
  Mg  Mg11  1  0.77547800  0.02830000  0.06660000  1
  Mg  Mg12  1  0.84600130  0.67300115  0.36754180  1
  Mg  Mg13  1  0.84600130  0.67300115  0.88245820  1
  Zr  Zr14  1  0.15838988  0.32919444  0.12500000  1
  Nb  Nb15  1  0.98800000  0.45408500  0.11160000  1
</cif>
","data_image0
_chemical_formula_structural       Mg14ZrNb
_chemical_formula_sum              ""Mg14 Zr1 Nb1""
_cell_length_a       6.43094577
_cell_length_b       6.14600844
_cell_length_c       10.17707383
_cell_angle_alpha    90.0
_cell_angle_beta     90.0
_cell_angle_gamma    118.54484587

_space_group_name_H-M_alt    ""P 1""
_space_group_IT_number       1

loop_
  _space_group_symop_operation_xyz
  'x, y, z'

loop_
  _atom_site_type_symbol
  _atom_site_label
  _atom_site_symmetry_multiplicity
  _atom_site_fract_x
  _atom_site_fract_y
  _atom_site_fract_z
  _atom_site_occupancy
  Mg  Mg1       1.0  0.16553345999999997  0.33276623  0.625  1.0000
  Mg  Mg2       1.0  0.3007939783026297  0.1319568300829388  0.7636800664485884  1.0000
  Mg  Mg3       1.0  0.17310848429707382  0.4565540926687608  0.22310908547338135  1.0000
  Mg  Mg4       1.0  0.8703550731424693  0.7847273453511691  0.5738076493984404  1.0000
  Mg  Mg5       1.0  0.10321209907299878  0.8074892242263081  0.4150078284851284  1.0000
  Mg  Mg6       1.0  0.8013255487370772  0.1313101500398639  0.7633264481407089  1.0000
  Mg  Mg7       1.0  0.33446651  0.16355624  0.37067022  1.0000
  Mg  Mg8       1.0  0.4070522908949567  0.3225005060253024  0.686304209763561  1.0000
  Mg  Mg9       1.0  0.33446651  0.67091127  0.37067022  1.0000
  Mg  Mg10      1.0  0.3366892662124941  0.6757785367069508  0.879484099507249  1.0000
  Mg  Mg11      1.0  0.8399704599999999  0.16998573  0.37492926  1.0000
  Mg  Mg12      1.0  0.9142960425702142  0.33273971601307284  0.685786668635633  1.0000
  Mg  Mg13      1.0  0.8460013  0.67300115  0.3675418  1.0000
  Mg  Mg14      1.0  0.8460013  0.67300115  0.8824582000000002  1.0000
  Zr  Zr1       1.0  0.15838987999999996  0.32919444  0.125  1.0000
  Nb  Nb1       1.0  0.6063049865136364  0.807153496792024  0.4148242456322297  1.0000
"
"# generated using pymatgen
data_YMg14Ga
_symmetry_space_group_name_H-M   'P 1'
_cell_length_a   6.47831710
_cell_length_b   6.26367305
_cell_length_c   10.37809344
_cell_angle_alpha   90.00000000
_cell_angle_beta   90.00000000
_cell_angle_gamma   118.90990617
_symmetry_Int_Tables_number   1
_chemical_formula_structural   YMg14Ga
_chemical_formula_sum   'Y1 Mg14 Ga1'
_cell_volume   368.64296747
_cell_formula_units_Z   1
loop_
 _symmetry_equiv_pos_site_id
 _symmetry_equiv_pos_as_xyz
  1  'x, y, z'
loop_
 _atom_site_type_symbol
 _atom_site_label
 _atom_site_symmetry_multiplicity
 _atom_site_fract_x
 _atom_site_fract_y
 _atom_site_fract_z
 _atom_site_occupancy
  Y  Y0  1  0.15175835  0.32587867  0.12500000  1
  Mg  Mg1  1  0.16651580  0.33325740  0.62500000  1
  Mg  Mg2  1  0.16147090  0.83073495  0.62500000  1
  Mg  Mg3  1  0.64965758  0.31846769  0.12500000  1
  Mg  Mg4  1  0.66539049  0.33670727  0.62500000  1
  Mg  Mg5  1  0.64965758  0.83118890  0.12500000  1
  Mg  Mg6  1  0.66539049  0.82868221  0.62500000  1
  Mg  Mg7  1  0.33686515  0.16635705  0.37936254  1
  Mg  Mg8  1  0.33686515  0.16635705  0.87063746  1
  Mg  Mg9  1  0.33686515  0.67050910  0.37936254  1
  Mg  Mg10  1  0.33686515  0.67050910  0.87063746  1
  Mg  Mg11  1  0.83287568  0.16643834  0.38420127  1
  Mg  Mg12  1  0.83287568  0.16643834  0.86579873  1
  Mg  Mg13  1  0.84414022  0.67207061  0.36209262  1
  Mg  Mg14  1  0.84414022  0.67207061  0.88790738  1
  Ga  Ga15  1  0.18866644  0.84433272  0.12500000  1
",Rotate all surrounding atoms within 3.6195830562226297 angstrom of the center atom at index 8 by 207.43322540606354 degree around the axis [0. 0. 1.] in the cif file. The rotation should following the right-hand rule.,"<cif>
# generated using pymatgen
data_YMg14Ga
_symmetry_space_group_name_H-M   'P 1'
_cell_length_a   6.47831710
_cell_length_b   6.26367305
_cell_length_c   10.37809344
_cell_angle_alpha   90.00000000
_cell_angle_beta   90.00000000
_cell_angle_gamma   118.90990617
_symmetry_Int_Tables_number   1
_chemical_formula_structural   YMg14Ga
_chemical_formula_sum   'Y1 Mg14 Ga1'
_cell_volume   368.64296747
_cell_formula_units_Z   1
loop_
 _symmetry_equiv_pos_site_id
 _symmetry_equiv_pos_as_xyz
  1  'x, y, z'
loop_
 _atom_site_type_symbol
 _atom_site_label
 _atom_site_symmetry_multiplicity
 _atom_site_fract_x
 _atom_site_fract_y
 _atom_site_fract_z
 _atom_site_occupancy
  Y  Y0  1  0.62900000  0.16570000  0.12500000  1
  Mg  Mg1  1  0.61600000  0.15330000  0.62500000  1
  Mg  Mg2  1  0.36670000  0.47470000  0.62500000  1
  Mg  Mg3  1  0.52400000  0.89980000  0.12500000  1
  Mg  Mg4  1  0.51500000  0.87950000  0.62500000  1
  Mg  Mg5  1  0.64965758  0.83118890  0.12500000  1
  Mg  Mg6  1  0.66539049  0.82868221  0.62500000  1
  Mg  Mg7  1  0.33686515  0.16635705  0.37936254  1
  Mg  Mg8  1  0.33686515  0.16635705  0.87063746  1
  Mg  Mg9  1  0.08460000  0.48000000  0.37936254  1
  Mg  Mg10  1  0.33686515  0.67050910  0.87063746  1
  Mg  Mg11  1  0.23750000  0.89640000  0.38420127  1
  Mg  Mg12  1  0.83287568  0.16643834  0.86579873  1
  Mg  Mg13  1  0.64700000  0.74730000  0.36209262  1
  Mg  Mg14  1  0.84414022  0.67207061  0.88790738  1
  Ga  Ga15  1  0.34200000  0.45100000  0.12500000  1
</cif>
","data_image0
_chemical_formula_structural       YMg14Ga
_chemical_formula_sum              ""Y1 Mg14 Ga1""
_cell_length_a       6.4783171
_cell_length_b       6.2636730499999995
_cell_length_c       10.37809344
_cell_angle_alpha    90.0
_cell_angle_beta     90.0
_cell_angle_gamma    118.90990617

_space_group_name_H-M_alt    ""P 1""
_space_group_IT_number       1

loop_
  _space_group_symop_operation_xyz
  'x, y, z'

loop_
  _atom_site_type_symbol
  _atom_site_label
  _atom_site_symmetry_multiplicity
  _atom_site_fract_x
  _atom_site_fract_y
  _atom_site_fract_z
  _atom_site_occupancy
  Y   Y1        1.0  0.6294282936042235  0.16612180842007168  0.12500000000000017  1.0000
  Mg  Mg1       1.0  0.6163303448203558  0.1534171860897365  0.625  1.0000
  Mg  Mg2       1.0  0.8752399259912391  0.841202147977818  0.625  1.0000
  Mg  Mg3       1.0  0.05706595040345961  0.8997887885056051  0.12500000000000017  1.0000
  Mg  Mg4       1.0  0.04838074073509529  0.8796770055150123  0.625  1.0000
  Mg  Mg5       1.0  0.64965758  0.8311889  0.125  1.0000
  Mg  Mg6       1.0  0.6653904899999998  0.82868221  0.625  1.0000
  Mg  Mg7       1.0  0.33686515  0.16635705  0.37936254  1.0000
  Mg  Mg8       1.0  0.33686515  0.16635705  0.8706374599999999  1.0000
  Mg  Mg9       1.0  0.33686515  0.6705091  0.37936254  1.0000
  Mg  Mg10      1.0  0.5934099668549409  0.8471701505616136  0.8706374599999999  1.0000
  Mg  Mg11      1.0  0.83287568  0.16643834  0.38420127  1.0000
  Mg  Mg12      1.0  0.7704722114872367  0.8963086410603098  0.86579873  1.0000
  Mg  Mg13      1.0  0.84414022  0.67207061  0.36209262  1.0000
  Mg  Mg14      1.0  0.014906375068360948  0.5700528829059452  0.88790738  1.0000
  Ga  Ga1       1.0  0.8511025676221593  0.8177896357429927  0.12500000000000017  1.0000
"
"# generated using pymatgen
data_LiMg14Zn
_symmetry_space_group_name_H-M   'P 1'
_cell_length_a   6.32435267
_cell_length_b   6.34051792
_cell_length_c   10.15608974
_cell_angle_alpha   90.00000000
_cell_angle_beta   90.00000000
_cell_angle_gamma   120.08459417
_symmetry_Int_Tables_number   1
_chemical_formula_structural   LiMg14Zn
_chemical_formula_sum   'Li1 Mg14 Zn1'
_cell_volume   352.39289220
_cell_formula_units_Z   1
loop_
 _symmetry_equiv_pos_site_id
 _symmetry_equiv_pos_as_xyz
  1  'x, y, z'
loop_
 _atom_site_type_symbol
 _atom_site_label
 _atom_site_symmetry_multiplicity
 _atom_site_fract_x
 _atom_site_fract_y
 _atom_site_fract_z
 _atom_site_occupancy
  Li  Li0  1  0.16465482  0.83232691  0.12500000  1
  Mg  Mg1  1  0.16776354  0.33388127  0.62500000  1
  Mg  Mg2  1  0.16793737  0.83396819  0.62500000  1
  Mg  Mg3  1  0.66937456  0.33703579  0.12500000  1
  Mg  Mg4  1  0.66582678  0.33270714  0.62500000  1
  Mg  Mg5  1  0.66937456  0.83233777  0.12500000  1
  Mg  Mg6  1  0.66582678  0.83311865  0.62500000  1
  Mg  Mg7  1  0.32915115  0.16656697  0.36768643  1
  Mg  Mg8  1  0.32915115  0.16656697  0.88231357  1
  Mg  Mg9  1  0.32915115  0.66258518  0.36768643  1
  Mg  Mg10  1  0.32915115  0.66258518  0.88231357  1
  Mg  Mg11  1  0.83727838  0.16863969  0.36978368  1
  Mg  Mg12  1  0.83727838  0.16863969  0.88021632  1
  Mg  Mg13  1  0.83436570  0.66718335  0.37514166  1
  Mg  Mg14  1  0.83436570  0.66718335  0.87485834  1
  Zn  Zn15  1  0.16934880  0.33467390  0.12500000  1
",Rotate all surrounding atoms within 3.408098386294865 angstrom of the center atom at index 10 by 268.3562149703016 degree around the axis [ 0. -1.  0.] in the cif file. The rotation should following the right-hand rule.,"<cif>
# generated using pymatgen
data_LiMg14Zn
_symmetry_space_group_name_H-M   'P 1'
_cell_length_a   6.32435267
_cell_length_b   6.34051792
_cell_length_c   10.15608974
_cell_angle_alpha   90.00000000
_cell_angle_beta   90.00000000
_cell_angle_gamma   120.08459417
_symmetry_Int_Tables_number   1
_chemical_formula_structural   LiMg14Zn
_chemical_formula_sum   'Li1 Mg14 Zn1'
_cell_volume   352.39289220
_cell_formula_units_Z   1
loop_
 _symmetry_equiv_pos_site_id
 _symmetry_equiv_pos_as_xyz
  1  'x, y, z'
loop_
 _atom_site_type_symbol
 _atom_site_label
 _atom_site_symmetry_multiplicity
 _atom_site_fract_x
 _atom_site_fract_y
 _atom_site_fract_z
 _atom_site_occupancy
  Li  Li0  1  0.16465482  0.83232691  0.12500000  1
  Mg  Mg1  1  0.75143800  0.33388127  0.88728000  1
  Mg  Mg2  1  0.00864000  0.83396819  0.04320000  1
  Mg  Mg3  1  0.66937456  0.33703579  0.12500000  1
  Mg  Mg4  1  0.66582678  0.33270714  0.62500000  1
  Mg  Mg5  1  0.66937456  0.83233777  0.12500000  1
  Mg  Mg6  1  0.99540000  0.83311865  0.73320000  1
  Mg  Mg7  1  0.32915115  0.16656697  0.36768643  1
  Mg  Mg8  1  0.07393000  0.16656697  0.72748000  1
  Mg  Mg9  1  0.32915115  0.66258518  0.36768643  1
  Mg  Mg10  1  0.32915115  0.66258518  0.88231357  1
  Mg  Mg11  1  0.83727838  0.16863969  0.36978368  1
  Mg  Mg12  1  0.83727838  0.16863969  0.88021632  1
  Mg  Mg13  1  0.83436570  0.66718335  0.37514166  1
  Mg  Mg14  1  0.30707000  0.66718335  0.56970000  1
  Zn  Zn15  1  0.16934880  0.33467390  0.12500000  1
</cif>","data_image0
_chemical_formula_structural       LiMg14Zn
_chemical_formula_sum              ""Li1 Mg14 Zn1""
_cell_length_a       6.32435267
_cell_length_b       6.34051792
_cell_length_c       10.15608974
_cell_angle_alpha    90.0
_cell_angle_beta     90.0
_cell_angle_gamma    120.08459416999999

_space_group_name_H-M_alt    ""P 1""
_space_group_IT_number       1

loop_
  _space_group_symop_operation_xyz
  'x, y, z'

loop_
  _atom_site_type_symbol
  _atom_site_label
  _atom_site_symmetry_multiplicity
  _atom_site_fract_x
  _atom_site_fract_y
  _atom_site_fract_z
  _atom_site_occupancy
  Li  Li1       1.0  0.20597527690136241  0.83232691  0.05952879528400734  1.0000
  Mg  Mg1       1.0  0.7508065894996501  0.33388127  0.8873259007127914  1.0000
  Mg  Mg2       1.0  0.009334317541439869  0.83396819  0.04365620908732448  1.0000
  Mg  Mg3       1.0  0.66937456  0.33703579  0.125  1.0000
  Mg  Mg4       1.0  0.66582678  0.33270714  0.625  1.0000
  Mg  Mg5       1.0  0.19150274029378234  0.83233777  0.745364815862996  1.0000
  Mg  Mg6       1.0  0.994612906769128  0.83311865  0.7334746778820334  1.0000
  Mg  Mg7       1.0  0.32915115  0.16656697  0.36768643  1.0000
  Mg  Mg8       1.0  0.07272185917534635  0.16656697000000012  0.7271478441691606  1.0000
  Mg  Mg9       1.0  0.32915115  0.66258518  0.36768643  1.0000
  Mg  Mg10      1.0  0.32915115  0.66258518  0.8823135699999999  1.0000
  Mg  Mg11      1.0  0.83727838  0.16863969  0.36978368  1.0000
  Mg  Mg12      1.0  0.05585098273332933  0.16863969  0.4115679989203369  1.0000
  Mg  Mg13      1.0  0.8343657  0.66718335  0.37514166  1.0000
  Mg  Mg14      1.0  0.3050687413687705  0.66718335  0.5694904632236054  1.0000
  Zn  Zn1       1.0  0.9485661851518217  0.3346739  0.900929856606913  1.0000
"
"# generated using pymatgen
data_RbMg14Mn
_symmetry_space_group_name_H-M   'P 1'
_cell_length_a   6.49080386
_cell_length_b   6.49080332
_cell_length_c   10.42373207
_cell_angle_alpha   90.00000000
_cell_angle_beta   90.00000000
_cell_angle_gamma   120.00000275
_symmetry_Int_Tables_number   1
_chemical_formula_structural   RbMg14Mn
_chemical_formula_sum   'Rb1 Mg14 Mn1'
_cell_volume   380.32142782
_cell_formula_units_Z   1
loop_
 _symmetry_equiv_pos_site_id
 _symmetry_equiv_pos_as_xyz
  1  'x, y, z'
loop_
 _atom_site_type_symbol
 _atom_site_label
 _atom_site_symmetry_multiplicity
 _atom_site_fract_x
 _atom_site_fract_y
 _atom_site_fract_z
 _atom_site_occupancy
  Rb  Rb0  1  0.16666700  0.33333300  0.62500000  1
  Mg  Mg1  1  0.15491325  0.82745612  0.12500000  1
  Mg  Mg2  1  0.17729396  0.83864648  0.62500000  1
  Mg  Mg3  1  0.67254388  0.34508675  0.12500000  1
  Mg  Mg4  1  0.66135352  0.32270604  0.62500000  1
  Mg  Mg5  1  0.67254388  0.82745612  0.12500000  1
  Mg  Mg6  1  0.66135352  0.83864648  0.62500000  1
  Mg  Mg7  1  0.32950686  0.17049314  0.34255473  1
  Mg  Mg8  1  0.32950686  0.17049314  0.90744527  1
  Mg  Mg9  1  0.32950686  0.65901472  0.34255473  1
  Mg  Mg10  1  0.32950686  0.65901472  0.90744527  1
  Mg  Mg11  1  0.84098528  0.17049314  0.34255473  1
  Mg  Mg12  1  0.84098528  0.17049314  0.90744527  1
  Mg  Mg13  1  0.83333300  0.66666700  0.38361308  1
  Mg  Mg14  1  0.83333300  0.66666700  0.86638692  1
  Mn  Mn15  1  0.16666700  0.33333300  0.12500000  1
",Rotate all surrounding atoms within 3.4034635393817134 angstrom of the center atom at index 13 by 122.85309806754893 degree around the axis [ 0. -1.  0.] in the cif file. The rotation should following the right-hand rule.,"<cif>
# generated using pymatgen - modified by CIF operation assistant
data_RbMg14Mn
_symmetry_space_group_name_H-M   'P 1'
_cell_length_a   6.49080386
_cell_length_b   6.49080332
_cell_length_c   10.42373207
_cell_angle_alpha   90.00000000
_cell_angle_beta   90.00000000
_cell_angle_gamma   120.00000275
_symmetry_Int_Tables_number   1
_chemical_formula_structural   RbMg14Mn
_chemical_formula_sum   'Rb1 Mg14 Mn1'
_cell_volume   380.32142782
_cell_formula_units_Z   1
loop_
 _symmetry_equiv_pos_site_id
 _symmetry_equiv_pos_as_xyz
  1  'x, y, z'
loop_
 _atom_site_type_symbol
 _atom_site_label
 _atom_site_symmetry_multiplicity
 _atom_site_fract_x
 _atom_site_fract_y
 _atom_site_fract_z
 _atom_site_occupancy
  Rb  Rb0  1  0.16666700  0.33333300  0.62500000  1
  Mg  Mg1  1  0.43402800  0.82745500  0.85227700  1
  Mg  Mg2  1  0.10518000  0.83860000  0.13200000  1
  Mg  Mg3  1  0.32370000  0.34485000  0.72630000  1
  Mg  Mg4  1  0.98700000  0.32270000  0.99710000  1
  Mg  Mg5  1  0.69570000  0.82740000  0.60040000  1
  Mg  Mg6  1  0.38600000  0.83860000  0.86190000  1
  Mg  Mg7  1  0.32950686  0.17049314  0.34255473  1
  Mg  Mg8  1  0.32950686  0.17049314  0.90744527  1
  Mg  Mg9  1  0.32950686  0.65901472  0.34255473  1
  Mg  Mg10  1  0.50260000  0.65900000  0.10580000  1
  Mg  Mg11  1  0.84098528  0.17049314  0.34255473  1
  Mg  Mg12  1  0.39070000  0.17000000  0.97720000  1
  Mg  Mg13  1  0.83333300  0.66666700  0.38361308  1
  Mg  Mg14  1  0.83333300  0.66666700  0.86638692  1
  Mn  Mn15  1  0.16666700  0.33333300  0.12500000  1
</cif>
","data_image0
_chemical_formula_structural       RbMg14Mn
_chemical_formula_sum              ""Rb1 Mg14 Mn1""
_cell_length_a       6.49080386
_cell_length_b       6.4908033199999995
_cell_length_c       10.42373207
_cell_angle_alpha    90.0
_cell_angle_beta     90.0
_cell_angle_gamma    120.00000275000001

_space_group_name_H-M_alt    ""P 1""
_space_group_IT_number       1

loop_
  _space_group_symop_operation_xyz
  'x, y, z'

loop_
  _atom_site_type_symbol
  _atom_site_label
  _atom_site_symmetry_multiplicity
  _atom_site_fract_x
  _atom_site_fract_y
  _atom_site_fract_z
  _atom_site_occupancy
  Rb  Rb1       1.0  0.166667  0.333333  0.625  1.0000
  Mg  Mg1       1.0  0.6742637924257189  0.8274561200000001  0.1269687829672831  1.0000
  Mg  Mg2       1.0  0.9962137576005498  0.8386464800000001  0.8645058741743528  1.0000
  Mg  Mg3       1.0  0.021431693276068975  0.34508675  0.5239078295505301  1.0000
  Mg  Mg4       1.0  0.33570205732293584  0.32270604  0.25266434644903357  1.0000
  Mg  Mg5       1.0  0.39345592505139604  0.8274561200000001  0.3977432450754249  1.0000
  Mg  Mg6       1.0  0.7336177579670795  0.8386464800000001  0.11771918766645381  1.0000
  Mg  Mg7       1.0  0.7793721968529393  0.17049314  0.27210859014692  1.0000
  Mg  Mg8       1.0  0.32950686000000007  0.17049314  0.9074452700000001  1.0000
  Mg  Mg9       1.0  0.1561412804810498  0.65901472  0.1443348839768498  1.0000
  Mg  Mg10      1.0  0.32950686000000007  0.65901472  0.9074452700000001  1.0000
  Mg  Mg11      1.0  0.5019018231847735  0.17049314  0.5396648088649317  1.0000
  Mg  Mg12      1.0  0.8409852800000002  0.17049314  0.9074452700000001  1.0000
  Mg  Mg13      1.0  0.833333  0.666667  0.38361308  1.0000
  Mg  Mg14      1.0  0.833333  0.666667  0.8663869200000001  1.0000
  Mn  Mn1       1.0  0.166667  0.333333  0.125  1.0000
"
"# generated using pymatgen
data_Mg14AlC
_symmetry_space_group_name_H-M   'P 1'
_cell_length_a   6.21447074
_cell_length_b   6.21447026
_cell_length_c   9.95876286
_cell_angle_alpha   90.00000000
_cell_angle_beta   90.00000000
_cell_angle_gamma   120.00000254
_symmetry_Int_Tables_number   1
_chemical_formula_structural   Mg14AlC
_chemical_formula_sum   'Mg14 Al1 C1'
_cell_volume   333.07671538
_cell_formula_units_Z   1
loop_
 _symmetry_equiv_pos_site_id
 _symmetry_equiv_pos_as_xyz
  1  'x, y, z'
loop_
 _atom_site_type_symbol
 _atom_site_label
 _atom_site_symmetry_multiplicity
 _atom_site_fract_x
 _atom_site_fract_y
 _atom_site_fract_z
 _atom_site_occupancy
  Mg  Mg0  1  0.16914255  0.83457077  0.12500000  1
  Mg  Mg1  1  0.16153899  0.83076899  0.62500000  1
  Mg  Mg2  1  0.66542923  0.33085745  0.12500000  1
  Mg  Mg3  1  0.66923101  0.33846101  0.62500000  1
  Mg  Mg4  1  0.66542923  0.83457077  0.12500000  1
  Mg  Mg5  1  0.66923101  0.83076899  0.62500000  1
  Mg  Mg6  1  0.32729199  0.17270801  0.38625923  1
  Mg  Mg7  1  0.32729199  0.17270801  0.86374077  1
  Mg  Mg8  1  0.32729199  0.65458499  0.38625923  1
  Mg  Mg9  1  0.32729199  0.65458499  0.86374077  1
  Mg  Mg10  1  0.84541501  0.17270801  0.38625923  1
  Mg  Mg11  1  0.84541501  0.17270801  0.86374077  1
  Mg  Mg12  1  0.83333300  0.66666700  0.37408464  1
  Mg  Mg13  1  0.83333300  0.66666700  0.87591536  1
  Al  Al14  1  0.16666700  0.33333300  0.12500000  1
  C  C15  1  0.16666700  0.33333300  0.62500000  1
",Rotate all surrounding atoms within 3.7814368668422444 angstrom of the center atom at index 15 by 63.67778900307817 degree around the axis [1. 0. 0.] in the cif file. The rotation should following the right-hand rule.,"<cif>
# generated using pymatgen
data_Mg14AlC
_symmetry_space_group_name_H-M   'P 1'
_cell_length_a   6.21447074
_cell_length_b   6.21447026
_cell_length_c   9.95876286
_cell_angle_alpha   90.00000000
_cell_angle_beta   90.00000000
_cell_angle_gamma   120.00000254
_symmetry_Int_Tables_number   1
_chemical_formula_structural   Mg14AlC
_chemical_formula_sum   'Mg14 Al1 C1'
_cell_volume   333.07671538
_cell_formula_units_Z   1
loop_
 _symmetry_equiv_pos_site_id
 _symmetry_equiv_pos_as_xyz
  1  'x, y, z'
loop_
 _atom_site_type_symbol
 _atom_site_label
 _atom_site_symmetry_multiplicity
 _atom_site_fract_x
 _atom_site_fract_y
 _atom_site_fract_z
 _atom_site_occupancy
  Mg  Mg0  1  0.16914255  0.83457077  0.12500000  1
  Mg  Mg1  1  0.02309400  0.55388000  0.86601800  1
  Mg  Mg2  1  0.66542923  0.33085745  0.12500000  1
  Mg  Mg3  1  0.66761000  0.33562000  0.62770000  1
  Mg  Mg4  1  0.66542923  0.83457077  0.12500000  1
  Mg  Mg5  1  0.66923101  0.83076899  0.62500000  1
  Mg  Mg6  1  0.56993000  0.65798000  0.44130000  1
  Mg  Mg7  1  0.67405000  0.86630000  0.65310000  1
  Mg  Mg8  1  0.43587000  0.87162000  0.67476000  1
  Mg  Mg9  1  0.03995000  0.07990000  0.88665000  1
  Mg  Mg10  1  0.08805000  0.65798000  0.44130000  1
  Mg  Mg11  1  0.19220000  0.86630000  0.65310000  1
  Mg  Mg12  1  0.83333300  0.66666700  0.37408464  1
  Mg  Mg13  1  0.83333300  0.66666700  0.87591536  1
  Al  Al14  1  0.16666700  0.33333300  0.12500000  1
  C  C15  1  0.16666700  0.33333300  0.62500000  1
</cif>
","data_image0
_chemical_formula_structural       Mg14AlC
_chemical_formula_sum              ""Mg14 Al1 C1""
_cell_length_a       6.21447074
_cell_length_b       6.21447026
_cell_length_c       9.95876286
_cell_angle_alpha    90.0
_cell_angle_beta     90.0
_cell_angle_gamma    120.00000254

_space_group_name_H-M_alt    ""P 1""
_space_group_IT_number       1

loop_
  _space_group_symop_operation_xyz
  'x, y, z'

loop_
  _atom_site_type_symbol
  _atom_site_label
  _atom_site_symmetry_multiplicity
  _atom_site_fract_x
  _atom_site_fract_y
  _atom_site_fract_z
  _atom_site_occupancy
  Mg  Mg1       1.0  0.16914255000000009  0.83457077  0.125  1.0000
  Mg  Mg2       1.0  0.02310720134041025  0.5539054125548715  0.8659500495998965  1.0000
  Mg  Mg3       1.0  0.66542923  0.33085745  0.125  1.0000
  Mg  Mg4       1.0  0.6678039327260692  0.33560685545084007  0.6274839261506767  1.0000
  Mg  Mg5       1.0  0.66542923  0.83457077  0.125  1.0000
  Mg  Mg6       1.0  0.5307992213404101  0.5539054125548715  0.8659500495998965  1.0000
  Mg  Mg7       1.0  0.5699753432655934  0.658074716751987  0.44133370170584046  1.0000
  Mg  Mg8       1.0  0.1740095048506387  0.8661430395618168  0.653057938281918  1.0000
  Mg  Mg9       1.0  0.4358734817270238  0.8717479735528381  0.6747472153361034  1.0000
  Mg  Mg10      1.0  0.03990764331206904  0.0798162963626679  0.8864714519121809  1.0000
  Mg  Mg11      1.0  0.0880983632655934  0.658074716751987  0.44133370170584046  1.0000
  Mg  Mg12      1.0  0.6921325248506387  0.8661430395618168  0.653057938281918  1.0000
  Mg  Mg13      1.0  0.833333  0.666667  0.37408464  1.0000
  Mg  Mg14      1.0  0.833333  0.666667  0.87591536  1.0000
  Al  Al1       1.0  0.166667  0.333333  0.125  1.0000
  C   C1        1.0  0.166667  0.333333  0.625  1.0000
"
"# generated using pymatgen
data_RbMg14Ni
_symmetry_space_group_name_H-M   'P 1'
_cell_length_a   6.54263016
_cell_length_b   6.31817238
_cell_length_c   10.53997806
_cell_angle_alpha   90.00000000
_cell_angle_beta   90.00000000
_cell_angle_gamma   118.87148379
_symmetry_Int_Tables_number   1
_chemical_formula_structural   RbMg14Ni
_chemical_formula_sum   'Rb1 Mg14 Ni1'
_cell_volume   381.54112246
_cell_formula_units_Z   1
loop_
 _symmetry_equiv_pos_site_id
 _symmetry_equiv_pos_as_xyz
  1  'x, y, z'
loop_
 _atom_site_type_symbol
 _atom_site_label
 _atom_site_symmetry_multiplicity
 _atom_site_fract_x
 _atom_site_fract_y
 _atom_site_fract_z
 _atom_site_occupancy
  Rb  Rb0  1  0.09775092  0.79887496  0.12500000  1
  Mg  Mg1  1  0.16147242  0.33073571  0.62500000  1
  Mg  Mg2  1  0.17795621  0.83897760  0.62500000  1
  Mg  Mg3  1  0.59610126  0.30373573  0.12500000  1
  Mg  Mg4  1  0.66952660  0.32778982  0.62500000  1
  Mg  Mg5  1  0.59610126  0.79236453  0.12500000  1
  Mg  Mg6  1  0.66952660  0.84173578  0.62500000  1
  Mg  Mg7  1  0.34949351  0.18139281  0.38280268  1
  Mg  Mg8  1  0.34949351  0.18139281  0.86719732  1
  Mg  Mg9  1  0.34949351  0.66810170  0.38280268  1
  Mg  Mg10  1  0.34949351  0.66810170  0.86719732  1
  Mg  Mg11  1  0.87455541  0.18727821  0.33129304  1
  Mg  Mg12  1  0.87455541  0.18727821  0.91870696  1
  Mg  Mg13  1  0.83234739  0.66617419  0.40191667  1
  Mg  Mg14  1  0.83234739  0.66617419  0.84808333  1
  Ni  Ni15  1  0.21978511  0.35989206  0.12500000  1
",Rotate all surrounding atoms within 3.369787079813131 angstrom of the center atom at index 7 by 297.2336879672514 degree around the axis [0. 1. 0.] in the cif file. The rotation should following the right-hand rule.,"<cif>
# generated using pymatgen
data_RbMg14Ni
_symmetry_space_group_name_H-M   'P 1'
_cell_length_a   6.54263016
_cell_length_b   6.31817238
_cell_length_c   10.53997806
_cell_angle_alpha   90.00000000
_cell_angle_beta   90.00000000
_cell_angle_gamma   118.87148379
_symmetry_Int_Tables_number   1
_chemical_formula_structural   RbMg14Ni
_chemical_formula_sum   'Rb1 Mg14 Ni1'
_cell_volume   381.54112246
_cell_formula_units_Z   1
loop_
 _symmetry_equiv_pos_site_id
 _symmetry_equiv_pos_as_xyz
  1  'x, y, z'
loop_
 _atom_site_type_symbol
 _atom_site_label
 _atom_site_symmetry_multiplicity
 _atom_site_fract_x
 _atom_site_fract_y
 _atom_site_fract_z
 _atom_site_occupancy
  Rb  Rb0  1  0.09775092  0.79887496  0.12500000  1
  Mg  Mg1  1  0.95445200  0.33073571  0.35165000  1
  Mg  Mg2  1  0.17795621  0.83897760  0.62500000  1
  Mg  Mg3  1  0.86259400  0.30373573  0.36910000  1
  Mg  Mg4  1  0.18608300  0.32778982  0.63266000  1
  Mg  Mg5  1  0.59610126  0.79236453  0.12500000  1
  Mg  Mg6  1  0.66952660  0.84173578  0.62500000  1
  Mg  Mg7  1  0.34949351  0.18139281  0.38280268  1
  Mg  Mg8  1  0.34949351  0.18139281  0.86719732  1
  Mg  Mg9  1  0.47279300  0.66810170  0.25781000  1
  Mg  Mg10  1  0.34949351  0.66810170  0.86719732  1
  Mg  Mg11  1  0.87455541  0.18727821  0.33129304  1
  Mg  Mg12  1  0.87455541  0.18727821  0.91870696  1
  Mg  Mg13  1  0.66565000  0.66617419  0.53324000  1
  Mg  Mg14  1  0.83234739  0.66617419  0.84808333  1
  Ni  Ni15  1  0.70501000  0.35989206  0.14721000  1
</cif>
","data_image0
_chemical_formula_structural       RbMg14Ni
_chemical_formula_sum              ""Rb1 Mg14 Ni1""
_cell_length_a       6.54263016
_cell_length_b       6.318172380000001
_cell_length_c       10.53997806
_cell_angle_alpha    90.0
_cell_angle_beta     90.0
_cell_angle_gamma    118.87148379000001

_space_group_name_H-M_alt    ""P 1""
_space_group_IT_number       1

loop_
  _space_group_symop_operation_xyz
  'x, y, z'

loop_
  _atom_site_type_symbol
  _atom_site_label
  _atom_site_symmetry_multiplicity
  _atom_site_fract_x
  _atom_site_fract_y
  _atom_site_fract_z
  _atom_site_occupancy
  Rb  Rb1       1.0  0.09775092  0.79887496  0.125  1.0000
  Mg  Mg1       1.0  0.9542992867297141  0.33073570999999996  0.3514278125130639  1.0000
  Mg  Mg2       1.0  0.09037772008660296  0.8389776  0.22972653000636753  1.0000
  Mg  Mg3       1.0  0.8625608973665762  0.30373573  0.3694520817799214  1.0000
  Mg  Mg4       1.0  0.18605042442283257  0.32778982  0.6325978855647723  1.0000
  Mg  Mg5       1.0  0.5961012599999999  0.7923645299999998  0.125  1.0000
  Mg  Mg6       1.0  0.6695266  0.8417357799999999  0.6249999999999999  1.0000
  Mg  Mg7       1.0  0.3494935099999999  0.18139280999999993  0.38280268  1.0000
  Mg  Mg8       1.0  0.3494935099999999  0.18139280999999993  0.8671973199999999  1.0000
  Mg  Mg9       1.0  0.47258289146926413  0.6681016999999999  0.2575451001679133  1.0000
  Mg  Mg10      1.0  0.3494935099999999  0.6681017  0.8671973199999999  1.0000
  Mg  Mg11      1.0  0.6650430474655887  0.18727820999999997  0.6475152068998421  1.0000
  Mg  Mg12      1.0  0.8745554099999998  0.18727820999999997  0.91870696  1.0000
  Mg  Mg13      1.0  0.6656807190670339  0.66617419  0.5332911657825837  1.0000
  Mg  Mg14      1.0  0.8323473899999998  0.66617419  0.8480833299999999  1.0000
  Ni  Ni1       1.0  0.7045528187890969  0.35989205999999996  0.1472985510870785  1.0000
"
"# generated using pymatgen
data_Mg14CoBi
_symmetry_space_group_name_H-M   'P 1'
_cell_length_a   6.27552275
_cell_length_b   6.30584404
_cell_length_c   10.15760867
_cell_angle_alpha   90.00000000
_cell_angle_beta   90.00000000
_cell_angle_gamma   120.15996497
_symmetry_Int_Tables_number   1
_chemical_formula_structural   Mg14CoBi
_chemical_formula_sum   'Mg14 Co1 Bi1'
_cell_volume   347.54651532
_cell_formula_units_Z   1
loop_
 _symmetry_equiv_pos_site_id
 _symmetry_equiv_pos_as_xyz
  1  'x, y, z'
loop_
 _atom_site_type_symbol
 _atom_site_label
 _atom_site_symmetry_multiplicity
 _atom_site_fract_x
 _atom_site_fract_y
 _atom_site_fract_z
 _atom_site_occupancy
  Mg  Mg0  1  0.16631807  0.33315853  0.62500000  1
  Mg  Mg1  1  0.16915133  0.83457516  0.62500000  1
  Mg  Mg2  1  0.66928307  0.33583203  0.12500000  1
  Mg  Mg3  1  0.66620725  0.33036665  0.62500000  1
  Mg  Mg4  1  0.66928307  0.83345003  0.12500000  1
  Mg  Mg5  1  0.66620725  0.83583960  0.62500000  1
  Mg  Mg6  1  0.33013709  0.17609034  0.36700925  1
  Mg  Mg7  1  0.33013709  0.17609034  0.88299075  1
  Mg  Mg8  1  0.33013709  0.65404775  0.36700925  1
  Mg  Mg9  1  0.33013709  0.65404775  0.88299075  1
  Mg  Mg10  1  0.84482568  0.17241334  0.36443917  1
  Mg  Mg11  1  0.84482568  0.17241334  0.88556083  1
  Mg  Mg12  1  0.82957122  0.66478611  0.38232915  1
  Mg  Mg13  1  0.82957122  0.66478611  0.86767085  1
  Co  Co14  1  0.16460495  0.33230198  0.12500000  1
  Bi  Bi15  1  0.15960287  0.82980093  0.12500000  1
",Rotate all surrounding atoms within 3.0762962652545602 angstrom of the center atom at index 9 by 235.7310766048555 degree around the axis [0. 1. 0.] in the cif file. The rotation should following the right-hand rule.,"<cif>
# generated using pymatgen
data_Mg14CoBi
_symmetry_space_group_name_H-M   'P 1'
_cell_length_a   6.27552275
_cell_length_b   6.30584404
_cell_length_c   10.15760867
_cell_angle_alpha   90.00000000
_cell_angle_beta   90.00000000
_cell_angle_gamma   120.15996497
_symmetry_Int_Tables_number   1
_chemical_formula_structural   Mg14CoBi
_chemical_formula_sum   'Mg14 Co1 Bi1'
_cell_volume   347.54651532
_cell_formula_units_Z   1
loop_
 _symmetry_equiv_pos_site_id
 _symmetry_equiv_pos_as_xyz
  1  'x, y, z'
loop_
 _atom_site_type_symbol
 _atom_site_label
 _atom_site_symmetry_multiplicity
 _atom_site_fract_x
 _atom_site_fract_y
 _atom_site_fract_z
 _atom_site_occupancy
  Mg  Mg0  1  0.16631807  0.33315853  0.62500000  1
  Mg  Mg1  1  0.16915133  0.83457516  0.62500000  1
  Mg  Mg2  1  0.66928307  0.33583203  0.12500000  1
  Mg  Mg3  1  0.66620725  0.33036665  0.62500000  1
  Mg  Mg4  1  0.95696396  0.83345320  0.87363300  1
  Mg  Mg5  1  0.66620725  0.83583960  0.62500000  1
  Mg  Mg6  1  0.33013709  0.17609034  0.36700925  1
  Mg  Mg7  1  0.95279000  0.17609400  0.00618000  1
  Mg  Mg8  1  0.33013709  0.65404775  0.36700925  1
  Mg  Mg9  1  0.33013709  0.65404775  0.88299075  1
  Mg  Mg10  1  0.84482568  0.17241334  0.36443917  1
  Mg  Mg11  1  0.21994000  0.17241700  0.75794000  1
  Mg  Mg12  1  0.82957122  0.66478611  0.38232915  1
  Mg  Mg13  1  0.82957122  0.66478611  0.86767085  1
  Co  Co14  1  0.84584100  0.33230200  0.74527000  1
  Bi  Bi15  1  0.15960287  0.82980093  0.12500000  1
</cif>
","data_image0
_chemical_formula_structural       Mg14CoBi
_chemical_formula_sum              ""Mg14 Co1 Bi1""
_cell_length_a       6.27552275
_cell_length_b       6.30584404
_cell_length_c       10.15760867
_cell_angle_alpha    90.0
_cell_angle_beta     90.0
_cell_angle_gamma    120.15996496999999

_space_group_name_H-M_alt    ""P 1""
_space_group_IT_number       1

loop_
  _space_group_symop_operation_xyz
  'x, y, z'

loop_
  _atom_site_type_symbol
  _atom_site_label
  _atom_site_symmetry_multiplicity
  _atom_site_fract_x
  _atom_site_fract_y
  _atom_site_fract_z
  _atom_site_occupancy
  Mg  Mg1       1.0  0.16631806999999998  0.33315853  0.625  1.0000
  Mg  Mg2       1.0  0.16915133000000002  0.83457516  0.625  1.0000
  Mg  Mg3       1.0  0.66928307  0.33583203  0.125  1.0000
  Mg  Mg4       1.0  0.66620725  0.33036664999999993  0.625  1.0000
  Mg  Mg5       1.0  0.29464577866867314  0.83345003  0.4367126676905244  1.0000
  Mg  Mg6       1.0  0.6662072499999999  0.8358395999999999  0.625  1.0000
  Mg  Mg7       1.0  0.33013709  0.17609034  0.36700925  1.0000
  Mg  Mg8       1.0  0.952976306595184  0.17609034000000007  0.0061867636910675206  1.0000
  Mg  Mg9       1.0  0.33013709  0.65404775  0.36700925  1.0000
  Mg  Mg10      1.0  0.33013709  0.65404775  0.88299075  1.0000
  Mg  Mg11      1.0  0.84482568  0.17241334  0.36443917  1.0000
  Mg  Mg12      1.0  0.6568271811045118  0.1724133400000001  0.26846917815522864  1.0000
  Mg  Mg13      1.0  0.82957122  0.66478611  0.38232915  1.0000
  Mg  Mg14      1.0  0.82957122  0.66478611  0.8676708500000001  1.0000
  Co  Co1       1.0  0.18335813414682045  0.33230198  0.3082153781117094  1.0000
  Bi  Bi1       1.0  0.15960286999999998  0.8298009299999999  0.125  1.0000
"
"# generated using pymatgen
data_Mg2VN3
_symmetry_space_group_name_H-M   'P 1'
_cell_length_a   5.72470112
_cell_length_b   5.79942676
_cell_length_c   5.04314691
_cell_angle_alpha   90.00000000
_cell_angle_beta   90.00000000
_cell_angle_gamma   120.43273715
_symmetry_Int_Tables_number   1
_chemical_formula_structural   Mg2VN3
_chemical_formula_sum   'Mg4 V2 N6'
_cell_volume   144.36430078
_cell_formula_units_Z   2
loop_
 _symmetry_equiv_pos_site_id
 _symmetry_equiv_pos_as_xyz
  1  'x, y, z'
loop_
 _atom_site_type_symbol
 _atom_site_label
 _atom_site_symmetry_multiplicity
 _atom_site_fract_x
 _atom_site_fract_y
 _atom_site_fract_z
 _atom_site_occupancy
  Mg  Mg0  1  0.33004881  0.33065254  0.47661723  1
  Mg  Mg1  1  0.66995119  0.00060373  0.47661723  1
  Mg  Mg2  1  0.66995119  0.66934746  0.97661723  1
  Mg  Mg3  1  0.33004881  0.99939627  0.97661723  1
  V  V4  1  0.00000000  0.66376462  0.48207808  1
  V  V5  1  1.00000000  0.33623538  0.98207808  1
  N  N6  1  0.29779726  0.33246560  0.89428712  1
  N  N7  1  0.70220274  0.03466734  0.89428712  1
  N  N8  1  0.70220274  0.66753440  0.39428712  1
  N  N9  1  0.29779726  0.96533266  0.39428712  1
  N  N10  1  1.00000000  0.63668009  0.84811522  1
  N  N11  1  0.00000000  0.36331991  0.34811522  1
",Rotate all surrounding atoms within 3.6680528017657412 angstrom of the center atom at index 9 by 94.17753318159893 degree around the axis [0. 1. 0.] in the cif file. The rotation should following the right-hand rule.,"<cif>
# generated using pymatgen
data_Mg2VN3
_symmetry_space_group_name_H-M   'P 1'
_cell_length_a   5.72470112
_cell_length_b   5.79942676
_cell_length_c   5.04314691
_cell_angle_alpha   90.00000000
_cell_angle_beta   90.00000000
_cell_angle_gamma   120.43273715
_symmetry_Int_Tables_number   1
_chemical_formula_structural   Mg2VN3
_chemical_formula_sum   'Mg4 V2 N6'
_cell_volume   144.36430078
_cell_formula_units_Z   2
loop_
 _symmetry_equiv_pos_site_id
 _symmetry_equiv_pos_as_xyz
  1  'x, y, z'
loop_
 _atom_site_type_symbol
 _atom_site_label
 _atom_site_symmetry_multiplicity
 _atom_site_fract_x
 _atom_site_fract_y
 _atom_site_fract_z
 _atom_site_occupancy
  Mg  Mg0  1  0.33004881  0.33065254  0.47661723  1
  Mg  Mg1  1  0.66995119  0.00060373  0.47661723  1
  Mg  Mg2  1  0.66995119  0.66934746  0.97661723  1
  Mg  Mg3  1  0.82588000  0.99939627  0.33530000  1
  V   V4   1  0.23010000  0.66376462  0.54970000  1
  V   V5   1  1.00000000  0.33623538  0.98207808  1
  N   N6   1  0.29779726  0.33246560  0.89428712  1
  N   N7   1  0.70220274  0.03466734  0.89428712  1
  N   N8   1  0.10410000  0.66753440  0.76380000  1
  N   N9   1  0.29779726  0.96533266  0.39428712  1
  N   N10  1  1.00000000  0.63668009  0.84811522  1
  N   N11  1  0.94713000  0.36331991  0.38500000  1
</cif>","data_image0
_chemical_formula_structural       Mg4V2N6
_chemical_formula_sum              ""Mg4 V2 N6""
_cell_length_a       5.72470112
_cell_length_b       5.79942676
_cell_length_c       5.04314691
_cell_angle_alpha    90.0
_cell_angle_beta     90.0
_cell_angle_gamma    120.43273715

_space_group_name_H-M_alt    ""P 1""
_space_group_IT_number       1

loop_
  _space_group_symop_operation_xyz
  'x, y, z'

loop_
  _atom_site_type_symbol
  _atom_site_label
  _atom_site_symmetry_multiplicity
  _atom_site_fract_x
  _atom_site_fract_y
  _atom_site_fract_z
  _atom_site_occupancy
  Mg  Mg1       1.0  0.018380004675235755  0.33065254  0.9830665409193906  1.0000
  Mg  Mg2       1.0  0.811920974391267  0.0006037299999997913  0.40651522283481534  1.0000
  Mg  Mg3       1.0  0.66995119  0.66934746  0.97661723  1.0000
  Mg  Mg4       1.0  0.8258383144381141  0.99939627  0.33514200604085304  1.0000
  V   V1        1.0  0.2306055459542233  0.66376462  0.5498441142569036  1.0000
  V   V2        1.0  0.9999999999999998  0.33623538  0.9820780799999999  1.0000
  N   N1        1.0  0.3886941843533545  0.33246559999999986  0.9902066717094123  1.0000
  N   N2        1.0  0.19529082713368265  0.03466733999999988  0.35936513243878576  1.0000
  N   N3        1.0  0.10439390278032812  0.6675344  0.7634455807293734  1.0000
  N   N4        1.0  0.2977972599999999  0.96533266  0.39428712  1.0000
  N   N5        1.0  0.4644497340792369  0.63668009  0.3753162300714844  1.0000
  N   N6        1.0  0.9475046796320051  0.36331991  0.38506300267200316  1.0000
"
"# generated using pymatgen
data_LiMg6SbO8
_symmetry_space_group_name_H-M   'P 1'
_cell_length_a   8.69381127
_cell_length_b   4.33460960
_cell_length_c   4.33460960
_cell_angle_alpha   90.00000000
_cell_angle_beta   90.00000000
_cell_angle_gamma   90.00000000
_symmetry_Int_Tables_number   1
_chemical_formula_structural   LiMg6SbO8
_chemical_formula_sum   'Li1 Mg6 Sb1 O8'
_cell_volume   163.34663228
_cell_formula_units_Z   1
loop_
 _symmetry_equiv_pos_site_id
 _symmetry_equiv_pos_as_xyz
  1  'x, y, z'
loop_
 _atom_site_type_symbol
 _atom_site_label
 _atom_site_symmetry_multiplicity
 _atom_site_fract_x
 _atom_site_fract_y
 _atom_site_fract_z
 _atom_site_occupancy
  Li  Li0  1  0.00000000  0.00000000  0.00000000  1
  Mg  Mg1  1  0.00000000  0.50000000  0.50000000  1
  Mg  Mg2  1  0.50000000  0.50000000  0.50000000  1
  Mg  Mg3  1  0.22636409  0.00000000  0.50000000  1
  Mg  Mg4  1  0.77363591  0.00000000  0.50000000  1
  Mg  Mg5  1  0.22636409  0.50000000  -0.00000000  1
  Mg  Mg6  1  0.77363591  0.50000000  0.00000000  1
  Sb  Sb7  1  0.50000000  0.00000000  0.00000000  1
  O  O8  1  0.24222859  -0.00000000  -0.00000000  1
  O  O9  1  0.75777141  0.00000000  0.00000000  1
  O  O10  1  0.25392293  0.50000000  0.50000000  1
  O  O11  1  0.74607707  0.50000000  0.50000000  1
  O  O12  1  0.00000000  0.00000000  0.50000000  1
  O  O13  1  0.50000000  0.00000000  0.50000000  1
  O  O14  1  -0.00000000  0.50000000  0.00000000  1
  O  O15  1  0.50000000  0.50000000  0.00000000  1
",Rotate all surrounding atoms within 3.1054111022049384 angstrom of the center atom at index 15 by 227.61370814684946 degree around the axis [ 0. -1.  0.] in the cif file. The rotation should following the right-hand rule.,"<cif>
# generated using pymatgen
data_LiMg6SbO8
_symmetry_space_group_name_H-M   'P 1'
_cell_length_a   8.69381127
_cell_length_b   4.33460960
_cell_length_c   4.33460960
_cell_angle_alpha   90.00000000
_cell_angle_beta   90.00000000
_cell_angle_gamma   90.00000000
_symmetry_Int_Tables_number   1
_chemical_formula_structural   LiMg6SbO8
_chemical_formula_sum   'Li1 Mg6 Sb1 O8'
_cell_volume   163.34663228
_cell_formula_units_Z   1
loop_
 _symmetry_equiv_pos_site_id
 _symmetry_equiv_pos_as_xyz
  1  'x, y, z'
loop_
 _atom_site_type_symbol
 _atom_site_label
 _atom_site_symmetry_multiplicity
 _atom_site_fract_x
 _atom_site_fract_y
 _atom_site_fract_z
 _atom_site_occupancy
  Li  Li0  1  0.00000000  0.00000000  0.00000000  1
  Mg  Mg1  1  0.18416250  0.50000000  0.66293000  1
  Mg  Mg2  1  0.50000000  0.50000000  0.50000000  1
  Mg  Mg3  1  0.22636409  0.00000000  0.50000000  1
  Mg  Mg4  1  0.77363591  0.00000000  0.50000000  1
  Mg  Mg5  1  0.84740300  0.50000000  0.66460000  1
  Mg  Mg6  1  0.77363591  0.50000000  0.00000000  1
  Sb  Sb7  1  0.50000000  0.00000000  0.00000000  1
  O  O8  1  0.83671000  0.00000000  0.64080000  1
  O  O9  1  0.75777141  0.00000000  0.00000000  1
  O  O10  1  0.01309500  0.50000000  0.28680000  1
  O  O11  1  0.74607707  0.50000000  0.50000000  1
  O  O12  1  0.18416250  -0.00000000  0.66293000  1
  O  O13  1  0.50000000  0.00000000  0.50000000  1
  O  O14  1  -0.00000000  0.50000000  0.00000000  1
  O  O15  1  0.50000000  0.50000000  0.00000000  1
</cif>
","data_image0
_chemical_formula_structural       LiMg6SbO8
_chemical_formula_sum              ""Li1 Mg6 Sb1 O8""
_cell_length_a       8.69381127
_cell_length_b       4.3346096
_cell_length_c       4.3346096
_cell_angle_alpha    90.0
_cell_angle_beta     90.0
_cell_angle_gamma    90.0

_space_group_name_H-M_alt    ""P 1""
_space_group_IT_number       1

loop_
  _space_group_symop_operation_xyz
  'x, y, z'

loop_
  _atom_site_type_symbol
  _atom_site_label
  _atom_site_symmetry_multiplicity
  _atom_site_fract_x
  _atom_site_fract_y
  _atom_site_fract_z
  _atom_site_occupancy
  Li  Li1       1.0  0.0  0.0  0.0  1.0000
  Mg  Mg1       1.0  0.0  0.5  0.5  1.0000
  Mg  Mg2       1.0  0.6841318331631134  0.5  0.6629371544250331  1.0000
  Mg  Mg3       1.0  0.22636409  0.0  0.5  1.0000
  Mg  Mg4       1.0  0.77363591  0.0  0.5  1.0000
  Mg  Mg5       1.0  0.6844649969521909  0.5  0.40537074408092905  1.0000
  Mg  Mg6       1.0  0.3155350030478087  0.5  0.5946292559190707  1.0000
  Sb  Sb1       1.0  0.4999999999999999  0.0  0.0  1.0000
  O   O1        1.0  0.24222858999999997  0.0  0.0  1.0000
  O   O2        1.0  0.7577714099999999  0.0  0.0  1.0000
  O   O3        1.0  0.850018708053014  0.5  0.02748157758628715  1.0000
  O   O4        1.0  0.5182449582732128  0.5  0.29839273126377874  1.0000
  O   O5        1.0  0.0  0.0  0.5  1.0000
  O   O6        1.0  0.6841318331631134  0.0  0.6629371544250331  1.0000
  O   O7        1.0  0.0  0.5  0.0  1.0000
  O   O8        1.0  0.4999999999999999  0.5  0.0  1.0000
"
"# generated using pymatgen
data_BaMg6CoO8
_symmetry_space_group_name_H-M   'P 1'
_cell_length_a   8.98368476
_cell_length_b   4.58828065
_cell_length_c   4.58828065
_cell_angle_alpha   90.00000000
_cell_angle_beta   90.00000000
_cell_angle_gamma   90.00000000
_symmetry_Int_Tables_number   1
_chemical_formula_structural   BaMg6CoO8
_chemical_formula_sum   'Ba1 Mg6 Co1 O8'
_cell_volume   189.12740027
_cell_formula_units_Z   1
loop_
 _symmetry_equiv_pos_site_id
 _symmetry_equiv_pos_as_xyz
  1  'x, y, z'
loop_
 _atom_site_type_symbol
 _atom_site_label
 _atom_site_symmetry_multiplicity
 _atom_site_fract_x
 _atom_site_fract_y
 _atom_site_fract_z
 _atom_site_occupancy
  Ba  Ba0  1  0.00000000  0.50000000  0.50000000  1
  Mg  Mg1  1  0.50000000  0.00000000  0.00000000  1
  Mg  Mg2  1  0.50000000  0.50000000  0.50000000  1
  Mg  Mg3  1  0.26979753  0.00000000  0.50000000  1
  Mg  Mg4  1  0.73020247  0.00000000  0.50000000  1
  Mg  Mg5  1  0.26979753  0.50000000  0.00000000  1
  Mg  Mg6  1  0.73020247  0.50000000  0.00000000  1
  Co  Co7  1  0.00000000  0.00000000  0.00000000  1
  O  O8  1  0.26133455  0.00000000  0.00000000  1
  O  O9  1  0.73866545  0.00000000  0.00000000  1
  O  O10  1  0.28258591  0.50000000  0.50000000  1
  O  O11  1  0.71741409  0.50000000  0.50000000  1
  O  O12  1  0.00000000  0.00000000  0.50000000  1
  O  O13  1  0.50000000  0.00000000  0.50000000  1
  O  O14  1  0.00000000  0.50000000  0.00000000  1
  O  O15  1  0.50000000  0.50000000  0.00000000  1
",Rotate all surrounding atoms within 3.866810349988716 angstrom of the center atom at index 9 by 57.50908273117533 degree around the axis [ 0.  0. -1.] in the cif file. The rotation should following the right-hand rule.,"<cif>
# generated using pymatgen
data_BaMg6CoO8
_symmetry_space_group_name_H-M   'P 1'
_cell_length_a   8.98368476
_cell_length_b   4.58828065
_cell_length_c   4.58828065
_cell_angle_alpha   90.00000000
_cell_angle_beta   90.00000000
_cell_angle_gamma   90.00000000
_symmetry_Int_Tables_number   1
_chemical_formula_structural   BaMg6CoO8
_chemical_formula_sum   'Ba1 Mg6 Co1 O8'
_cell_volume   189.12740027
_cell_formula_units_Z   1
loop_
 _symmetry_equiv_pos_site_id
 _symmetry_equiv_pos_as_xyz
  1  'x, y, z'
loop_
 _atom_site_type_symbol
 _atom_site_label
 _atom_site_symmetry_multiplicity
 _atom_site_fract_x
 _atom_site_fract_y
 _atom_site_fract_z
 _atom_site_occupancy
  Ba  Ba0  1  0.00000000  0.50000000  0.50000000  1
  Mg  Mg1  1  0.60994200  0.39370000  0.00000000  1
  Mg  Mg2  1  0.50000000  0.50000000  0.50000000  1
  Mg  Mg3  1  0.26979753  0.00000000  0.50000000  1
  Mg  Mg4  1  0.73415000  0.01395000  0.50000000  1
  Mg  Mg5  1  0.26979753  0.50000000  0.00000000  1
  Mg  Mg6  1  0.95062000  0.28330000  0.00000000  1
  Co  Co7  1  0.87937000  0.56860000  0.00000000  1
  O   O8   1  0.26133455  0.00000000  0.00000000  1
  O   O9   1  0.73866545  0.00000000  0.00000000  1
  O   O10  1  0.28258591  0.50000000  0.50000000  1
  O   O11  1  0.94233000  0.30440000  0.50000000  1
  O   O12  1  0.87937000  0.56860000  0.50000000  1
  O   O13  1  0.60994200  0.39370000  0.50000000  1
  O   O14  1  0.09450000  0.83800000  0.00000000  1
  O   O15  1  0.82470000  0.66300000  0.00000000  1
</cif>
","data_image0
_chemical_formula_structural       BaMg6CoO8
_chemical_formula_sum              ""Ba1 Mg6 Co1 O8""
_cell_length_a       8.98368476
_cell_length_b       4.58828065
_cell_length_c       4.58828065
_cell_angle_alpha    90.0
_cell_angle_beta     90.0
_cell_angle_gamma    90.0

_space_group_name_H-M_alt    ""P 1""
_space_group_IT_number       1

loop_
  _space_group_symop_operation_xyz
  'x, y, z'

loop_
  _atom_site_type_symbol
  _atom_site_label
  _atom_site_symmetry_multiplicity
  _atom_site_fract_x
  _atom_site_fract_y
  _atom_site_fract_z
  _atom_site_occupancy
  Ba  Ba1       1.0  0.0  0.5  0.5  1.0000
  Mg  Mg1       1.0  0.6104625077546095  0.3941550789319776  0.0  1.0000
  Mg  Mg2       1.0  0.5  0.5  0.5  1.0000
  Mg  Mg3       1.0  0.26979753  0.0  0.5  1.0000
  Mg  Mg4       1.0  0.7341194256962565  0.013976579139962317  0.5  1.0000
  Mg  Mg5       1.0  0.26979753  0.5  0.0  1.0000
  Mg  Mg6       1.0  0.9495158644159126  0.2825595312291533  0.0  1.0000
  Co  Co1       1.0  0.3418795556654186  0.2199031688460762  0.0  1.0000
  O   O1        1.0  0.26133455  0.0  0.0  1.0000
  O   O2        1.0  0.73866545  0.0  0.0  1.0000
  O   O3        1.0  0.28258591  0.5  0.5  1.0000
  O   O4        1.0  0.9426463827102358  0.3036794919453447  0.5  1.0000
  O   O5        1.0  0.3418795556654186  0.2199031688460762  0.5  1.0000
  O   O6        1.0  0.6104625077546095  0.3941550789319776  0.5  1.0000
  O   O7        1.0  0.5572759943850749  0.4884861209352671  0.0  1.0000
  O   O8        1.0  0.8258589464742658  0.6627380310211686  0.0  1.0000
"
"# generated using pymatgen
data_Mg6NbCO8
_symmetry_space_group_name_H-M   'P 1'
_cell_length_a   9.31731571
_cell_length_b   4.19016084
_cell_length_c   4.19016084
_cell_angle_alpha   90.00000000
_cell_angle_beta   90.00000000
_cell_angle_gamma   90.00000000
_symmetry_Int_Tables_number   1
_chemical_formula_structural   Mg6NbCO8
_chemical_formula_sum   'Mg6 Nb1 C1 O8'
_cell_volume   163.58828482
_cell_formula_units_Z   1
loop_
 _symmetry_equiv_pos_site_id
 _symmetry_equiv_pos_as_xyz
  1  'x, y, z'
loop_
 _atom_site_type_symbol
 _atom_site_label
 _atom_site_symmetry_multiplicity
 _atom_site_fract_x
 _atom_site_fract_y
 _atom_site_fract_z
 _atom_site_occupancy
  Mg  Mg0  1  0.50000000  0.00000000  -0.00000000  1
  Mg  Mg1  1  0.50000000  0.50000000  0.50000000  1
  Mg  Mg2  1  0.26157729  0.00000000  0.50000000  1
  Mg  Mg3  1  0.73842271  -0.00000000  0.50000000  1
  Mg  Mg4  1  0.26157729  0.50000000  -0.00000000  1
  Mg  Mg5  1  0.73842271  0.50000000  0.00000000  1
  Nb  Nb6  1  0.00000000  0.00000000  -0.00000000  1
  C  C7  1  0.00000000  0.50000000  0.50000000  1
  O  O8  1  0.24452527  -0.00000000  0.00000000  1
  O  O9  1  0.75547473  0.00000000  -0.00000000  1
  O  O10  1  0.28245169  0.50000000  0.50000000  1
  O  O11  1  0.71754831  0.50000000  0.50000000  1
  O  O12  1  0.00000000  0.00000000  0.50000000  1
  O  O13  1  0.50000000  0.00000000  0.50000000  1
  O  O14  1  0.00000000  0.50000000  -0.00000000  1
  O  O15  1  0.50000000  0.50000000  -0.00000000  1
",Rotate all surrounding atoms within 3.452218369927276 angstrom of the center atom at index 5 by 49.42079659333878 degree around the axis [ 0.  0. -1.] in the cif file. The rotation should following the right-hand rule.,"<cif>
# generated using pymatgen
data_Mg6NbCO8
_symmetry_space_group_name_H-M   'P 1'
_cell_length_a   9.31731571
_cell_length_b   4.19016084
_cell_length_c   4.19016084
_cell_angle_alpha   90.00000000
_cell_angle_beta   90.00000000
_cell_angle_gamma   90.00000000
_symmetry_Int_Tables_number   1
_chemical_formula_structural   Mg6NbCO8
_chemical_formula_sum   'Mg6 Nb1 C1 O8'
_cell_volume   163.58828482
_cell_formula_units_Z   1
loop_
 _symmetry_equiv_pos_site_id
 _symmetry_equiv_pos_as_xyz
  1  'x, y, z'
loop_
 _atom_site_type_symbol
 _atom_site_label
 _atom_site_symmetry_multiplicity
 _atom_site_fract_x
 _atom_site_fract_y
 _atom_site_fract_z
 _atom_site_occupancy
  Mg  Mg0  1  0.41253360  0.57740800  0.00000000  1
  Mg  Mg1  1  0.58331800  0.90266800  0.50000000  1
  Mg  Mg2  1  0.26157729  0.00000000  0.50000000  1
  Mg  Mg3  1  0.56763800  0.17474400  0.50000000  1
  Mg  Mg4  1  0.26157729  0.50000000  -0.00000000  1
  Mg  Mg5  1  0.73842271  0.50000000  0.00000000  1
  Nb  Nb6  1  0.00000000  0.00000000  -0.00000000  1
  C  C7  1  0.00000000  0.50000000  0.50000000  1
  O  O8  1  0.24452527  0.00000000  0.00000000  1
  O  O9  1  0.57873000  0.14594300  0.00000000  1
  O  O10  1  0.28245169  0.50000000  0.50000000  1
  O  O11  1  0.72484000  0.53525500  0.50000000  1
  O  O12  1  0.00000000  0.00000000  0.50000000  1
  O  O13  1  0.50000000  0.00000000  0.50000000  1
  O  O14  1  0.00000000  0.50000000  -0.00000000  1
  O  O15  1  0.58331800  0.90266800  -0.00000000  1
</cif>
","data_image0
_chemical_formula_structural       Mg6NbCO8
_chemical_formula_sum              ""Mg6 Nb1 C1 O8""
_cell_length_a       9.31731571
_cell_length_b       4.19016084
_cell_length_c       4.19016084
_cell_angle_alpha    90.0
_cell_angle_beta     90.0
_cell_angle_gamma    90.0

_space_group_name_H-M_alt    ""P 1""
_space_group_IT_number       1

loop_
  _space_group_symop_operation_xyz
  'x, y, z'

loop_
  _atom_site_type_symbol
  _atom_site_label
  _atom_site_symmetry_multiplicity
  _atom_site_fract_x
  _atom_site_fract_y
  _atom_site_fract_z
  _atom_site_occupancy
  Mg  Mg1       1.0  0.41254713803094395  0.57741191145182  0.0  1.0000
  Mg  Mg2       1.0  0.5833290751245307  0.9026612026696517  0.5  1.0000
  Mg  Mg3       1.0  0.26157728999999996  0.0  0.5  1.0000
  Mg  Mg4       1.0  0.5676407729064132  0.1747507087821683  0.5  1.0000
  Mg  Mg5       1.0  0.26157728999999996  0.5  0.0  1.0000
  Mg  Mg6       1.0  0.73842271  0.5  0.0  1.0000
  Nb  Nb1       1.0  0.08729784681311227  0.4218390272027728  0.0  1.0000
  C   C1        1.0  0.25807978390669906  0.7470883184206045  0.5  1.0000
  O   O1        1.0  0.24452526999999996  0.0  0.0  1.0000
  O   O2        1.0  0.5787330877440778  0.14595233264951332  0.0  1.0000
  O   O3        1.0  0.28245169  0.5  0.5  1.0000
  O   O4        1.0  0.7248439423908049  0.5352538187700637  0.5  1.0000
  O   O5        1.0  0.0  0.0  0.5  1.0000
  O   O6        1.0  0.5  0.0  0.5  1.0000
  O   O7        1.0  0.25807978390669906  0.7470883184206045  0.0  1.0000
  O   O8        1.0  0.5833290751245307  0.9026612026696517  0.0  1.0000
"
"# generated using pymatgen
data_Mg14CrFeO16
_symmetry_space_group_name_H-M   'P 1'
_cell_length_a   8.52066693
_cell_length_b   8.52066693
_cell_length_c   4.30885895
_cell_angle_alpha   90.00000000
_cell_angle_beta   90.00000000
_cell_angle_gamma   90.00000000
_symmetry_Int_Tables_number   1
_chemical_formula_structural   Mg14CrFeO16
_chemical_formula_sum   'Mg14 Cr1 Fe1 O16'
_cell_volume   312.83076461
_cell_formula_units_Z   1
loop_
 _symmetry_equiv_pos_site_id
 _symmetry_equiv_pos_as_xyz
  1  'x, y, z'
loop_
 _atom_site_type_symbol
 _atom_site_label
 _atom_site_symmetry_multiplicity
 _atom_site_fract_x
 _atom_site_fract_y
 _atom_site_fract_z
 _atom_site_occupancy
  Mg  Mg0  1  0.00000000  0.50000000  0.00000000  1
  Mg  Mg1  1  0.50000000  0.00000000  0.00000000  1
  Mg  Mg2  1  0.00000000  0.24828086  0.50000000  1
  Mg  Mg3  1  0.00000000  0.75171914  0.50000000  1
  Mg  Mg4  1  0.50000000  0.24889681  0.50000000  1
  Mg  Mg5  1  0.50000000  0.75110319  0.50000000  1
  Mg  Mg6  1  0.24828086  0.00000000  0.50000000  1
  Mg  Mg7  1  0.24889681  0.50000000  0.50000000  1
  Mg  Mg8  1  0.75171914  0.00000000  0.50000000  1
  Mg  Mg9  1  0.75110319  0.50000000  0.50000000  1
  Mg  Mg10  1  0.24803315  0.24803315  0.00000000  1
  Mg  Mg11  1  0.24803315  0.75196685  0.00000000  1
  Mg  Mg12  1  0.75196685  0.24803315  0.00000000  1
  Mg  Mg13  1  0.75196685  0.75196685  0.00000000  1
  Cr  Cr14  1  0.50000000  0.50000000  0.00000000  1
  Fe  Fe15  1  0.00000000  0.00000000  0.00000000  1
  O  O16  1  0.25879698  0.00000000  0.00000000  1
  O  O17  1  0.25219249  0.50000000  0.00000000  1
  O  O18  1  0.74120302  0.00000000  0.00000000  1
  O  O19  1  0.74780751  0.50000000  0.00000000  1
  O  O20  1  0.25038839  0.25038839  0.50000000  1
  O  O21  1  0.25038839  0.74961161  0.50000000  1
  O  O22  1  0.74961161  0.25038839  0.50000000  1
  O  O23  1  0.74961161  0.74961161  0.50000000  1
  O  O24  1  0.00000000  0.00000000  0.50000000  1
  O  O25  1  0.00000000  0.50000000  0.50000000  1
  O  O26  1  0.50000000  0.00000000  0.50000000  1
  O  O27  1  0.50000000  0.50000000  0.50000000  1
  O  O28  1  0.00000000  0.25879698  0.00000000  1
  O  O29  1  0.00000000  0.74120302  0.00000000  1
  O  O30  1  0.50000000  0.25219249  0.00000000  1
  O  O31  1  0.50000000  0.74780751  0.00000000  1
",Rotate all surrounding atoms within 2.1750220283907273 angstrom of the center atom at index 21 by 255.71546273404087 degree around the axis [0. 1. 0.] in the cif file. The rotation should following the right-hand rule.,"<cif>
# generated using pymatgen
data_Mg14CrFeO16
_symmetry_space_group_name_H-M   'P 1'
_cell_length_a   8.52066693
_cell_length_b   8.52066693
_cell_length_c   4.30885895
_cell_angle_alpha   90.00000000
_cell_angle_beta   90.00000000
_cell_angle_gamma   90.00000000
_symmetry_Int_Tables_number   1
_chemical_formula_structural   Mg14CrFeO16
_chemical_formula_sum   'Mg14 Cr1 Fe1 O16'
_cell_volume   312.83076461
_cell_formula_units_Z   1
loop_
 _symmetry_equiv_pos_site_id
 _symmetry_equiv_pos_as_xyz
  1  'x, y, z'
loop_
 _atom_site_type_symbol
 _atom_site_label
 _atom_site_symmetry_multiplicity
 _atom_site_fract_x
 _atom_site_fract_y
 _atom_site_fract_z
 _atom_site_occupancy
  Mg  Mg0  1  0.00000000  0.50000000  0.00000000  1
  Mg  Mg1  1  0.50000000  0.00000000  0.00000000  1
  Mg  Mg2  1  0.00000000  0.24828086  0.50000000  1
  Mg  Mg3  1  0.00000000  0.75171914  0.50000000  1
  Mg  Mg4  1  0.50000000  0.24889681  0.50000000  1
  Mg  Mg5  1  0.50000000  0.75110319  0.50000000  1
  Mg  Mg6  1  0.24828086  0.00000000  0.50000000  1
  Mg  Mg7  1  0.24889681  0.50000000  0.50000000  1
  Mg  Mg8  1  0.75171914  0.00000000  0.50000000  1
  Mg  Mg9  1  0.75110319  0.50000000  0.50000000  1
  Mg  Mg10  1  0.24803315  0.24803315  0.00000000  1
  Mg  Mg11  1  0.49601186  0.75196685  0.61885800  1
  Mg  Mg12  1  0.75196685  0.24803315  0.00000000  1
  Mg  Mg13  1  0.75196685  0.75196685  0.00000000  1
  Cr  Cr14  1  0.50000000  0.50000000  0.00000000  1
  Fe  Fe15  1  0.00000000  0.00000000  0.00000000  1
  O  O16  1  0.25879698  0.00000000  0.00000000  1
  O  O17  1  0.25219249  0.50000000  0.00000000  1
  O  O18  1  0.74120302  0.00000000  0.00000000  1
  O  O19  1  0.74780751  0.50000000  0.00000000  1
  O  O20  1  0.25038839  0.25038839  0.50000000  1
  O  O21  1  0.25038839  0.74961161  0.50000000  1
  O  O22  1  0.74961161  0.25038839  0.50000000  1
  O  O23  1  0.74961161  0.74961161  0.50000000  1
  O  O24  1  0.00000000  0.00000000  0.50000000  1
  O  O25  1  0.00000000  0.50000000  0.50000000  1
  O  O26  1  0.50000000  0.00000000  0.50000000  1
  O  O27  1  0.50000000  0.50000000  0.50000000  1
  O  O28  1  0.00000000  0.25879698  0.00000000  1
  O  O29  1  0.00000000  0.74120302  0.00000000  1
  O  O30  1  0.50000000  0.25219249  0.00000000  1
  O  O31  1  0.50000000  0.74780751  0.00000000  1
</cif>
","data_image0
_chemical_formula_structural       Mg14CrFeO16
_chemical_formula_sum              ""Mg14 Cr1 Fe1 O16""
_cell_length_a       8.52066693
_cell_length_b       8.52066693
_cell_length_c       4.30885895
_cell_angle_alpha    90.0
_cell_angle_beta     90.0
_cell_angle_gamma    90.0

_space_group_name_H-M_alt    ""P 1""
_space_group_IT_number       1

loop_
  _space_group_symop_operation_xyz
  'x, y, z'

loop_
  _atom_site_type_symbol
  _atom_site_label
  _atom_site_symmetry_multiplicity
  _atom_site_fract_x
  _atom_site_fract_y
  _atom_site_fract_z
  _atom_site_occupancy
  Mg  Mg1       1.0  0.0  0.5  0.0  1.0000
  Mg  Mg2       1.0  0.5  0.0  0.0  1.0000
  Mg  Mg3       1.0  0.0  0.24828086  0.5  1.0000
  Mg  Mg4       1.0  0.3121685928761026  0.75171914  0.020171339392836118  1.0000
  Mg  Mg5       1.0  0.5  0.24889681000000002  0.5  1.0000
  Mg  Mg6       1.0  0.1887998478713869  0.75110319  0.9783400879661304  1.0000
  Mg  Mg7       1.0  0.25090839666231957  0.0  0.4959612612346387  1.0000
  Mg  Mg8       1.0  0.25075641870534826  0.5  0.4971416293160061  1.0000
  Mg  Mg9       1.0  0.75171914  0.0  0.5  1.0000
  Mg  Mg10      1.0  0.75110319  0.5  0.5  1.0000
  Mg  Mg11      1.0  0.24803315000000004  0.24803315000000004  0.0  1.0000
  Mg  Mg12      1.0  0.4959995831058906  0.75196685  0.6188553102779363  1.0000
  Mg  Mg13      1.0  0.75196685  0.24803315000000004  0.0  1.0000
  Mg  Mg14      1.0  0.75196685  0.75196685  0.0  1.0000
  Cr  Cr1       1.0  0.5  0.5  0.0  1.0000
  Fe  Fe1       1.0  0.0  0.0  0.0  1.0000
  O   O1        1.0  0.25879698  0.0  0.0  1.0000
  O   O2        1.0  0.25219249  0.5  0.0  1.0000
  O   O3        1.0  0.74120302  0.0  0.0  1.0000
  O   O4        1.0  0.74780751  0.5  0.0  1.0000
  O   O5        1.0  0.25038839  0.25038839  0.5  1.0000
  O   O6        1.0  0.25038839  0.74961161  0.5  1.0000
  O   O7        1.0  0.74961161  0.25038839  0.5  1.0000
  O   O8        1.0  0.74961161  0.74961161  0.5  1.0000
  O   O9        1.0  0.0  0.0  0.5  1.0000
  O   O10       1.0  0.0  0.5  0.5  1.0000
  O   O11       1.0  0.5  0.0  0.5  1.0000
  O   O12       1.0  0.5  0.5  0.5  1.0000
  O   O13       1.0  0.0  0.25879698  0.0  1.0000
  O   O14       1.0  0.0  0.74120302  0.0  1.0000
  O   O15       1.0  0.5  0.25219249  0.0  1.0000
  O   O16       1.0  0.5  0.74780751  0.0  1.0000
"
"# generated using pymatgen
data_Mg30AlSiO32
_symmetry_space_group_name_H-M   'P 1'
_cell_length_a   8.49063600
_cell_length_b   8.49063600
_cell_length_c   8.67914300
_cell_angle_alpha   90.00000000
_cell_angle_beta   90.00000000
_cell_angle_gamma   90.00000000
_symmetry_Int_Tables_number   1
_chemical_formula_structural   Mg30AlSiO32
_chemical_formula_sum   'Mg30 Al1 Si1 O32'
_cell_volume   625.68722736
_cell_formula_units_Z   1
loop_
 _symmetry_equiv_pos_site_id
 _symmetry_equiv_pos_as_xyz
  1  'x, y, z'
loop_
 _atom_site_type_symbol
 _atom_site_label
 _atom_site_symmetry_multiplicity
 _atom_site_fract_x
 _atom_site_fract_y
 _atom_site_fract_z
 _atom_site_occupancy
  Mg  Mg0  1  0.00000000  0.50000000  0.00000000  1
  Mg  Mg1  1  0.00000000  0.50000000  0.50000000  1
  Mg  Mg2  1  0.50000000  0.00000000  0.00000000  1
  Mg  Mg3  1  0.50000000  0.00000000  0.50000000  1
  Mg  Mg4  1  0.50000000  0.50000000  0.00000000  1
  Mg  Mg5  1  0.50000000  0.50000000  0.50000000  1
  Mg  Mg6  1  0.00000000  0.24800900  0.25027200  1
  Mg  Mg7  1  0.00000000  0.24800900  0.74972800  1
  Mg  Mg8  1  0.00000000  0.75199100  0.25027200  1
  Mg  Mg9  1  0.00000000  0.75199100  0.74972800  1
  Mg  Mg10  1  0.50000000  0.24953800  0.25025300  1
  Mg  Mg11  1  0.50000000  0.24953800  0.74974700  1
  Mg  Mg12  1  0.50000000  0.75046200  0.25025300  1
  Mg  Mg13  1  0.50000000  0.75046200  0.74974700  1
  Mg  Mg14  1  0.24800900  0.00000000  0.25027200  1
  Mg  Mg15  1  0.24800900  0.00000000  0.74972800  1
  Mg  Mg16  1  0.24953800  0.50000000  0.25025300  1
  Mg  Mg17  1  0.24953800  0.50000000  0.74974700  1
  Mg  Mg18  1  0.75199100  0.00000000  0.25027200  1
  Mg  Mg19  1  0.75199100  0.00000000  0.74972800  1
  Mg  Mg20  1  0.75046200  0.50000000  0.25025300  1
  Mg  Mg21  1  0.75046200  0.50000000  0.74974700  1
  Mg  Mg22  1  0.25016900  0.25016900  0.00000000  1
  Mg  Mg23  1  0.25095500  0.25095500  0.50000000  1
  Mg  Mg24  1  0.25016900  0.74983100  0.00000000  1
  Mg  Mg25  1  0.25095500  0.74904500  0.50000000  1
  Mg  Mg26  1  0.74983100  0.25016900  0.00000000  1
  Mg  Mg27  1  0.74904500  0.25095500  0.50000000  1
  Mg  Mg28  1  0.74983100  0.74983100  0.00000000  1
  Mg  Mg29  1  0.74904500  0.74904500  0.50000000  1
  Al  Al30  1  0.00000000  0.00000000  0.00000000  1
  Si  Si31  1  0.00000000  0.00000000  0.50000000  1
  O  O32  1  0.24442400  0.00000000  0.00000000  1
  O  O33  1  0.26187400  0.00000000  0.50000000  1
  O  O34  1  0.24932200  0.50000000  0.00000000  1
  O  O35  1  0.25152800  0.50000000  0.50000000  1
  O  O36  1  0.75557600  0.00000000  0.00000000  1
  O  O37  1  0.73812600  0.00000000  0.50000000  1
  O  O38  1  0.75067800  0.50000000  0.00000000  1
  O  O39  1  0.74847200  0.50000000  0.50000000  1
  O  O40  1  0.24952500  0.24952500  0.25036800  1
  O  O41  1  0.24952500  0.24952500  0.74963200  1
  O  O42  1  0.24952500  0.75047500  0.25036800  1
  O  O43  1  0.24952500  0.75047500  0.74963200  1
  O  O44  1  0.75047500  0.24952500  0.25036800  1
  O  O45  1  0.75047500  0.24952500  0.74963200  1
  O  O46  1  0.75047500  0.75047500  0.25036800  1
  O  O47  1  0.75047500  0.75047500  0.74963200  1
  O  O48  1  0.00000000  0.00000000  0.20354300  1
  O  O49  1  0.00000000  0.00000000  0.79645700  1
  O  O50  1  0.00000000  0.50000000  0.24621000  1
  O  O51  1  0.00000000  0.50000000  0.75379000  1
  O  O52  1  0.50000000  0.00000000  0.24621000  1
  O  O53  1  0.50000000  0.00000000  0.75379000  1
  O  O54  1  0.50000000  0.50000000  0.24871700  1
  O  O55  1  0.50000000  0.50000000  0.75128300  1
  O  O56  1  0.00000000  0.24442400  0.00000000  1
  O  O57  1  0.00000000  0.26187400  0.50000000  1
  O  O58  1  0.00000000  0.75557600  0.00000000  1
  O  O59  1  0.00000000  0.73812600  0.50000000  1
  O  O60  1  0.50000000  0.24932200  0.00000000  1
  O  O61  1  0.50000000  0.25152800  0.50000000  1
  O  O62  1  0.50000000  0.75067800  0.00000000  1
  O  O63  1  0.50000000  0.74847200  0.50000000  1
",Rotate all surrounding atoms within 2.683756732657753 angstrom of the center atom at index 50 by 76.09112071427504 degree around the axis [-1.  0.  0.] in the cif file. The rotation should following the right-hand rule.,"<cif>
# generated using pymatgen
data_Mg30AlSiO32
_symmetry_space_group_name_H-M   'P 1'
_cell_length_a   8.49063600
_cell_length_b   8.49063600
_cell_length_c   8.67914300
_cell_angle_alpha   90.00000000
_cell_angle_beta   90.00000000
_cell_angle_gamma   90.00000000
_symmetry_Int_Tables_number   1
_chemical_formula_structural   Mg30AlSiO32
_chemical_formula_sum   'Mg30 Al1 Si1 O32'
_cell_volume   625.68722736
_cell_formula_units_Z   1
loop_
 _symmetry_equiv_pos_site_id
 _symmetry_equiv_pos_as_xyz
  1  'x, y, z'
loop_
 _atom_site_type_symbol
 _atom_site_label
 _atom_site_symmetry_multiplicity
 _atom_site_fract_x
 _atom_site_fract_y
 _atom_site_fract_z
 _atom_site_occupancy
  Mg  Mg0  1  0.00000000  0.50000000  0.00000000  1
  Mg  Mg1  1  0.00000000  0.50000000  0.50000000  1
  Mg  Mg2  1  0.50000000  0.00000000  0.00000000  1
  Mg  Mg3  1  0.50000000  0.00000000  0.50000000  1
  Mg  Mg4  1  0.50000000  0.50000000  0.00000000  1
  Mg  Mg5  1  0.50000000  0.50000000  0.50000000  1
  Mg  Mg6  1  0.00000000  0.44315000  0.48660000  1
  Mg  Mg7  1  0.00000000  0.24800900  0.74972800  1
  Mg  Mg8  1  0.00000000  0.56450000  0.00793000  1
  Mg  Mg9  1  0.00000000  0.75199100  0.74972800  1
  Mg  Mg10  1  0.50000000  0.24953800  0.25025300  1
  Mg  Mg11  1  0.50000000  0.24953800  0.74974700  1
  Mg  Mg12  1  0.50000000  0.75046200  0.25025300  1
  Mg  Mg13  1  0.50000000  0.75046200  0.74974700  1
  Mg  Mg14  1  0.24800900  0.00000000  0.25027200  1
  Mg  Mg15  1  0.24800900  0.00000000  0.74972800  1
  Mg  Mg16  1  0.24953800  0.50430000  0.24730000  1
  Mg  Mg17  1  0.24953800  0.50000000  0.74974700  1
  Mg  Mg18  1  0.75199100  0.00000000  0.25027200  1
  Mg  Mg19  1  0.75199100  0.00000000  0.74972800  1
  Mg  Mg20  1  0.75046200  0.50000000  0.25025300  1
  Mg  Mg21  1  0.75046200  0.50000000  0.74974700  1
  Mg  Mg22  1  0.25016900  0.25016900  0.00000000  1
  Mg  Mg23  1  0.25095500  0.25095500  0.50000000  1
  Mg  Mg24  1  0.25016900  0.74983100  0.00000000  1
  Mg  Mg25  1  0.25095500  0.74904500  0.50000000  1
  Mg  Mg26  1  0.74983100  0.25016900  0.00000000  1
  Mg  Mg27  1  0.74904500  0.25095500  0.50000000  1
  Mg  Mg28  1  0.74983100  0.74983100  0.00000000  1
  Mg  Mg29  1  0.74904500  0.74904500  0.50000000  1
  Al  Al30  1  0.00000000  0.00000000  0.00000000  1
  Si  Si31  1  0.00000000  0.00000000  0.50000000  1
  O  O32  1  0.24442400  0.00000000  0.00000000  1
  O  O33  1  0.26187400  0.00000000  0.50000000  1
  O  O34  1  0.24932200  0.50000000  0.00000000  1
  O  O35  1  0.25152800  0.50000000  0.50000000  1
  O  O36  1  0.75557600  0.00000000  0.00000000  1
  O  O37  1  0.73812600  0.00000000  0.50000000  1
  O  O38  1  0.75067800  0.50000000  0.00000000  1
  O  O39  1  0.74847200  0.50000000  0.50000000  1
  O  O40  1  0.24952500  0.24952500  0.25036800  1
  O  O41  1  0.24952500  0.24952500  0.74963200  1
  O  O42  1  0.24952500  0.75047500  0.25036800  1
  O  O43  1  0.24952500  0.75047500  0.74963200  1
  O  O44  1  0.75047500  0.24952500  0.25036800  1
  O  O45  1  0.75047500  0.24952500  0.74963200  1
  O  O46  1  0.75047500  0.75047500  0.25036800  1
  O  O47  1  0.75047500  0.75047500  0.74963200  1
  O  O48  1  0.00000000  0.00000000  0.20354300  1
  O  O49  1  0.00000000  0.00000000  0.79645700  1
  O  O50  1  0.00000000  0.50000000  0.24621000  1
  O  O51  1  0.00000000  0.50000000  0.75379000  1
  O  O52  1  0.50000000  0.00000000  0.24621000  1
  O  O53  1  0.50000000  0.00000000  0.75379000  1
  O  O54  1  0.50000000  0.50000000  0.24871700  1
  O  O55  1  0.50000000  0.50000000  0.75128300  1
  O  O56  1  0.00000000  0.24442400  0.00000000  1
  O  O57  1  0.00000000  0.26187400  0.50000000  1
  O  O58  1  0.00000000  0.75557600  0.00000000  1
  O  O59  1  0.00000000  0.73812600  0.50000000  1
  O  O60  1  0.50000000  0.24932200  0.00000000  1
  O  O61  1  0.50000000  0.25152800  0.50000000  1
  O  O62  1  0.50000000  0.75067800  0.00000000  1
  O  O63  1  0.50000000  0.74847200  0.50000000  1
</cif>
","data_image0
_chemical_formula_structural       Mg30AlSiO32
_chemical_formula_sum              ""Mg30 Al1 Si1 O32""
_cell_length_a       8.490636
_cell_length_b       8.490636
_cell_length_c       8.679143
_cell_angle_alpha    90.0
_cell_angle_beta     90.0
_cell_angle_gamma    90.0

_space_group_name_H-M_alt    ""P 1""
_space_group_IT_number       1

loop_
  _space_group_symop_operation_xyz
  'x, y, z'

loop_
  _atom_site_type_symbol
  _atom_site_label
  _atom_site_symmetry_multiplicity
  _atom_site_fract_x
  _atom_site_fract_y
  _atom_site_fract_z
  _atom_site_occupancy
  Mg  Mg1       1.0  0.0  0.25570304640791097  0.18702641586350915  1.0000
  Mg  Mg2       1.0  0.0  0.7518180571550152  0.30721565297104103  1.0000
  Mg  Mg3       1.0  0.5  0.0  0.0  1.0000
  Mg  Mg4       1.0  0.5  0.0  0.5  1.0000
  Mg  Mg5       1.0  0.5  0.5  0.0  1.0000
  Mg  Mg6       1.0  0.5  0.5  0.5  1.0000
  Mg  Mg7       1.0  0.0  0.4434572262513813  0.4864761975087307  1.0000
  Mg  Mg8       1.0  0.0  0.248009  0.749728  1.0000
  Mg  Mg9       1.0  0.0  0.5646036504432376  0.007896637215792389  1.0000
  Mg  Mg10      1.0  0.0  0.7519910000000002  0.749728  1.0000
  Mg  Mg11      1.0  0.5  0.24953800000000004  0.250253  1.0000
  Mg  Mg12      1.0  0.5  0.24953800000000004  0.749747  1.0000
  Mg  Mg13      1.0  0.5  0.750462  0.250253  1.0000
  Mg  Mg14      1.0  0.5  0.750462  0.749747  1.0000
  Mg  Mg15      1.0  0.248009  0.0  0.250272  1.0000
  Mg  Mg16      1.0  0.248009  0.0  0.749728  1.0000
  Mg  Mg17      1.0  0.24953800000000004  0.504011585976901  0.24718185017125152  1.0000
  Mg  Mg18      1.0  0.24953800000000004  0.5  0.749747  1.0000
  Mg  Mg19      1.0  0.7519910000000002  0.0  0.250272  1.0000
  Mg  Mg20      1.0  0.7519910000000002  0.0  0.749728  1.0000
  Mg  Mg21      1.0  0.750462  0.504011585976901  0.24718185017125152  1.0000
  Mg  Mg22      1.0  0.750462  0.5  0.749747  1.0000
  Mg  Mg23      1.0  0.250169  0.250169  0.0  1.0000
  Mg  Mg24      1.0  0.250955  0.250955  0.5  1.0000
  Mg  Mg25      1.0  0.250169  0.749831  0.0  1.0000
  Mg  Mg26      1.0  0.250955  0.749045  0.5  1.0000
  Mg  Mg27      1.0  0.749831  0.250169  0.0  1.0000
  Mg  Mg28      1.0  0.749045  0.250955  0.5  1.0000
  Mg  Mg29      1.0  0.749831  0.749831  0.0  1.0000
  Mg  Mg30      1.0  0.749045  0.749045  0.5  1.0000
  Al  Al1       1.0  0.0  0.0  0.0  1.0000
  Si  Si1       1.0  0.0  0.0  0.5  1.0000
  O   O1        1.0  0.244424  0.0  0.0  1.0000
  O   O2        1.0  0.2618740000000001  0.0  0.5  1.0000
  O   O3        1.0  0.249322  0.5  0.0  1.0000
  O   O4        1.0  0.251528  0.5  0.5  1.0000
  O   O5        1.0  0.755576  0.0  0.0  1.0000
  O   O6        1.0  0.738126  0.0  0.5  1.0000
  O   O7        1.0  0.7506780000000001  0.5  0.0  1.0000
  O   O8        1.0  0.7484720000000002  0.5  0.5  1.0000
  O   O9        1.0  0.249525  0.249525  0.250368  1.0000
  O   O10       1.0  0.249525  0.249525  0.749632  1.0000
  O   O11       1.0  0.249525  0.750475  0.250368  1.0000
  O   O12       1.0  0.249525  0.750475  0.749632  1.0000
  O   O13       1.0  0.750475  0.249525  0.250368  1.0000
  O   O14       1.0  0.750475  0.249525  0.749632  1.0000
  O   O15       1.0  0.750475  0.750475  0.250368  1.0000
  O   O16       1.0  0.750475  0.750475  0.749632  1.0000
  O   O17       1.0  0.0  0.0  0.203543  1.0000
  O   O18       1.0  0.0  0.0  0.7964569999999999  1.0000
  O   O19       1.0  0.0  0.5  0.24621  1.0000
  O   O20       1.0  0.0  0.5  0.75379  1.0000
  O   O21       1.0  0.5  0.0  0.24621  1.0000
  O   O22       1.0  0.5  0.0  0.75379  1.0000
  O   O23       1.0  0.5  0.5  0.248717  1.0000
  O   O24       1.0  0.5  0.5  0.751283  1.0000
  O   O25       1.0  0.0  0.244424  0.0  1.0000
  O   O26       1.0  0.0  0.2618740000000001  0.5  1.0000
  O   O27       1.0  0.0  0.755576  0.0  1.0000
  O   O28       1.0  0.0  0.738126  0.5  1.0000
  O   O29       1.0  0.5  0.249322  0.0  1.0000
  O   O30       1.0  0.5  0.251528  0.5  1.0000
  O   O31       1.0  0.5  0.7506780000000001  0.0  1.0000
  O   O32       1.0  0.5  0.7484720000000002  0.5  1.0000
"
"# generated using pymatgen
data_Mg30NbCO32
_symmetry_space_group_name_H-M   'P 1'
_cell_length_a   8.60541200
_cell_length_b   8.60541200
_cell_length_c   8.53405100
_cell_angle_alpha   90.00000000
_cell_angle_beta   90.00000000
_cell_angle_gamma   90.00000000
_symmetry_Int_Tables_number   1
_chemical_formula_structural   Mg30NbCO32
_chemical_formula_sum   'Mg30 Nb1 C1 O32'
_cell_volume   631.97306601
_cell_formula_units_Z   1
loop_
 _symmetry_equiv_pos_site_id
 _symmetry_equiv_pos_as_xyz
  1  'x, y, z'
loop_
 _atom_site_type_symbol
 _atom_site_label
 _atom_site_symmetry_multiplicity
 _atom_site_fract_x
 _atom_site_fract_y
 _atom_site_fract_z
 _atom_site_occupancy
  Mg  Mg0  1  0.50000000  0.00000000  0.00000000  1
  Mg  Mg1  1  0.00000000  0.50000000  0.00000000  1
  Mg  Mg2  1  0.00000000  0.00000000  0.50000000  1
  Mg  Mg3  1  0.50000000  0.00000000  0.50000000  1
  Mg  Mg4  1  0.00000000  0.50000000  0.50000000  1
  Mg  Mg5  1  0.50000000  0.50000000  0.50000000  1
  Mg  Mg6  1  0.26150200  0.26150200  0.00000000  1
  Mg  Mg7  1  0.73849800  0.26150200  0.00000000  1
  Mg  Mg8  1  0.26150200  0.73849800  0.00000000  1
  Mg  Mg9  1  0.73849800  0.73849800  0.00000000  1
  Mg  Mg10  1  0.25193600  0.25193600  0.50000000  1
  Mg  Mg11  1  0.74806400  0.25193600  0.50000000  1
  Mg  Mg12  1  0.25193600  0.74806400  0.50000000  1
  Mg  Mg13  1  0.74806400  0.74806400  0.50000000  1
  Mg  Mg14  1  0.25476800  0.00000000  0.25381300  1
  Mg  Mg15  1  0.74523200  0.00000000  0.25381300  1
  Mg  Mg16  1  0.25271500  0.50000000  0.24646100  1
  Mg  Mg17  1  0.74728500  0.50000000  0.24646100  1
  Mg  Mg18  1  0.25476800  0.00000000  0.74618700  1
  Mg  Mg19  1  0.74523200  0.00000000  0.74618700  1
  Mg  Mg20  1  0.25271500  0.50000000  0.75353900  1
  Mg  Mg21  1  0.74728500  0.50000000  0.75353900  1
  Mg  Mg22  1  0.00000000  0.25476800  0.25381300  1
  Mg  Mg23  1  0.50000000  0.25271500  0.24646100  1
  Mg  Mg24  1  0.00000000  0.74523200  0.25381300  1
  Mg  Mg25  1  0.50000000  0.74728500  0.24646100  1
  Mg  Mg26  1  0.00000000  0.25476800  0.74618700  1
  Mg  Mg27  1  0.50000000  0.25271500  0.75353900  1
  Mg  Mg28  1  0.00000000  0.74523200  0.74618700  1
  Mg  Mg29  1  0.50000000  0.74728500  0.75353900  1
  Nb  Nb30  1  0.00000000  0.00000000  0.00000000  1
  C  C31  1  0.50000000  0.50000000  0.00000000  1
  O  O32  1  0.00000000  0.00000000  0.25704800  1
  O  O33  1  0.50000000  0.00000000  0.25360100  1
  O  O34  1  0.00000000  0.50000000  0.25360100  1
  O  O35  1  0.50000000  0.50000000  0.25600500  1
  O  O36  1  0.00000000  0.00000000  0.74295200  1
  O  O37  1  0.50000000  0.00000000  0.74639900  1
  O  O38  1  0.00000000  0.50000000  0.74639900  1
  O  O39  1  0.50000000  0.50000000  0.74399500  1
  O  O40  1  0.24982500  0.24982500  0.24879700  1
  O  O41  1  0.75017500  0.24982500  0.24879700  1
  O  O42  1  0.24982500  0.75017500  0.24879700  1
  O  O43  1  0.75017500  0.75017500  0.24879700  1
  O  O44  1  0.24982500  0.24982500  0.75120300  1
  O  O45  1  0.75017500  0.24982500  0.75120300  1
  O  O46  1  0.24982500  0.75017500  0.75120300  1
  O  O47  1  0.75017500  0.75017500  0.75120300  1
  O  O48  1  0.24687900  0.00000000  0.00000000  1
  O  O49  1  0.75312100  0.00000000  0.00000000  1
  O  O50  1  0.22672900  0.50000000  0.00000000  1
  O  O51  1  0.77327100  0.50000000  0.00000000  1
  O  O52  1  0.24995900  0.00000000  0.50000000  1
  O  O53  1  0.75004100  0.00000000  0.50000000  1
  O  O54  1  0.24994900  0.50000000  0.50000000  1
  O  O55  1  0.75005100  0.50000000  0.50000000  1
  O  O56  1  0.00000000  0.24687900  0.00000000  1
  O  O57  1  0.50000000  0.22672900  0.00000000  1
  O  O58  1  0.00000000  0.75312100  0.00000000  1
  O  O59  1  0.50000000  0.77327100  0.00000000  1
  O  O60  1  0.00000000  0.24995900  0.50000000  1
  O  O61  1  0.50000000  0.24994900  0.50000000  1
  O  O62  1  0.00000000  0.75004100  0.50000000  1
  O  O63  1  0.50000000  0.75005100  0.50000000  1
",Rotate all surrounding atoms within 2.6521803933314283 angstrom of the center atom at index 53 by 73.45558735649026 degree around the axis [ 0.  0. -1.] in the cif file. The rotation should following the right-hand rule.,"<cif>
# generated using pymatgen
data_Mg30NbCO32
_symmetry_space_group_name_H-M   'P 1'
_cell_length_a   8.60541200
_cell_length_b   8.60541200
_cell_length_c   8.53405100
_cell_angle_alpha   90.00000000
_cell_angle_beta   90.00000000
_cell_angle_gamma   90.00000000
_symmetry_Int_Tables_number   1
_chemical_formula_structural   Mg30NbCO32
_chemical_formula_sum   'Mg30 Nb1 C1 O32'
_cell_volume   631.97306601
_cell_formula_units_Z   1
loop_
 _symmetry_equiv_pos_site_id
 _symmetry_equiv_pos_as_xyz
  1  'x, y, z'
loop_
 _atom_site_type_symbol
 _atom_site_label
 _atom_site_symmetry_multiplicity
 _atom_site_fract_x
 _atom_site_fract_y
 _atom_site_fract_z
 _atom_site_occupancy
  Mg  Mg0  1  0.50000000  0.00000000  0.00000000  1
  Mg  Mg1  1  0.00000000  0.50000000  0.00000000  1
  Mg  Mg2  1  0.00000000  0.00000000  0.50000000  1
  Mg  Mg3  1  0.67883800  0.23968800  0.50000000  1
  Mg  Mg4  1  0.00000000  0.50000000  0.50000000  1
  Mg  Mg5  1  0.50000000  0.50000000  0.50000000  1
  Mg  Mg6  1  0.26150200  0.26150200  0.00000000  1
  Mg  Mg7  1  0.73849800  0.26150200  0.00000000  1
  Mg  Mg8  1  0.26150200  0.73849800  0.00000000  1
  Mg  Mg9  1  0.73849800  0.73849800  0.00000000  1
  Mg  Mg10  1  0.25193600  0.25193600  0.50000000  1
  Mg  Mg11  1  0.99098000  0.07363700  0.50000000  1
  Mg  Mg12  1  0.25193600  0.74806400  0.50000000  1
  Mg  Mg13  1  0.74806400  0.74806400  0.50000000  1
  Mg  Mg14  1  0.25476800  0.00000000  0.25381300  1
  Mg  Mg15  1  0.74867200  0.00461000  0.25381300  1
  Mg  Mg16  1  0.25271500  0.50000000  0.24646100  1
  Mg  Mg17  1  0.74728500  0.50000000  0.24646100  1
  Mg  Mg18  1  0.25476800  0.00000000  0.74618700  1
  Mg  Mg19  1  0.74867200  0.00461000  0.74618700  1
  Mg  Mg20  1  0.25271500  0.50000000  0.75353900  1
  Mg  Mg21  1  0.74728500  0.50000000  0.75353900  1
  Mg  Mg22  1  0.00000000  0.25476800  0.25381300  1
  Mg  Mg23  1  0.50000000  0.25271500  0.24646100  1
  Mg  Mg24  1  0.00000000  0.74523200  0.25381300  1
  Mg  Mg25  1  0.50000000  0.74728500  0.24646100  1
  Mg  Mg26  1  0.00000000  0.25476800  0.74618700  1
  Mg  Mg27  1  0.50000000  0.25271500  0.75353900  1
  Mg  Mg28  1  0.00000000  0.74523200  0.74618700  1
  Mg  Mg29  1  0.50000000  0.74728500  0.75353900  1
  Nb  Nb30  1  0.00000000  0.00000000  0.00000000  1
  C  C31  1  0.50000000  0.50000000  0.00000000  1
  O  O32  1  0.00000000  0.00000000  0.25704800  1
  O  O33  1  0.50000000  0.00000000  0.25360100  1
  O  O34  1  0.00000000  0.50000000  0.25360100  1
  O  O35  1  0.50000000  0.50000000  0.25600500  1
  O  O36  1  0.00000000  0.00000000  0.74295200  1
  O  O37  1  0.50000000  0.00000000  0.74639900  1
  O  O38  1  0.00000000  0.50000000  0.74639900  1
  O  O39  1  0.50000000  0.50000000  0.74399500  1
  O  O40  1  0.24982500  0.24982500  0.24879700  1
  O  O41  1  0.75017500  0.24982500  0.24879700  1
  O  O42  1  0.24982500  0.75017500  0.24879700  1
  O  O43  1  0.75017500  0.75017500  0.24879700  1
  O  O44  1  0.24982500  0.24982500  0.75120300  1
  O  O45  1  0.75017500  0.24982500  0.75120300  1
  O  O46  1  0.24982500  0.75017500  0.75120300  1
  O  O47  1  0.75017500  0.75017500  0.75120300  1
  O  O48  1  0.24687900  0.00000000  0.00000000  1
  O  O49  1  0.75312100  0.00000000  0.00000000  1
  O  O50  1  0.22672900  0.50000000  0.00000000  1
  O  O51  1  0.77327100  0.50000000  0.00000000  1
  O  O52  1  0.24995900  0.00000000  0.50000000  1
  O  O53  1  0.75004100  0.00000000  0.50000000  1
  O  O54  1  0.24994900  0.50000000  0.50000000  1
  O  O55  1  0.75005100  0.50000000  0.50000000  1
  O  O56  1  0.00000000  0.24687900  0.00000000  1
  O  O57  1  0.50000000  0.22672900  0.00000000  1
  O  O58  1  0.00000000  0.75312100  0.00000000  1
  O  O59  1  0.50000000  0.77327100  0.00000000  1
  O  O60  1  0.00000000  0.24995900  0.50000000  1
  O  O61  1  0.50000000  0.24994900  0.50000000  1
  O  O62  1  0.00000000  0.75004100  0.50000000  1
  O  O63  1  0.50000000  0.75005100  0.50000000  1
</cif>
","data_image0
_chemical_formula_structural       Mg30NbCO32
_chemical_formula_sum              ""Mg30 Nb1 C1 O32""
_cell_length_a       8.605412
_cell_length_b       8.605412
_cell_length_c       8.534051
_cell_angle_alpha    90.0
_cell_angle_beta     90.0
_cell_angle_gamma    90.0

_space_group_name_H-M_alt    ""P 1""
_space_group_IT_number       1

loop_
  _space_group_symop_operation_xyz
  'x, y, z'

loop_
  _atom_site_type_symbol
  _atom_site_label
  _atom_site_symmetry_multiplicity
  _atom_site_fract_x
  _atom_site_fract_y
  _atom_site_fract_z
  _atom_site_occupancy
  Mg  Mg1       1.0  0.5  0.0  0.0  1.0000
  Mg  Mg2       1.0  0.0  0.5  0.0  1.0000
  Mg  Mg3       1.0  0.5364604608450394  0.7189887724959803  0.5  1.0000
  Mg  Mg4       1.0  0.6788397035497452  0.23968912587934177  0.5  1.0000
  Mg  Mg5       1.0  0.0  0.5  0.5  1.0000
  Mg  Mg6       1.0  0.5  0.5  0.5  1.0000
  Mg  Mg7       1.0  0.261502  0.261502  0.0  1.0000
  Mg  Mg8       1.0  0.738498  0.261502  0.0  1.0000
  Mg  Mg9       1.0  0.261502  0.738498  0.0  1.0000
  Mg  Mg10      1.0  0.738498  0.738498  0.0  1.0000
  Mg  Mg11      1.0  0.251936  0.251936  0.5  1.0000
  Mg  Mg12      1.0  0.9909837040143644  0.07363606458282776  0.5  1.0000
  Mg  Mg13      1.0  0.251936  0.748064  0.5  1.0000
  Mg  Mg14      1.0  0.4665716541676035  0.21491272243202833  0.5  1.0000
  Mg  Mg15      1.0  0.254768  0.0  0.253813  1.0000
  Mg  Mg16      1.0  0.7486715964436661  0.00460990400115875  0.253813  1.0000
  Mg  Mg17      1.0  0.252715  0.5  0.24646099999999999  1.0000
  Mg  Mg18      1.0  0.747285  0.5  0.24646099999999999  1.0000
  Mg  Mg19      1.0  0.254768  0.0  0.746187  1.0000
  Mg  Mg20      1.0  0.7486715964436661  0.00460990400115875  0.746187  1.0000
  Mg  Mg21      1.0  0.252715  0.5  0.753539  1.0000
  Mg  Mg22      1.0  0.747285  0.5  0.753539  1.0000
  Mg  Mg23      1.0  0.0  0.254768  0.253813  1.0000
  Mg  Mg24      1.0  0.5  0.252715  0.24646099999999999  1.0000
  Mg  Mg25      1.0  0.0  0.745232  0.253813  1.0000
  Mg  Mg26      1.0  0.5  0.747285  0.24646099999999999  1.0000
  Mg  Mg27      1.0  0.0  0.254768  0.746187  1.0000
  Mg  Mg28      1.0  0.5  0.252715  0.753539  1.0000
  Mg  Mg29      1.0  0.0  0.745232  0.746187  1.0000
  Mg  Mg30      1.0  0.5  0.747285  0.753539  1.0000
  Nb  Nb1       1.0  0.0  0.0  0.0  1.0000
  C   C1        1.0  0.5  0.5  0.0  1.0000
  O   O1        1.0  0.0  0.0  0.257048  1.0000
  O   O2        1.0  0.5  0.0  0.253601  1.0000
  O   O3        1.0  0.0  0.5  0.253601  1.0000
  O   O4        1.0  0.5  0.5  0.256005  1.0000
  O   O5        1.0  0.0  0.0  0.742952  1.0000
  O   O6        1.0  0.5  0.0  0.746399  1.0000
  O   O7        1.0  0.0  0.5  0.746399  1.0000
  O   O8        1.0  0.5  0.5  0.7439949999999999  1.0000
  O   O9        1.0  0.249825  0.249825  0.248797  1.0000
  O   O10       1.0  0.750175  0.249825  0.248797  1.0000
  O   O11       1.0  0.249825  0.750175  0.248797  1.0000
  O   O12       1.0  0.750175  0.750175  0.248797  1.0000
  O   O13       1.0  0.249825  0.249825  0.751203  1.0000
  O   O14       1.0  0.750175  0.249825  0.751203  1.0000
  O   O15       1.0  0.249825  0.750175  0.751203  1.0000
  O   O16       1.0  0.750175  0.750175  0.751203  1.0000
  O   O17       1.0  0.246879  0.0  0.0  1.0000
  O   O18       1.0  0.753121  0.0  0.0  1.0000
  O   O19       1.0  0.226729  0.5  0.0  1.0000
  O   O20       1.0  0.773271  0.5  0.0  1.0000
  O   O21       1.0  0.249959  0.0  0.5  1.0000
  O   O22       1.0  0.750041  0.0  0.5  1.0000
  O   O23       1.0  0.24994900000000003  0.5  0.5  1.0000
  O   O24       1.0  0.750051  0.5  0.5  1.0000
  O   O25       1.0  0.0  0.246879  0.0  1.0000
  O   O26       1.0  0.5  0.226729  0.0  1.0000
  O   O27       1.0  0.0  0.753121  0.0  1.0000
  O   O28       1.0  0.5  0.773271  0.0  1.0000
  O   O29       1.0  0.0  0.249959  0.5  1.0000
  O   O30       1.0  0.5  0.24994900000000003  0.5  1.0000
  O   O31       1.0  0.0  0.750041  0.5  1.0000
  O   O32       1.0  0.5  0.750051  0.5  1.0000
"
"# generated using pymatgen
data_MgFe2(PO4)2
_symmetry_space_group_name_H-M   'P 1'
_cell_length_a   8.87978472
_cell_length_b   8.87978472
_cell_length_c   16.54759920
_cell_angle_alpha   61.44010649
_cell_angle_beta   61.44010649
_cell_angle_gamma   33.57190671
_symmetry_Int_Tables_number   1
_chemical_formula_structural   MgFe2(PO4)2
_chemical_formula_sum   'Mg4 Fe8 P8 O32'
_cell_volume   625.12812379
_cell_formula_units_Z   4
loop_
 _symmetry_equiv_pos_site_id
 _symmetry_equiv_pos_as_xyz
  1  'x, y, z'
loop_
 _atom_site_type_symbol
 _atom_site_label
 _atom_site_symmetry_multiplicity
 _atom_site_fract_x
 _atom_site_fract_y
 _atom_site_fract_z
 _atom_site_occupancy
  Mg  Mg0  1  0.14161000  0.55917700  0.12359400  1
  Mg  Mg1  1  0.44082300  0.85839000  0.37640600  1
  Mg  Mg2  1  0.55917700  0.14161000  0.62359400  1
  Mg  Mg3  1  0.85839000  0.44082300  0.87640600  1
  Fe  Fe4  1  0.39418100  0.79620400  0.03398500  1
  Fe  Fe5  1  0.20379600  0.60581900  0.46601500  1
  Fe  Fe6  1  0.60581900  0.20379600  0.96601500  1
  Fe  Fe7  1  0.00000000  0.50000000  0.00000000  1
  Fe  Fe8  1  0.79620400  0.39418100  0.53398500  1
  Fe  Fe9  1  0.57480100  0.42519900  0.75000000  1
  Fe  Fe10  1  0.42519900  0.57480100  0.25000000  1
  Fe  Fe11  1  0.50000000  0.00000000  0.50000000  1
  P  P12  1  0.48740000  0.93646900  0.14416400  1
  P  P13  1  0.82011900  0.22186900  0.38879500  1
  P  P14  1  0.51260000  0.06353100  0.85583600  1
  P  P15  1  0.22186900  0.82011900  0.88879500  1
  P  P16  1  0.93646900  0.48740000  0.64416400  1
  P  P17  1  0.06353100  0.51260000  0.35583600  1
  P  P18  1  0.17988100  0.77813100  0.61120500  1
  P  P19  1  0.77813100  0.17988100  0.11120500  1
  O  O20  1  0.19975800  0.27490800  0.90052000  1
  O  O21  1  0.57336700  0.26071100  0.08055500  1
  O  O22  1  0.27490800  0.19975800  0.40052000  1
  O  O23  1  0.64662200  0.19102400  0.45889600  1
  O  O24  1  0.67465400  0.78494600  0.92751800  1
  O  O25  1  0.76268500  0.34195700  0.28980500  1
  O  O26  1  0.80897600  0.35337800  0.04110400  1
  O  O27  1  0.92951400  0.13207500  0.89534400  1
  O  O28  1  0.35337800  0.80897600  0.54110400  1
  O  O29  1  0.73928900  0.42663300  0.41944500  1
  O  O30  1  0.60454100  0.15716800  0.85590600  1
  O  O31  1  0.97116800  0.43168500  0.73881600  1
  O  O32  1  0.42663300  0.73928900  0.91944500  1
  O  O33  1  0.13207500  0.92951400  0.39534400  1
  O  O34  1  0.80024200  0.72509200  0.09948000  1
  O  O35  1  0.39545900  0.84283200  0.14409400  1
  O  O36  1  0.43168500  0.97116800  0.23881600  1
  O  O37  1  0.19102400  0.64662200  0.95889600  1
  O  O38  1  0.15716800  0.60454100  0.35590600  1
  O  O39  1  0.02883200  0.56831500  0.26118400  1
  O  O40  1  0.86792500  0.07048600  0.60465600  1
  O  O41  1  0.78494600  0.67465400  0.42751800  1
  O  O42  1  0.07048600  0.86792500  0.10465600  1
  O  O43  1  0.34195700  0.76268500  0.78980500  1
  O  O44  1  0.26071100  0.57336700  0.58055500  1
  O  O45  1  0.72509200  0.80024200  0.59948000  1
  O  O46  1  0.56831500  0.02883200  0.76118400  1
  O  O47  1  0.21505400  0.32534600  0.57248200  1
  O  O48  1  0.32534600  0.21505400  0.07248200  1
  O  O49  1  0.65804300  0.23731500  0.21019500  1
  O  O50  1  0.23731500  0.65804300  0.71019500  1
  O  O51  1  0.84283200  0.39545900  0.64409400  1
",Rotate all surrounding atoms within 1.5851951817710055 angstrom of the center atom at index 18 by 164.08674298872432 degree around the axis [ 0.  0. -1.] in the cif file. The rotation should following the right-hand rule.,"<cif>
# generated using pymatgen
data_MgFe2(PO4)2
_symmetry_space_group_name_H-M   'P 1'
_cell_length_a   8.87978472
_cell_length_b   8.87978472
_cell_length_c   16.54759920
_cell_angle_alpha   61.44010649
_cell_angle_beta   61.44010649
_cell_angle_gamma   33.57190671
_symmetry_Int_Tables_number   1
_chemical_formula_structural   MgFe2(PO4)2
_chemical_formula_sum   'Mg4 Fe8 P8 O32'
_cell_volume   625.12812379
_cell_formula_units_Z   4
loop_
 _symmetry_equiv_pos_site_id
 _symmetry_equiv_pos_as_xyz
  1  'x, y, z'
loop_
 _atom_site_type_symbol
 _atom_site_label
 _atom_site_symmetry_multiplicity
 _atom_site_fract_x
 _atom_site_fract_y
 _atom_site_fract_z
 _atom_site_occupancy
  Mg  Mg0  1  0.14161000  0.55917700  0.12359400  1
  Mg  Mg1  1  0.44082300  0.85839000  0.37640600  1
  Mg  Mg2  1  0.55917700  0.14161000  0.62359400  1
  Mg  Mg3  1  0.85839000  0.44082300  0.87640600  1
  Fe  Fe4  1  0.39418100  0.79620400  0.03398500  1
  Fe  Fe5  1  0.20379600  0.60581900  0.46601500  1
  Fe  Fe6  1  0.60581900  0.20379600  0.96601500  1
  Fe  Fe7  1  0.00000000  0.50000000  0.00000000  1
  Fe  Fe8  1  0.79620400  0.39418100  0.53398500  1
  Fe  Fe9  1  0.57480100  0.42519900  0.75000000  1
  Fe  Fe10  1  0.42519900  0.57480100  0.25000000  1
  Fe  Fe11  1  0.50000000  0.00000000  0.50000000  1
  P  P12  1  0.48740000  0.93646900  0.14416400  1
  P  P13  1  0.82011900  0.22186900  0.38879500  1
  P  P14  1  0.51260000  0.06353100  0.85583600  1
  P  P15  1  0.22186900  0.82011900  0.88879500  1
  P  P16  1  0.93646900  0.48740000  0.64416400  1
  P  P17  1  0.06353100  0.51260000  0.35583600  1
  P  P18  1  0.17988100  0.77813100  0.61120500  1
  P  P19  1  0.77813100  0.17988100  0.11120500  1
  O  O20  1  0.19975800  0.27490800  0.90052000  1
  O  O21  1  0.57336700  0.26071100  0.08055500  1
  O  O22  1  0.27490800  0.19975800  0.40052000  1
  O  O23  1  0.64662200  0.19102400  0.45889600  1
  O  O24  1  0.67465400  0.78494600  0.92751800  1
  O  O25  1  0.76268500  0.34195700  0.28980500  1
  O  O26  1  0.80897600  0.35337800  0.04110400  1
  O  O27  1  0.92951400  0.13207500  0.89534400  1
  O  O28  1  0.13880000  0.75200000  0.54100000  1
  O  O29  1  0.73928900  0.42663300  0.41944500  1
  O  O30  1  0.60454100  0.15716800  0.85590600  1
  O  O31  1  0.97116800  0.43168500  0.73881600  1
  O  O32  1  0.42663300  0.73928900  0.91944500  1
  O  O33  1  0.13207500  0.92951400  0.39534400  1
  O  O34  1  0.80024200  0.72509200  0.09948000  1
  O  O35  1  0.39545900  0.84283200  0.14409400  1
  O  O36  1  0.43168500  0.97116800  0.23881600  1
  O  O37  1  0.19102400  0.64662200  0.95889600  1
  O  O38  1  0.15716800  0.60454100  0.35590600  1
  O  O39  1  0.02883200  0.56831500  0.26118400  1
  O  O40  1  0.50300000  0.54300000  0.60400000  1
  O  O41  1  0.78494600  0.67465400  0.42751800  1
  O  O42  1  0.07048600  0.86792500  0.10465600  1
  O  O43  1  0.34195700  0.76268500  0.78980500  1
  O  O44  1  0.05800000  0.06900000  0.58000000  1
  O  O45  1  0.72509200  0.80024200  0.59948000  1
  O  O46  1  0.56831500  0.02883200  0.76118400  1
  O  O47  1  0.21505400  0.32534600  0.57248200  1
  O  O48  1  0.32534600  0.21505400  0.07248200  1
  O  O49  1  0.65804300  0.23731500  0.21019500  1
  O  O50  1  0.04300000  0.78200000  0.70900000  1
  O  O51  1  0.84283200  0.39545900  0.64409400  1
</cif>
","data_image0
_chemical_formula_structural       Mg4Fe8P8O32
_chemical_formula_sum              ""Mg4 Fe8 P8 O32""
_cell_length_a       8.87978472
_cell_length_b       8.87978472
_cell_length_c       16.5475992
_cell_angle_alpha    61.44010649
_cell_angle_beta     61.44010649
_cell_angle_gamma    33.57190670999999

_space_group_name_H-M_alt    ""P 1""
_space_group_IT_number       1

loop_
  _space_group_symop_operation_xyz
  'x, y, z'

loop_
  _atom_site_type_symbol
  _atom_site_label
  _atom_site_symmetry_multiplicity
  _atom_site_fract_x
  _atom_site_fract_y
  _atom_site_fract_z
  _atom_site_occupancy
  Mg  Mg1       1.0  0.14160999999999999  0.559177  0.123594  1.0000
  Mg  Mg2       1.0  0.440823  0.85839  0.376406  1.0000
  Mg  Mg3       1.0  0.5591770000000001  0.14161000000000004  0.623594  1.0000
  Mg  Mg4       1.0  0.8583899999999999  0.44082300000000013  0.876406  1.0000
  Fe  Fe1       1.0  0.39418100000000006  0.796204  0.033985  1.0000
  Fe  Fe2       1.0  0.2037960000000001  0.605819  0.466015  1.0000
  Fe  Fe3       1.0  0.6058189999999998  0.20379600000000006  0.966015  1.0000
  Fe  Fe4       1.0  0.0  0.5  0.0  1.0000
  Fe  Fe5       1.0  0.7962039999999999  0.394181  0.533985  1.0000
  Fe  Fe6       1.0  0.5748010000000001  0.4251989999999999  0.75  1.0000
  Fe  Fe7       1.0  0.42519899999999994  0.5748010000000001  0.25  1.0000
  Fe  Fe8       1.0  0.5000000000000001  0.0  0.5  1.0000
  P   P1        1.0  0.4874  0.936469  0.144164  1.0000
  P   P2        1.0  0.8201189999999999  0.22186899999999998  0.388795  1.0000
  P   P3        1.0  0.5125999999999997  0.06353100000000006  0.855836  1.0000
  P   P4        1.0  0.22186900000000007  0.820119  0.888795  1.0000
  P   P5        1.0  0.9364690000000002  0.48740000000000006  0.6441639999999998  1.0000
  P   P6        1.0  0.06353099999999992  0.5126  0.355836  1.0000
  P   P7        1.0  0.17988099999999996  0.7781310000000001  0.611205  1.0000
  P   P8        1.0  0.778131  0.179881  0.111205  1.0000
  O   O1        1.0  0.19975800000000007  0.27490799999999993  0.90052  1.0000
  O   O2        1.0  0.573367  0.260711  0.080555  1.0000
  O   O3        1.0  0.274908  0.199758  0.40052  1.0000
  O   O4        1.0  0.6466219999999999  0.19102400000000005  0.458896  1.0000
  O   O5        1.0  0.6746539999999999  0.7849459999999999  0.927518  1.0000
  O   O6        1.0  0.7626849999999998  0.34195700000000007  0.2898049999999999  1.0000
  O   O7        1.0  0.808976  0.353378  0.041104  1.0000
  O   O8        1.0  0.929514  0.1320750000000001  0.895344  1.0000
  O   O9        1.0  0.13586553143385943  0.7474978679620732  0.541104  1.0000
  O   O10       1.0  0.7392890000000001  0.426633  0.419445  1.0000
  O   O11       1.0  0.604541  0.15716800000000006  0.855906  1.0000
  O   O12       1.0  0.9711680000000005  0.43168500000000004  0.7388159999999999  1.0000
  O   O13       1.0  0.42663299999999976  0.739289  0.919445  1.0000
  O   O14       1.0  0.13207499999999983  0.9295140000000001  0.395344  1.0000
  O   O15       1.0  0.800242  0.725092  0.09947999999999999  1.0000
  O   O16       1.0  0.39545899999999995  0.842832  0.144094  1.0000
  O   O17       1.0  0.4316849999999998  0.971168  0.238816  1.0000
  O   O18       1.0  0.1910240000000001  0.6466219999999999  0.958896  1.0000
  O   O19       1.0  0.15716800000000006  0.604541  0.355906  1.0000
  O   O20       1.0  0.028832  0.568315  0.261184  1.0000
  O   O21       1.0  0.4549301731167501  0.41898533108172176  0.604656  1.0000
  O   O22       1.0  0.784946  0.674654  0.427518  1.0000
  O   O23       1.0  0.07048600000000002  0.867925  0.104656  1.0000
  O   O24       1.0  0.341957  0.7626849999999998  0.789805  1.0000
  O   O25       1.0  0.04969503481474078  0.0623209893969654  0.580555  1.0000
  O   O26       1.0  0.7250919999999996  0.8002420000000001  0.59948  1.0000
  O   O27       1.0  0.5683149999999998  0.028832000000000028  0.761184  1.0000
  O   O28       1.0  0.21505399999999997  0.325346  0.572482  1.0000
  O   O29       1.0  0.32534600000000014  0.215054  0.072482  1.0000
  O   O30       1.0  0.6580429999999998  0.237315  0.210195  1.0000
  O   O31       1.0  0.038187747694735576  0.7766516230166629  0.710195  1.0000
  O   O32       1.0  0.8428319999999999  0.395459  0.644094  1.0000
"
"# generated using pymatgen
data_MgCu2(TeO4)2
_symmetry_space_group_name_H-M   'P 1'
_cell_length_a   6.28836106
_cell_length_b   8.74945500
_cell_length_c   13.39749789
_cell_angle_alpha   90.00000000
_cell_angle_beta   91.02886832
_cell_angle_gamma   90.00000000
_symmetry_Int_Tables_number   1
_chemical_formula_structural   MgCu2(TeO4)2
_chemical_formula_sum   'Mg4 Cu8 Te8 O32'
_cell_volume   737.00790216
_cell_formula_units_Z   4
loop_
 _symmetry_equiv_pos_site_id
 _symmetry_equiv_pos_as_xyz
  1  'x, y, z'
loop_
 _atom_site_type_symbol
 _atom_site_label
 _atom_site_symmetry_multiplicity
 _atom_site_fract_x
 _atom_site_fract_y
 _atom_site_fract_z
 _atom_site_occupancy
  Mg  Mg0  1  0.11908800  0.15590000  0.04685400  1
  Mg  Mg1  1  0.88091200  0.84410000  0.95314600  1
  Mg  Mg2  1  0.88091200  0.65590000  0.45314600  1
  Mg  Mg3  1  0.11908800  0.34410000  0.54685400  1
  Cu  Cu4  1  0.74625000  0.18276700  0.89063600  1
  Cu  Cu5  1  0.39393600  0.07427400  0.62224300  1
  Cu  Cu6  1  0.60606400  0.92572600  0.37775700  1
  Cu  Cu7  1  0.25375000  0.81723300  0.10936400  1
  Cu  Cu8  1  0.74625000  0.31723300  0.39063600  1
  Cu  Cu9  1  0.39393600  0.42572600  0.12224300  1
  Cu  Cu10  1  0.25375000  0.68276700  0.60936400  1
  Cu  Cu11  1  0.60606400  0.57427400  0.87775700  1
  Te  Te12  1  0.04684600  0.44538200  0.84143300  1
  Te  Te13  1  0.04684600  0.05461800  0.34143300  1
  Te  Te14  1  0.64712900  0.09762600  0.13665400  1
  Te  Te15  1  0.95315400  0.94538200  0.65856700  1
  Te  Te16  1  0.35287100  0.90237400  0.86334600  1
  Te  Te17  1  0.35287100  0.59762600  0.36334600  1
  Te  Te18  1  0.64712900  0.40237400  0.63665400  1
  Te  Te19  1  0.95315400  0.55461800  0.15856700  1
  O  O20  1  0.04275500  0.24923400  0.40714800  1
  O  O21  1  0.68936500  0.01408100  0.60714400  1
  O  O22  1  0.19432700  0.55794800  0.48583700  1
  O  O23  1  0.80567300  0.05794800  0.01416300  1
  O  O24  1  0.04275500  0.25076600  0.90714800  1
  O  O25  1  0.95724500  0.75076600  0.59285200  1
  O  O26  1  0.09227300  0.12793200  0.61584500  1
  O  O27  1  0.51874200  0.90623000  0.15642100  1
  O  O28  1  0.51874200  0.59377000  0.65642100  1
  O  O29  1  0.27731500  0.88475200  0.66478200  1
  O  O30  1  0.72268500  0.38475200  0.83521800  1
  O  O31  1  0.48125800  0.09377000  0.84357900  1
  O  O32  1  0.90772700  0.87206800  0.38415500  1
  O  O33  1  0.92798200  0.55520100  0.29696300  1
  O  O34  1  0.42555400  0.28590200  0.57295300  1
  O  O35  1  0.42555400  0.21409800  0.07295300  1
  O  O36  1  0.07201800  0.05520100  0.20303700  1
  O  O37  1  0.48125800  0.40623000  0.34357900  1
  O  O38  1  0.07201800  0.44479900  0.70303700  1
  O  O39  1  0.80567300  0.44205200  0.51416300  1
  O  O40  1  0.68936500  0.48591900  0.10714400  1
  O  O41  1  0.72268500  0.11524800  0.33521800  1
  O  O42  1  0.95724500  0.74923400  0.09285200  1
  O  O43  1  0.09227300  0.37206800  0.11584500  1
  O  O44  1  0.19432700  0.94205200  0.98583700  1
  O  O45  1  0.57444600  0.78590200  0.92704700  1
  O  O46  1  0.31063500  0.98591900  0.39285600  1
  O  O47  1  0.31063500  0.51408100  0.89285600  1
  O  O48  1  0.90772700  0.62793200  0.88415500  1
  O  O49  1  0.57444600  0.71409800  0.42704700  1
  O  O50  1  0.27731500  0.61524800  0.16478200  1
  O  O51  1  0.92798200  0.94479900  0.79696300  1
",Rotate all surrounding atoms within 2.431846069974824 angstrom of the center atom at index 44 by 47.49439241807821 degree around the axis [0. 1. 0.] in the cif file. The rotation should following the right-hand rule.,"<cif>
# generated using pymatgen
data_MgCu2(TeO4)2
_symmetry_space_group_name_H-M   'P 1'
_cell_length_a   6.28836106
_cell_length_b   8.74945500
_cell_length_c   13.39749789
_cell_angle_alpha   90.00000000
_cell_angle_beta   91.02886832
_cell_angle_gamma   90.00000000
_symmetry_Int_Tables_number   1
_chemical_formula_structural   MgCu2(TeO4)2
_chemical_formula_sum   'Mg4 Cu8 Te8 O32'
_cell_volume   737.00790216
_cell_formula_units_Z   4
loop_
 _symmetry_equiv_pos_site_id
 _symmetry_equiv_pos_as_xyz
  1  'x, y, z'
loop_
 _atom_site_type_symbol
 _atom_site_label
 _atom_site_symmetry_multiplicity
 _atom_site_fract_x
 _atom_site_fract_y
 _atom_site_fract_z
 _atom_site_occupancy
  Mg  Mg0  1  0.24028000  0.15590000  0.05391000  1
  Mg  Mg1  1  0.93530000  0.84400000  0.07170000  1
  Mg  Mg2  1  0.88091200  0.65590000  0.45314600  1
  Mg  Mg3  1  0.11908800  0.34410000  0.54685400  1
  Cu  Cu4  1  0.74625000  0.18276700  0.89063600  1
  Cu  Cu5  1  0.39393600  0.07427400  0.62224300  1
  Cu  Cu6  1  0.60606400  0.92572600  0.37775700  1
  Cu  Cu7  1  0.42770000  0.81723300  0.05030000  1
  Cu  Cu8  1  0.74625000  0.31723300  0.39063600  1
  Cu  Cu9  1  0.39393600  0.42572600  0.12224300  1
  Cu  Cu10  1  0.25375000  0.68276700  0.60936400  1
  Cu  Cu11  1  0.60606400  0.57427400  0.87775700  1
  Te  Te12  1  0.04684600  0.44538200  0.84143300  1
  Te  Te13  1  0.04684600  0.05461800  0.34143300  1
  Te  Te14  1  0.64712900  0.09762600  0.13665400  1
  Te  Te15  1  0.95315400  0.94538200  0.65856700  1
  Te  Te16  1  0.10690000  0.90240000  0.84670000  1
  Te  Te17  1  0.35287100  0.59762600  0.36334600  1
  Te  Te18  1  0.64712900  0.40237400  0.63665400  1
  Te  Te19  1  0.95315400  0.55461800  0.15856700  1
  O  O20  1  0.04275500  0.24923400  0.40714800  1
  O  O21  1  0.68936500  0.01408100  0.60714400  1
  O  O22  1  0.19432700  0.55794800  0.48583700  1
  O  O23  1  0.80567300  0.05794800  0.01416300  1
  O  O24  1  0.04275500  0.25076600  0.90714800  1
  O  O25  1  0.95724500  0.75076600  0.59285200  1
  O  O26  1  0.09227300  0.12793200  0.61584500  1
  O  O27  1  0.51874200  0.90623000  0.15642100  1
  O  O28  1  0.51874200  0.59377000  0.65642100  1
  O  O29  1  0.27731500  0.88475200  0.66478200  1
  O  O30  1  0.72268500  0.38475200  0.83521800  1
  O  O31  1  0.48125800  0.09377000  0.84357900  1
  O  O32  1  0.90772700  0.87206800  0.38415500  1
  O  O33  1  0.92798200  0.55520100  0.29696300  1
  O  O34  1  0.42555400  0.28590200  0.57295300  1
  O  O35  1  0.42555400  0.21409800  0.07295300  1
  O  O36  1  0.07201800  0.05520100  0.20303700  1
  O  O37  1  0.48125800  0.40623000  0.34357900  1
  O  O38  1  0.07201800  0.44479900  0.70303700  1
  O  O39  1  0.80567300  0.44205200  0.51416300  1
  O  O40  1  0.68936500  0.48591900  0.10714400  1
  O  O41  1  0.72268500  0.11524800  0.33521800  1
  O  O42  1  0.95724500  0.74923400  0.09285200  1
  O  O43  1  0.09227300  0.37206800  0.11584500  1
  O  O44  1  0.19432700  0.94205200  0.98583700  1
  O  O45  1  0.57444600  0.78590200  0.92704700  1
  O  O46  1  0.31063500  0.98591900  0.39285600  1
  O  O47  1  0.31063500  0.51408100  0.89285600  1
  O  O48  1  0.90772700  0.62793200  0.88415500  1
  O  O49  1  0.57444600  0.71409800  0.42704700  1
  O  O50  1  0.27731500  0.61524800  0.16478200  1
  O  O51  1  0.92798200  0.94479900  0.79696300  1
</cif>
","data_image0
_chemical_formula_structural       Mg4Cu8Te8O32
_chemical_formula_sum              ""Mg4 Cu8 Te8 O32""
_cell_length_a       6.28836106
_cell_length_b       8.749455
_cell_length_c       13.39749789
_cell_angle_alpha    90.0
_cell_angle_beta     91.02886832000002
_cell_angle_gamma    90.0

_space_group_name_H-M_alt    ""P 1""
_space_group_IT_number       1

loop_
  _space_group_symop_operation_xyz
  'x, y, z'

loop_
  _atom_site_type_symbol
  _atom_site_label
  _atom_site_symmetry_multiplicity
  _atom_site_fract_x
  _atom_site_fract_y
  _atom_site_fract_z
  _atom_site_occupancy
  Mg  Mg1       1.0  0.6694397876010982  0.15590000000000004  0.36500840935633855  1.0000
  Mg  Mg2       1.0  0.5977822631960376  0.8441  0.7257031910593369  1.0000
  Mg  Mg3       1.0  0.880912  0.6559  0.4531460000000001  1.0000
  Mg  Mg4       1.0  0.119088  0.3441  0.546854  1.0000
  Cu  Cu1       1.0  0.7462499999999999  0.182767  0.8906360000000002  1.0000
  Cu  Cu2       1.0  0.393936  0.074274  0.6222430000000002  1.0000
  Cu  Cu3       1.0  0.606064  0.925726  0.37775700000000006  1.0000
  Cu  Cu4       1.0  0.8568398365467096  0.817233  0.361467930730349  1.0000
  Cu  Cu5       1.0  0.7462499999999999  0.317233  0.390636  1.0000
  Cu  Cu6       1.0  0.393936  0.425726  0.122243  1.0000
  Cu  Cu7       1.0  0.25375  0.682767  0.609364  1.0000
  Cu  Cu8       1.0  0.606064  0.574274  0.8777570000000002  1.0000
  Te  Te1       1.0  0.046846  0.445382  0.8414330000000002  1.0000
  Te  Te2       1.0  0.046846  0.054618  0.34143300000000004  1.0000
  Te  Te3       1.0  0.6471289999999998  0.097626  0.136654  1.0000
  Te  Te4       1.0  0.9531539999999998  0.945382  0.6585670000000002  1.0000
  Te  Te5       1.0  0.10692919547945291  0.902374  0.846583896439123  1.0000
  Te  Te6       1.0  0.35287099999999993  0.597626  0.3633460000000001  1.0000
  Te  Te7       1.0  0.6471289999999998  0.402374  0.636654  1.0000
  Te  Te8       1.0  0.9531539999999998  0.554618  0.158567  1.0000
  O   O1        1.0  0.042755  0.249234  0.407148  1.0000
  O   O2        1.0  0.6893649999999999  0.014081  0.607144  1.0000
  O   O3        1.0  0.19432699999999997  0.557948  0.485837  1.0000
  O   O4        1.0  0.805673  0.05794799999999999  0.014163  1.0000
  O   O5        1.0  0.042755  0.250766  0.9071480000000002  1.0000
  O   O6        1.0  0.957245  0.750766  0.592852  1.0000
  O   O7        1.0  0.092273  0.127932  0.6158450000000002  1.0000
  O   O8        1.0  0.518742  0.90623  0.156421  1.0000
  O   O9        1.0  0.518742  0.59377  0.656421  1.0000
  O   O10       1.0  0.27731500000000003  0.884752  0.6647820000000002  1.0000
  O   O11       1.0  0.722685  0.384752  0.8352180000000002  1.0000
  O   O12       1.0  0.481258  0.09377  0.8435790000000001  1.0000
  O   O13       1.0  0.907727  0.872068  0.3841550000000001  1.0000
  O   O14       1.0  0.927982  0.555201  0.296963  1.0000
  O   O15       1.0  0.425554  0.285902  0.572953  1.0000
  O   O16       1.0  0.425554  0.214098  0.07295300000000002  1.0000
  O   O17       1.0  0.072018  0.055201  0.203037  1.0000
  O   O18       1.0  0.481258  0.40623  0.343579  1.0000
  O   O19       1.0  0.072018  0.444799  0.703037  1.0000
  O   O20       1.0  0.805673  0.442052  0.514163  1.0000
  O   O21       1.0  0.6893649999999999  0.48591899999999993  0.10714400000000002  1.0000
  O   O22       1.0  0.722685  0.115248  0.335218  1.0000
  O   O23       1.0  0.957245  0.749234  0.092852  1.0000
  O   O24       1.0  0.092273  0.372068  0.115845  1.0000
  O   O25       1.0  0.19432699999999997  0.942052  0.9858370000000002  1.0000
  O   O26       1.0  0.574446  0.785902  0.927047  1.0000
  O   O27       1.0  0.310635  0.985919  0.39285600000000004  1.0000
  O   O28       1.0  0.310635  0.514081  0.892856  1.0000
  O   O29       1.0  0.907727  0.627932  0.8841550000000002  1.0000
  O   O30       1.0  0.574446  0.714098  0.42704700000000007  1.0000
  O   O31       1.0  0.277315  0.615248  0.164782  1.0000
  O   O32       1.0  0.927982  0.9447990000000002  0.796963  1.0000
"
"# generated using pymatgen
data_P4W3O14
_symmetry_space_group_name_H-M   'P 1'
_cell_length_a   8.14036600
_cell_length_b   7.63856700
_cell_length_c   9.75324319
_cell_angle_alpha   71.10666464
_cell_angle_beta   90.00000000
_cell_angle_gamma   90.00000000
_symmetry_Int_Tables_number   1
_chemical_formula_structural   P4W3O14
_chemical_formula_sum   'P8 W6 O28'
_cell_volume   573.78936062
_cell_formula_units_Z   2
loop_
 _symmetry_equiv_pos_site_id
 _symmetry_equiv_pos_as_xyz
  1  'x, y, z'
loop_
 _atom_site_type_symbol
 _atom_site_label
 _atom_site_symmetry_multiplicity
 _atom_site_fract_x
 _atom_site_fract_y
 _atom_site_fract_z
 _atom_site_occupancy
  P  P0  1  0.69892600  0.87439800  0.30344800  1
  P  P1  1  0.06440500  0.58701800  0.79467500  1
  P  P2  1  0.43559500  0.58701800  0.29467500  1
  P  P3  1  0.56440500  0.41298200  0.70532500  1
  P  P4  1  0.93559500  0.41298200  0.20532500  1
  P  P5  1  0.30107400  0.12560200  0.69655200  1
  P  P6  1  0.80107400  0.87439800  0.80344800  1
  P  P7  1  0.19892600  0.12560200  0.19655200  1
  W  W8  1  0.63046100  0.19548100  0.47112000  1
  W  W9  1  0.86953900  0.19548100  0.97112000  1
  W  W10  1  0.13046100  0.80451900  0.02888000  1
  W  W11  1  0.50000000  0.00000000  0.00000000  1
  W  W12  1  0.36953900  0.80451900  0.52888000  1
  W  W13  1  0.00000000  0.00000000  0.50000000  1
  O  O14  1  0.64775800  0.31635900  0.85069200  1
  O  O15  1  0.71013200  0.00142700  0.14179200  1
  O  O16  1  0.07309600  0.04179600  0.11156900  1
  O  O17  1  0.36272600  0.15443800  0.12164200  1
  O  O18  1  0.78986800  0.00142700  0.64179200  1
  O  O19  1  0.42690400  0.04179600  0.61156900  1
  O  O20  1  0.28986800  0.99857300  0.85820800  1
  O  O21  1  0.92690400  0.95820400  0.88843100  1
  O  O22  1  0.63727400  0.84556200  0.87835800  1
  O  O23  1  0.21013200  0.99857300  0.35820800  1
  O  O24  1  0.57309600  0.95820400  0.38843100  1
  O  O25  1  0.88306600  0.68963900  0.79381100  1
  O  O26  1  0.16107200  0.61049900  0.92129300  1
  O  O27  1  0.86272600  0.84556200  0.37835800  1
  O  O28  1  0.14775800  0.68364100  0.64930800  1
  O  O29  1  0.51851900  0.61225500  0.68602600  1
  O  O30  1  0.61693400  0.68963900  0.29381100  1
  O  O31  1  0.83892800  0.38950100  0.07870700  1
  O  O32  1  0.35224200  0.68364100  0.14930800  1
  O  O33  1  0.01851900  0.38774500  0.81397400  1
  O  O34  1  0.98148100  0.61225500  0.18602600  1
  O  O35  1  0.11693400  0.31036100  0.20618900  1
  O  O36  1  0.66107200  0.38950100  0.57870700  1
  O  O37  1  0.38306600  0.31036100  0.70618900  1
  O  O38  1  0.48148100  0.38774500  0.31397400  1
  O  O39  1  0.85224200  0.31635900  0.35069200  1
  O  O40  1  0.13727400  0.15443800  0.62164200  1
  O  O41  1  0.33892800  0.61049900  0.42129300  1
",Rotate all surrounding atoms within 3.280427003061276 angstrom of the center atom at index 20 by 227.59067656834404 degree around the axis [0. 1. 0.] in the cif file. The rotation should following the right-hand rule.,"<cif>
# generated using pymatgen
data_P4W3O14
_symmetry_space_group_name_H-M   'P 1'
_cell_length_a   8.14036600
_cell_length_b   7.63856700
_cell_length_c   9.75324319
_cell_angle_alpha   71.10666464
_cell_angle_beta   90.00000000
_cell_angle_gamma   90.00000000
_symmetry_Int_Tables_number   1
_chemical_formula_structural   P4W3O14
_chemical_formula_sum   'P8 W6 O28'
_cell_volume   573.78936062
_cell_formula_units_Z   2
loop_
 _symmetry_equiv_pos_site_id
 _symmetry_equiv_pos_as_xyz
  1  'x, y, z'
loop_
 _atom_site_type_symbol
 _atom_site_label
 _atom_site_symmetry_multiplicity
 _atom_site_fract_x
 _atom_site_fract_y
 _atom_site_fract_z
 _atom_site_occupancy
  P  P0  1  0.69892600  0.87439800  0.30344800  1
  P  P1  1  0.06440500  0.58701800  0.79467500  1
  P  P2  1  0.43559500  0.58701800  0.29467500  1
  P  P3  1  0.56440500  0.41298200  0.70532500  1
  P  P4  1  0.93559500  0.41298200  0.20532500  1
  P  P5  1  0.30107400  0.12560200  0.69655200  1
  P  P6  1  0.80107400  0.87439800  0.80344800  1
  P  P7  1  0.19892600  0.12560200  0.19655200  1
  W  W8  1  0.63046100  0.19548100  0.47112000  1
  W  W9  1  0.86953900  0.19548100  0.97112000  1
  W  W10  1  0.13046100  0.80451900  0.02888000  1
  W  W11  1  0.50000000  0.00000000  0.00000000  1
  W  W12  1  0.36953900  0.80451900  0.52888000  1
  W  W13  1  0.00000000  0.00000000  0.50000000  1
  O  O14  1  0.64775800  0.31635900  0.85069200  1
  O  O15  1  0.71013200  0.00142700  0.14179200  1
  O  O16  1  0.07309600  0.04179600  0.11156900  1
  O  O17  1  0.36272600  0.15443800  0.12164200  1
  O  O18  1  0.78986800  0.00142700  0.64179200  1
  O  O19  1  0.42690400  0.04179600  0.61156900  1
  O  O20  1  0.28986800  0.99857300  0.85820800  1
  O  O21  1  0.50921500  0.07655600  0.60101000  1
  O  O22  1  0.03875000  0.76568300  0.07148900  1
  O  O23  1  0.21013200  0.99857300  0.35820800  1
  O  O24  1  0.57309600  0.95820400  0.38843100  1
  O  O25  1  0.88306600  0.68963900  0.79381100  1
  O  O26  1  0.16107200  0.61049900  0.92129300  1
  O  O27  1  0.86272600  0.84556200  0.37835800  1
  O  O28  1  0.14775800  0.68364100  0.64930800  1
  O  O29  1  0.51851900  0.61225500  0.68602600  1
  O  O30  1  0.61693400  0.68963900  0.29381100  1
  O  O31  1  0.83892800  0.38950100  0.07870700  1
  O  O32  1  0.35224200  0.68364100  0.14930800  1
  O  O33  1  0.01851900  0.38774500  0.81397400  1
  O  O34  1  0.98148100  0.61225500  0.18602600  1
  O  O35  1  0.11693400  0.31036100  0.20618900  1
  O  O36  1  0.66107200  0.38950100  0.57870700  1
  O  O37  1  0.38306600  0.31036100  0.70618900  1
  O  O38  1  0.48148100  0.38774500  0.31397400  1
  O  O39  1  0.85224200  0.31635900  0.35069200  1
  O  O40  1  0.13727400  0.15443800  0.62164200  1
  O  O41  1  0.33892800  0.61049900  0.42129300  1
</cif>
","data_image0
_chemical_formula_structural       P8W6O28
_chemical_formula_sum              ""P8 W6 O28""
_cell_length_a       8.140366
_cell_length_b       7.638567
_cell_length_c       9.75324319
_cell_angle_alpha    71.10666463999999
_cell_angle_beta     90.0
_cell_angle_gamma    90.0

_space_group_name_H-M_alt    ""P 1""
_space_group_IT_number       1

loop_
  _space_group_symop_operation_xyz
  'x, y, z'

loop_
  _atom_site_type_symbol
  _atom_site_label
  _atom_site_symmetry_multiplicity
  _atom_site_fract_x
  _atom_site_fract_y
  _atom_site_fract_z
  _atom_site_occupancy
  P   P1        1.0  0.698926  0.8743979999999998  0.303448  1.0000
  P   P2        1.0  0.064405  0.587018  0.794675  1.0000
  P   P3        1.0  0.435595  0.5870179999999999  0.294675  1.0000
  P   P4        1.0  0.564405  0.412982  0.705325  1.0000
  P   P5        1.0  0.935595  0.4129819999999999  0.205325  1.0000
  P   P6        1.0  0.4176124340884209  0.010671200679677287  0.9745313534328797  1.0000
  P   P7        1.0  0.8010739999999997  0.874398  0.803448  1.0000
  P   P8        1.0  0.19892599999999994  0.12560199999999994  0.196552  1.0000
  W   W1        1.0  0.630461  0.195481  0.47112  1.0000
  W   W2        1.0  0.8695389999999997  0.19548100000000002  0.9711199999999999  1.0000
  W   W3        1.0  0.09150238746699468  0.27331010186863813  0.313697532929462  1.0000
  W   W4        1.0  0.8664487900434791  0.349282135112429  0.5738699497297015  1.0000
  W   W5        1.0  0.369539  0.8045189999999998  0.52888  1.0000
  W   W6        1.0  0.0  0.0  0.5  1.0000
  O   O1        1.0  0.647758  0.31635899999999983  0.850692  1.0000
  O   O2        1.0  0.710132  0.0014270000000000014  0.141792  1.0000
  O   O3        1.0  0.06098201984529328  0.5832801856692618  0.22056615620328812  1.0000
  O   O4        1.0  0.8572181704888271  0.6248992673691961  0.40241995843144673  1.0000
  O   O5        1.0  0.789868  0.001426999999999965  0.641792  1.0000
  O   O6        1.0  0.40387848267184123  0.8341466097025231  0.11380376732939945  1.0000
  O   O7        1.0  0.289868  0.998573  0.858208  1.0000
  O   O8        1.0  0.8349406684295527  0.8075755045722749  0.25275119976530735  1.0000
  O   O9        1.0  0.03870451778601844  0.7659564228723406  0.07089739753714874  1.0000
  O   O10       1.0  0.21013199999999996  0.9985730000000002  0.358208  1.0000
  O   O11       1.0  0.573096  0.9582039999999998  0.388431  1.0000
  O   O12       1.0  0.8830659999999998  0.6896389999999997  0.793811  1.0000
  O   O13       1.0  0.32393036486147486  0.6888565271313085  0.7317722200404646  1.0000
  O   O14       1.0  0.862726  0.8455619999999998  0.378358  1.0000
  O   O15       1.0  0.147758  0.6836409999999996  0.649308  1.0000
  O   O16       1.0  0.518519  0.6122549999999998  0.686026  1.0000
  O   O17       1.0  0.616934  0.6896389999999999  0.293811  1.0000
  O   O18       1.0  0.8389279999999998  0.389501  0.078707  1.0000
  O   O19       1.0  0.8411330690779109  0.1760785071874619  0.3769327482241347  1.0000
  O   O20       1.0  0.018519  0.38774499999999995  0.813974  1.0000
  O   O21       1.0  0.9814809999999998  0.6122549999999998  0.186026  1.0000
  O   O22       1.0  0.11693399999999997  0.3103609999999999  0.206189  1.0000
  O   O23       1.0  0.661072  0.389501  0.578707  1.0000
  O   O24       1.0  0.3542492538701292  0.18002164753659325  0.02143651536493696  1.0000
  O   O25       1.0  0.4814809999999999  0.387745  0.313974  1.0000
  O   O26       1.0  0.8522419999999998  0.3163589999999999  0.350692  1.0000
  O   O27       1.0  0.5907806358578604  0.03175843095024546  0.9183630485400746  1.0000
  O   O28       1.0  0.338928  0.610499  0.421293  1.0000
"
"# generated using pymatgen
data_CaMn2O4
_symmetry_space_group_name_H-M   'P 1'
_cell_length_a   6.33554539
_cell_length_b   6.33554539
_cell_length_c   6.33554539
_cell_angle_alpha   121.52301048
_cell_angle_beta   119.85846704
_cell_angle_gamma   88.81388365
_symmetry_Int_Tables_number   1
_chemical_formula_structural   CaMn2O4
_chemical_formula_sum   'Ca2 Mn4 O8'
_cell_volume   177.85269247
_cell_formula_units_Z   2
loop_
 _symmetry_equiv_pos_site_id
 _symmetry_equiv_pos_as_xyz
  1  'x, y, z'
loop_
 _atom_site_type_symbol
 _atom_site_label
 _atom_site_symmetry_multiplicity
 _atom_site_fract_x
 _atom_site_fract_y
 _atom_site_fract_z
 _atom_site_occupancy
  Ca  Ca0  1  0.00000000  0.50000000  0.50000000  1
  Ca  Ca1  1  0.50000000  0.50000000  0.00000000  1
  Mn  Mn2  1  0.14286600  0.89286600  0.25000000  1
  Mn  Mn3  1  0.85713400  0.10713400  0.75000000  1
  Mn  Mn4  1  0.50000000  0.00000000  0.00000000  1
  Mn  Mn5  1  0.50000000  0.50000000  0.50000000  1
  O  O6  1  0.71354500  0.21200200  0.99845700  1
  O  O7  1  0.70699200  0.24370100  0.46329000  1
  O  O8  1  0.71354500  0.71508800  0.50154300  1
  O  O9  1  0.28041100  0.24370100  0.03671000  1
  O  O10  1  0.71958900  0.75629900  0.96329000  1
  O  O11  1  0.29300800  0.75629900  0.53671000  1
  O  O12  1  0.28645500  0.28491200  0.49845700  1
  O  O13  1  0.28645500  0.78799800  0.00154300  1
",Rotate all surrounding atoms within 3.6011196607201805 angstrom of the center atom at index 3 by 204.23380409053826 degree around the axis [0. 0. 1.] in the cif file. The rotation should following the right-hand rule.,"<cif>
# generated using pymatgen
data_CaMn2O4
_symmetry_space_group_name_H-M   'P 1'
_cell_length_a   6.33554539
_cell_length_b   6.33554539
_cell_length_c   6.33554539
_cell_angle_alpha   121.52301048
_cell_angle_beta   119.85846704
_cell_angle_gamma   88.81388365
_symmetry_Int_Tables_number   1
_chemical_formula_structural   CaMn2O4
_chemical_formula_sum   'Ca2 Mn4 O8'
_cell_volume   177.85269247
_cell_formula_units_Z   2
loop_
 _symmetry_equiv_pos_site_id
 _symmetry_equiv_pos_as_xyz
  1  'x, y, z'
loop_
 _atom_site_type_symbol
 _atom_site_label
 _atom_site_symmetry_multiplicity
 _atom_site_fract_x
 _atom_site_fract_y
 _atom_site_fract_z
 _atom_site_occupancy
  Ca  Ca0  1  0.00000000  0.50000000  0.50000000  1
  Ca  Ca1  1  0.50000000  0.50000000  0.00000000  1
  Mn  Mn2  1  0.14286600  0.89286600  0.25000000  1
  Mn  Mn3  1  0.85713400  0.10713400  0.75000000  1
  Mn  Mn4  1  0.31330000  0.64880000  0.99980000  1
  Mn  Mn5  1  0.50000000  0.50000000  0.50000000  1
  O  O6   1  0.20600000  0.36400000  0.00020000  1
  O  O7   1  0.84460000  0.70300000  0.46300000  1
  O  O8   1  0.64840000  0.23130000  0.50200000  1
  O  O9   1  0.73500000  0.14900000  0.03700000  1
  O  O10  1  0.98700000  0.73900000  0.96400000  1
  O  O11  1  0.29300800  0.75629900  0.53671000  1
  O  O12  1  0.28645500  0.28491200  0.49845700  1
  O  O13  1  0.51700000  0.52300000  0.00100000  1
</cif>","data_image0
_chemical_formula_structural       Ca2Mn4O8
_chemical_formula_sum              ""Ca2 Mn4 O8""
_cell_length_a       6.33554539
_cell_length_b       6.33554539
_cell_length_c       6.33554539
_cell_angle_alpha    121.52301047999997
_cell_angle_beta     119.85846704
_cell_angle_gamma    88.81388364999998

_space_group_name_H-M_alt    ""P 1""
_space_group_IT_number       1

loop_
  _space_group_symop_operation_xyz
  'x, y, z'

loop_
  _atom_site_type_symbol
  _atom_site_label
  _atom_site_symmetry_multiplicity
  _atom_site_fract_x
  _atom_site_fract_y
  _atom_site_fract_z
  _atom_site_occupancy
  Ca  Ca1       1.0  0.0  0.5  0.5  1.0000
  Ca  Ca2       1.0  0.5  0.5  0.0  1.0000
  Mn  Mn1       1.0  0.142866  0.8928660000000003  0.25  1.0000
  Mn  Mn2       1.0  0.857134  0.10713400000000008  0.75  1.0000
  Mn  Mn3       1.0  0.5981018050752525  0.4638182751051816  0.9999999999999999  1.0000
  Mn  Mn4       1.0  0.16182702769874946  0.5959902591881194  0.4999999999999999  1.0000
  O   O1        1.0  0.20802200830101047  0.363918386953009  0.998457  1.0000
  O   O2        1.0  0.8432938951172642  0.7034103810811483  0.4632899999999999  1.0000
  O   O3        1.0  0.05832517325448561  0.31218563218642903  0.5015429999999999  1.0000
  O   O4        1.0  0.922842714176115  0.37316474351892526  0.03670999999999978  1.0000
  O   O5        1.0  0.4008113412213843  0.8188157748573136  0.96329  1.0000
  O   O6        1.0  0.4803601602802352  0.4885701372950908  0.53671  1.0000
  O   O7        1.0  0.26532888214301376  0.8797948861898098  0.498457  1.0000
  O   O8        1.0  0.11563204709648889  0.8280621314232299  0.0015430000000000383  1.0000
"
"# generated using pymatgen
data_BiTeO5
_symmetry_space_group_name_H-M   'P 1'
_cell_length_a   6.17641100
_cell_length_b   11.65213300
_cell_length_c   16.41438300
_cell_angle_alpha   90.00000000
_cell_angle_beta   90.00000000
_cell_angle_gamma   90.00000000
_symmetry_Int_Tables_number   1
_chemical_formula_structural   BiTeO5
_chemical_formula_sum   'Bi8 Te8 O40'
_cell_volume   1181.31626489
_cell_formula_units_Z   8
loop_
 _symmetry_equiv_pos_site_id
 _symmetry_equiv_pos_as_xyz
  1  'x, y, z'
loop_
 _atom_site_type_symbol
 _atom_site_label
 _atom_site_symmetry_multiplicity
 _atom_site_fract_x
 _atom_site_fract_y
 _atom_site_fract_z
 _atom_site_occupancy
  Bi  Bi0  1  0.92871100  0.82573600  0.21153200  1
  Bi  Bi1  1  0.07128900  0.17426400  0.78846800  1
  Bi  Bi2  1  0.57128900  0.32573600  0.78846800  1
  Bi  Bi3  1  0.07128900  0.67426400  0.71153200  1
  Bi  Bi4  1  0.42871100  0.17426400  0.28846800  1
  Bi  Bi5  1  0.42871100  0.67426400  0.21153200  1
  Bi  Bi6  1  0.57128900  0.82573600  0.71153200  1
  Bi  Bi7  1  0.92871100  0.32573600  0.28846800  1
  Te  Te8  1  0.97384300  0.39106400  0.60697100  1
  Te  Te9  1  0.52615700  0.89106400  0.39302900  1
  Te  Te10  1  0.02615700  0.60893600  0.39302900  1
  Te  Te11  1  0.47384300  0.10893600  0.60697100  1
  Te  Te12  1  0.02615700  0.10893600  0.10697100  1
  Te  Te13  1  0.97384300  0.89106400  0.89302900  1
  Te  Te14  1  0.52615700  0.39106400  0.10697100  1
  Te  Te15  1  0.47384300  0.60893600  0.89302900  1
  O  O16  1  0.88338000  0.30069600  0.70216900  1
  O  O17  1  0.27122800  0.03743800  0.07424800  1
  O  O18  1  0.22877200  0.53743800  0.92575200  1
  O  O19  1  0.22517700  0.78999100  0.15203800  1
  O  O20  1  0.27482300  0.28999100  0.84796200  1
  O  O21  1  0.88338000  0.80069600  0.79783100  1
  O  O22  1  0.27482300  0.78999100  0.65203800  1
  O  O23  1  0.61662000  0.80069600  0.29783100  1
  O  O24  1  0.27122800  0.53743800  0.42575200  1
  O  O25  1  0.11662000  0.69930400  0.29783100  1
  O  O26  1  0.61662000  0.30069600  0.20216900  1
  O  O27  1  0.66034800  0.19367500  0.54710600  1
  O  O28  1  0.77122800  0.96256200  0.42575200  1
  O  O29  1  0.77482300  0.71000900  0.65203800  1
  O  O30  1  0.15133800  0.99946300  0.83496700  1
  O  O31  1  0.77122800  0.46256200  0.07424800  1
  O  O32  1  0.11662000  0.19930400  0.20216900  1
  O  O33  1  0.72517700  0.21000900  0.34796200  1
  O  O34  1  0.16034800  0.80632500  0.95289400  1
  O  O35  1  0.22877200  0.03743800  0.57424800  1
  O  O36  1  0.33965200  0.80632500  0.45289400  1
  O  O37  1  0.84866200  0.00053700  0.16503300  1
  O  O38  1  0.77482300  0.21000900  0.84796200  1
  O  O39  1  0.65133800  0.00053700  0.66503300  1
  O  O40  1  0.33965200  0.30632500  0.04710600  1
  O  O41  1  0.16034800  0.30632500  0.54710600  1
  O  O42  1  0.72877200  0.46256200  0.57424800  1
  O  O43  1  0.72877200  0.96256200  0.92575200  1
  O  O44  1  0.65133800  0.50053700  0.83496700  1
  O  O45  1  0.83965200  0.69367500  0.45289400  1
  O  O46  1  0.83965200  0.19367500  0.04710600  1
  O  O47  1  0.66034800  0.69367500  0.95289400  1
  O  O48  1  0.84866200  0.50053700  0.33496700  1
  O  O49  1  0.72517700  0.71000900  0.15203800  1
  O  O50  1  0.22517700  0.28999100  0.34796200  1
  O  O51  1  0.15133800  0.49946300  0.66503300  1
  O  O52  1  0.34866200  0.49946300  0.16503300  1
  O  O53  1  0.38338000  0.19930400  0.70216900  1
  O  O54  1  0.34866200  0.99946300  0.33496700  1
  O  O55  1  0.38338000  0.69930400  0.79783100  1
",Rotate all surrounding atoms within 2.934818236667827 angstrom of the center atom at index 38 by 151.5025359136289 degree around the axis [-1.  0.  0.] in the cif file. The rotation should following the right-hand rule.,"<cif>
# generated using pymatgen
data_BiTeO5
_symmetry_space_group_name_H-M   'P 1'
_cell_length_a   6.17641100
_cell_length_b   11.65213300
_cell_length_c   16.41438300
_cell_angle_alpha   90.00000000
_cell_angle_beta   90.00000000
_cell_angle_gamma   90.00000000
_symmetry_Int_Tables_number   1
_chemical_formula_structural   BiTeO5
_chemical_formula_sum   'Bi8 Te8 O40'
_cell_volume   1181.31626489
_cell_formula_units_Z   8
loop_
 _symmetry_equiv_pos_site_id
 _symmetry_equiv_pos_as_xyz
  1  'x, y, z'
loop_
 _atom_site_type_symbol
 _atom_site_label
 _atom_site_symmetry_multiplicity
 _atom_site_fract_x
 _atom_site_fract_y
 _atom_site_fract_z
 _atom_site_occupancy
  Bi  Bi0  1  0.92871100  0.82573600  0.21153200  1
  Bi  Bi1  1  0.07128900  0.17426400  0.78846800  1
  Bi  Bi2  1  0.57128900  0.32573600  0.78846800  1
  Bi  Bi3  1  0.07128900  0.67426400  0.71153200  1
  Bi  Bi4  1  0.42871100  0.17426400  0.28846800  1
  Bi  Bi5  1  0.42871100  0.67426400  0.21153200  1
  Bi  Bi6  1  0.57128900  0.82573600  0.71153200  1
  Bi  Bi7  1  0.92871100  0.32573600  0.28846800  1
  Te  Te8  1  0.97384300  0.39106400  0.60697100  1
  Te  Te9  1  0.52615700  0.89106400  0.39302900  1
  Te  Te10  1  0.02615700  0.60893600  0.39302900  1
  Te  Te11  1  0.47384300  0.10893600  0.60697100  1
  Te  Te12  1  0.02615700  0.10893600  0.10697100  1
  Te  Te13  1  0.97384300  0.89106400  0.89302900  1
  Te  Te14  1  0.52615700  0.39106400  0.10697100  1
  Te  Te15  1  0.47384300  0.60893600  0.89302900  1
  O  O16  1  0.88338000  0.30069600  0.70216900  1
  O  O17  1  0.27122800  0.03743800  0.07424800  1
  O  O18  1  0.22877200  0.53743800  0.92575200  1
  O  O19  1  0.22517700  0.78999100  0.15203800  1
  O  O20  1  0.27482300  0.28999100  0.84796200  1
  O  O21  1  0.88338000  0.80069600  0.79783100  1
  O  O22  1  0.27482300  0.78999100  0.65203800  1
  O  O23  1  0.61662000  0.80069600  0.29783100  1
  O  O24  1  0.27122800  0.53743800  0.42575200  1
  O  O25  1  0.11662000  0.69930400  0.29783100  1
  O  O26  1  0.61662000  0.30069600  0.20216900  1
  O  O27  1  0.66034800  0.19367500  0.54710600  1
  O  O28  1  0.77122800  0.96256200  0.42575200  1
  O  O29  1  0.77482300  0.71000900  0.65203800  1
  O  O30  1  0.15133800  0.99946300  0.83496700  1
  O  O31  1  0.77122800  0.46256200  0.07424800  1
  O  O32  1  0.11662000  0.19930400  0.20216900  1
  O  O33  1  0.72517700  0.21000900  0.34796200  1
  O  O34  1  0.16034800  0.80632500  0.95289400  1
  O  O35  1  0.22877200  0.03743800  0.57424800  1
  O  O36  1  0.33965200  0.80632500  0.45289400  1
  O  O37  1  0.84866200  0.00053700  0.16503300  1
  O  O38  1  0.77482300  0.21000900  0.84796200  1
  O  O39  1  0.65133800  0.00053700  0.66503300  1
  O  O40  1  0.33965200  0.30632500  0.04710600  1
  O  O41  1  0.16034800  0.30632500  0.54710600  1
  O  O42  1  0.72877200  0.46256200  0.57424800  1
  O  O43  1  0.72877200  0.96256200  0.92575200  1
  O  O44  1  0.65133800  0.50053700  0.83496700  1
  O  O45  1  0.83965200  0.69367500  0.45289400  1
  O  O46  1  0.83965200  0.19367500  0.04710600  1
  O  O47  1  0.66034800  0.69367500  0.95289400  1
  O  O48  1  0.84866200  0.50053700  0.33496700  1
  O  O49  1  0.72517700  0.71000900  0.15203800  1
  O  O50  1  0.22517700  0.28999100  0.34796200  1
  O  O51  1  0.15133800  0.49946300  0.66503300  1
  O  O52  1  0.34866200  0.49946300  0.16503300  1
  O  O53  1  0.38338000  0.19930400  0.70216900  1
  O  O54  1  0.34866200  0.99946300  0.33496700  1
  O  O55  1  0.38338000  0.69930400  0.79783100  1
</cif>
","data_image0
_chemical_formula_structural       Bi8Te8O40
_chemical_formula_sum              ""Bi8 Te8 O40""
_cell_length_a       6.176411
_cell_length_b       11.652133
_cell_length_c       16.414383
_cell_angle_alpha    90.0
_cell_angle_beta     90.0
_cell_angle_gamma    90.0

_space_group_name_H-M_alt    ""P 1""
_space_group_IT_number       1

loop_
  _space_group_symop_operation_xyz
  'x, y, z'

loop_
  _atom_site_type_symbol
  _atom_site_label
  _atom_site_symmetry_multiplicity
  _atom_site_fract_x
  _atom_site_fract_y
  _atom_site_fract_z
  _atom_site_occupancy
  Bi  Bi1       1.0  0.928711  0.825736  0.211532  1.0000
  Bi  Bi2       1.0  0.07128900000000006  0.2014359829419123  0.9123542428405681  1.0000
  Bi  Bi3       1.0  0.571289  0.06831659843585565  0.861051483133107  1.0000
  Bi  Bi4       1.0  0.071289  0.6742640000000001  0.711532  1.0000
  Bi  Bi5       1.0  0.428711  0.17426400000000003  0.288468  1.0000
  Bi  Bi6       1.0  0.428711  0.6742640000000001  0.211532  1.0000
  Bi  Bi7       1.0  0.571289  0.825736  0.711532  1.0000
  Bi  Bi8       1.0  0.928711  0.325736  0.288468  1.0000
  Te  Te1       1.0  0.9738429999999999  0.391064  0.6069710000000003  1.0000
  Te  Te2       1.0  0.526157  0.891064  0.393029  1.0000
  Te  Te3       1.0  0.026157  0.6089360000000001  0.393029  1.0000
  Te  Te4       1.0  0.473843  0.108936  0.6069710000000003  1.0000
  Te  Te5       1.0  0.026157  0.108936  0.10697100000000002  1.0000
  Te  Te6       1.0  0.9738429999999999  0.891064  0.893029  1.0000
  Te  Te7       1.0  0.526157  0.391064  0.10697100000000002  1.0000
  Te  Te8       1.0  0.473843  0.6089360000000001  0.893029  1.0000
  O   O1        1.0  0.88338  0.03231944947282008  0.9453752582635797  1.0000
  O   O2        1.0  0.271228  0.037438  0.074248  1.0000
  O   O3        1.0  0.228772  0.537438  0.9257520000000002  1.0000
  O   O4        1.0  0.225177  0.7899910000000002  0.152038  1.0000
  O   O5        1.0  0.274823  0.289991  0.847962  1.0000
  O   O6        1.0  0.88338  0.800696  0.797831  1.0000
  O   O7        1.0  0.274823  0.7899910000000002  0.6520380000000002  1.0000
  O   O8        1.0  0.61662  0.800696  0.2978310000000001  1.0000
  O   O9        1.0  0.271228  0.537438  0.425752  1.0000
  O   O10       1.0  0.11661999999999999  0.6993040000000003  0.2978310000000001  1.0000
  O   O11       1.0  0.61662  0.300696  0.20216900000000004  1.0000
  O   O12       1.0  0.660348  0.193675  0.5471060000000002  1.0000
  O   O13       1.0  0.771228  0.9625620000000003  0.425752  1.0000
  O   O14       1.0  0.7748229999999999  0.710009  0.6520380000000002  1.0000
  O   O15       1.0  0.151338  0.9994630000000002  0.8349670000000002  1.0000
  O   O16       1.0  0.771228  0.462562  0.074248  1.0000
  O   O17       1.0  0.11661999999999999  0.19930400000000004  0.20216900000000004  1.0000
  O   O18       1.0  0.725177  0.21000900000000006  0.3479620000000001  1.0000
  O   O19       1.0  0.160348  0.8063250000000002  0.952894  1.0000
  O   O20       1.0  0.228772  0.037438  0.574248  1.0000
  O   O21       1.0  0.33965199999999995  0.8063250000000002  0.45289400000000013  1.0000
  O   O22       1.0  0.8486619999999999  0.000537  0.165033  1.0000
  O   O23       1.0  0.7748229999999999  0.21000900000000006  0.847962  1.0000
  O   O24       1.0  0.651338  0.000537  0.665033  1.0000
  O   O25       1.0  0.33965199999999995  0.30632500000000007  0.047106000000000016  1.0000
  O   O26       1.0  0.160348  0.30632500000000007  0.5471060000000002  1.0000
  O   O27       1.0  0.7287719999999999  0.462562  0.574248  1.0000
  O   O28       1.0  0.7287719999999999  0.9625620000000003  0.9257520000000002  1.0000
  O   O29       1.0  0.651338  0.500537  0.8349670000000002  1.0000
  O   O30       1.0  0.839652  0.693675  0.45289400000000013  1.0000
  O   O31       1.0  0.839652  0.193675  0.047106000000000016  1.0000
  O   O32       1.0  0.660348  0.693675  0.952894  1.0000
  O   O33       1.0  0.8486619999999999  0.500537  0.334967  1.0000
  O   O34       1.0  0.725177  0.710009  0.152038  1.0000
  O   O35       1.0  0.225177  0.289991  0.3479620000000001  1.0000
  O   O36       1.0  0.151338  0.4994630000000001  0.665033  1.0000
  O   O37       1.0  0.348662  0.4994630000000001  0.165033  1.0000
  O   O38       1.0  0.38338  0.19930400000000004  0.7021690000000003  1.0000
  O   O39       1.0  0.348662  0.9994630000000002  0.334967  1.0000
  O   O40       1.0  0.38338  0.6993040000000003  0.797831  1.0000
"
"# generated using pymatgen
data_CaBi2O5
_symmetry_space_group_name_H-M   'P 1'
_cell_length_a   5.64716900
_cell_length_b   10.84121300
_cell_length_c   16.48929200
_cell_angle_alpha   90.00000000
_cell_angle_beta   90.00000000
_cell_angle_gamma   90.00000000
_symmetry_Int_Tables_number   1
_chemical_formula_structural   CaBi2O5
_chemical_formula_sum   'Ca8 Bi16 O40'
_cell_volume   1009.51010569
_cell_formula_units_Z   8
loop_
 _symmetry_equiv_pos_site_id
 _symmetry_equiv_pos_as_xyz
  1  'x, y, z'
loop_
 _atom_site_type_symbol
 _atom_site_label
 _atom_site_symmetry_multiplicity
 _atom_site_fract_x
 _atom_site_fract_y
 _atom_site_fract_z
 _atom_site_occupancy
  Ca  Ca0  1  0.53621000  0.36543800  0.42629900  1
  Ca  Ca1  1  0.03621000  0.13456200  0.42629900  1
  Ca  Ca2  1  0.03621000  0.63456200  0.07370100  1
  Ca  Ca3  1  0.96379000  0.36543800  0.92629900  1
  Ca  Ca4  1  0.46379000  0.13456200  0.92629900  1
  Ca  Ca5  1  0.96379000  0.86543800  0.57370100  1
  Ca  Ca6  1  0.46379000  0.63456200  0.57370100  1
  Ca  Ca7  1  0.53621000  0.86543800  0.07370100  1
  Bi  Bi8  1  0.03603900  0.38115800  0.57420100  1
  Bi  Bi9  1  0.46396100  0.88115800  0.42579900  1
  Bi  Bi10  1  0.96396100  0.61884200  0.42579900  1
  Bi  Bi11  1  0.53603900  0.11884200  0.57420100  1
  Bi  Bi12  1  0.96396100  0.11884200  0.07420100  1
  Bi  Bi13  1  0.03603900  0.88115800  0.92579900  1
  Bi  Bi14  1  0.46396100  0.38115800  0.07420100  1
  Bi  Bi15  1  0.53603900  0.61884200  0.92579900  1
  Bi  Bi16  1  0.97029700  0.85121300  0.24141800  1
  Bi  Bi17  1  0.02970300  0.14878700  0.75858200  1
  Bi  Bi18  1  0.52970300  0.35121300  0.75858200  1
  Bi  Bi19  1  0.02970300  0.64878700  0.74141800  1
  Bi  Bi20  1  0.47029700  0.14878700  0.25858200  1
  Bi  Bi21  1  0.47029700  0.64878700  0.24141800  1
  Bi  Bi22  1  0.52970300  0.85121300  0.74141800  1
  Bi  Bi23  1  0.97029700  0.35121300  0.25858200  1
  O  O24  1  0.88358900  0.30948500  0.68341200  1
  O  O25  1  0.22504400  0.99512400  0.02805800  1
  O  O26  1  0.27495600  0.49512400  0.97194200  1
  O  O27  1  0.26281800  0.77327300  0.16454600  1
  O  O28  1  0.23718200  0.27327300  0.83545400  1
  O  O29  1  0.88358900  0.80948500  0.81658800  1
  O  O30  1  0.23718200  0.77327300  0.66454600  1
  O  O31  1  0.61641100  0.80948500  0.31658800  1
  O  O32  1  0.22504400  0.49512400  0.47194200  1
  O  O33  1  0.11641200  0.69051500  0.31658800  1
  O  O34  1  0.61641100  0.30948500  0.18341200  1
  O  O35  1  0.78688700  0.24514600  0.51822900  1
  O  O36  1  0.72504400  0.00487600  0.47194200  1
  O  O37  1  0.73718200  0.72672700  0.66454600  1
  O  O38  1  0.23933700  0.99493800  0.85102300  1
  O  O39  1  0.72504400  0.50487600  0.02805800  1
  O  O40  1  0.11641200  0.19051500  0.18341200  1
  O  O41  1  0.76281800  0.22672700  0.33545400  1
  O  O42  1  0.28688600  0.75485400  0.98177100  1
  O  O43  1  0.27495600  0.99512400  0.52805800  1
  O  O44  1  0.21311400  0.75485400  0.48177100  1
  O  O45  1  0.76066300  0.00506200  0.14897700  1
  O  O46  1  0.73718200  0.22672700  0.83545400  1
  O  O47  1  0.73933700  0.00506200  0.64897700  1
  O  O48  1  0.21311400  0.25485400  0.01822900  1
  O  O49  1  0.28688600  0.25485400  0.51822900  1
  O  O50  1  0.77495600  0.50487600  0.52805800  1
  O  O51  1  0.77495600  0.00487600  0.97194200  1
  O  O52  1  0.73933700  0.50506200  0.85102300  1
  O  O53  1  0.71311300  0.74514600  0.48177100  1
  O  O54  1  0.71311300  0.24514600  0.01822900  1
  O  O55  1  0.78688700  0.74514600  0.98177100  1
  O  O56  1  0.76066300  0.50506200  0.35102300  1
  O  O57  1  0.76281800  0.72672700  0.16454600  1
  O  O58  1  0.26281800  0.27327300  0.33545400  1
  O  O59  1  0.23933700  0.49493800  0.64897700  1
  O  O60  1  0.26066300  0.49493800  0.14897700  1
  O  O61  1  0.38358800  0.19051500  0.68341200  1
  O  O62  1  0.26066300  0.99493800  0.35102300  1
  O  O63  1  0.38358800  0.69051500  0.81658800  1
",Rotate all surrounding atoms within 3.4603666143166896 angstrom of the center atom at index 60 by 216.01324097763407 degree around the axis [0. 1. 0.] in the cif file. The rotation should following the right-hand rule.,"<cif>
# generated using pymatgen
data_CaBi2O5
_symmetry_space_group_name_H-M   'P 1'
_cell_length_a   5.64716900
_cell_length_b   10.84121300
_cell_length_c   16.48929200
_cell_angle_alpha   90.00000000
_cell_angle_beta   90.00000000
_cell_angle_gamma   90.00000000
_symmetry_Int_Tables_number   1
_chemical_formula_structural   CaBi2O5
_chemical_formula_sum   'Ca8 Bi16 O40'
_cell_volume   1009.51010569
_cell_formula_units_Z   8
loop_
 _symmetry_equiv_pos_site_id
 _symmetry_equiv_pos_as_xyz
  1  'x, y, z'
loop_
 _atom_site_type_symbol
 _atom_site_label
 _atom_site_symmetry_multiplicity
 _atom_site_fract_x
 _atom_site_fract_y
 _atom_site_fract_z
 _atom_site_occupancy
  Ca  Ca0  1  0.53621000  0.36543800  0.42629900  1
  Ca  Ca1  1  0.03621000  0.13456200  0.42629900  1
  Ca  Ca2  1  0.57140800  0.63456200  0.16470600  1
  Ca  Ca3  1  0.96379000  0.36543800  0.92629900  1
  Ca  Ca4  1  0.46379000  0.13456200  0.92629900  1
  Ca  Ca5  1  0.96379000  0.86543800  0.57370100  1
  Ca  Ca6  1  0.46379000  0.63456200  0.57370100  1
  Ca  Ca7  1  0.53621000  0.86543800  0.07370100  1
  Bi  Bi8  1  0.03603900  0.38115800  0.57420100  1
  Bi  Bi9  1  0.46396100  0.88115800  0.42579900  1
  Bi  Bi10  1  0.96396100  0.61884200  0.42579900  1
  Bi  Bi11  1  0.53603900  0.11884200  0.57420100  1
  Bi  Bi12  1  0.96396100  0.11884200  0.07420100  1
  Bi  Bi13  1  0.03603900  0.88115800  0.92579900  1
  Bi  Bi14  1  0.46396100  0.38115800  0.07420100  1
  Bi  Bi15  1  0.53603900  0.61884200  0.92579900  1
  Bi  Bi16  1  0.97029700  0.85121300  0.24141800  1
  Bi  Bi17  1  0.02970300  0.14878700  0.75858200  1
  Bi  Bi18  1  0.52970300  0.35121300  0.75858200  1
  Bi  Bi19  1  0.02970300  0.64878700  0.74141800  1
  Bi  Bi20  1  0.47029700  0.14878700  0.25858200  1
  Bi  Bi21  1  0.93308500  0.64878700  0.11640300  1
  Bi  Bi22  1  0.52970300  0.85121300  0.74141800  1
  Bi  Bi23  1  0.97029700  0.35121300  0.25858200  1
  O  O24  1  0.88358900  0.30948500  0.68341200  1
  O  O25  1  0.22504400  0.99512400  0.02805800  1
  O  O26  1  0.55302800  0.49512400  0.29504400  1
  O  O27  1  0.23200200  0.77327300  0.13682200  1
  O  O28  1  0.23718200  0.27327300  0.83545400  1
  O  O29  1  0.88358900  0.80948500  0.81658800  1
  O  O30  1  0.23718200  0.77327300  0.66454600  1
  O  O31  1  0.61641100  0.80948500  0.31658800  1
  O  O32  1  0.22504400  0.49512400  0.47194200  1
  O  O33  1  0.11641200  0.69051500  0.31658800  1
  O  O34  1  0.91377300  0.30948500  0.19274500  1
  O  O35  1  0.78688700  0.24514600  0.51822900  1
  O  O36  1  0.72504400  0.00487600  0.47194200  1
  O  O37  1  0.73718200  0.72672700  0.66454600  1
  O  O38  1  0.23933700  0.99493800  0.85102300  1
  O  O39  1  0.72504400  0.50487600  0.02805800  1
  O  O40  1  0.31821500  0.19051500  0.09206400  1
  O  O41  1  0.76281800  0.22672700  0.33545400  1
  O  O42  1  0.28688600  0.75485400  0.98177100  1
  O  O43  1  0.27495600  0.99512400  0.52805800  1
  O  O44  1  0.21311400  0.75485400  0.48177100  1
  O  O45  1  0.76066300  0.00506200  0.14897700  1
  O  O46  1  0.73718200  0.22672700  0.83545400  1
  O  O47  1  0.73933700  0.00506200  0.64897700  1
  O  O48  1  0.21311400  0.25485400  0.01822900  1
  O  O49  1  0.28688600  0.25485400  0.51822900  1
  O  O50  1  0.77495600  0.50487600  0.52805800  1
  O  O51  1  0.77495600  0.00487600  0.97194200  1
  O  O52  1  0.73933700  0.50506200  0.85102300  1
  O  O53  1  0.71311300  0.74514600  0.48177100  1
  O  O54  1  0.71311300  0.24514600  0.01822900  1
  O  O55  1  0.78688700  0.74514600  0.98177100  1
  O  O56  1  0.76066300  0.50506200  0.35102300  1
  O  O57  1  0.76281800  0.72672700  0.16454600  1
  O  O58  1  0.26281800  0.27327300  0.33545400  1
  O  O59  1  0.23933700  0.49493800  0.64897700  1
  O  O60  1  0.26066300  0.49493800  0.14897700  1
  O  O61  1  0.38358800  0.19051500  0.68341200  1
  O  O62  1  0.26066300  0.99493800  0.35102300  1
  O  O63  1  0.38358800  0.69051500  0.81658800  1
</cif>
","data_image0
_chemical_formula_structural       Ca8Bi16O40
_chemical_formula_sum              ""Ca8 Bi16 O40""
_cell_length_a       5.647169
_cell_length_b       10.841213
_cell_length_c       16.489292
_cell_angle_alpha    90.0
_cell_angle_beta     90.0
_cell_angle_gamma    90.0

_space_group_name_H-M_alt    ""P 1""
_space_group_IT_number       1

loop_
  _space_group_symop_operation_xyz
  'x, y, z'

loop_
  _atom_site_type_symbol
  _atom_site_label
  _atom_site_symmetry_multiplicity
  _atom_site_fract_x
  _atom_site_fract_y
  _atom_site_fract_z
  _atom_site_occupancy
  Ca  Ca1       1.0  0.53621  0.365438  0.4262989999999999  1.0000
  Ca  Ca2       1.0  0.03621  0.134562  0.4262989999999999  1.0000
  Ca  Ca3       1.0  0.5714551077763852  0.634562  0.16466919346250744  1.0000
  Ca  Ca4       1.0  0.9637899999999998  0.365438  0.9262989999999998  1.0000
  Ca  Ca5       1.0  0.46379  0.134562  0.9262989999999998  1.0000
  Ca  Ca6       1.0  0.9637899999999998  0.865438  0.573701  1.0000
  Ca  Ca7       1.0  0.46379  0.634562  0.573701  1.0000
  Ca  Ca8       1.0  0.53621  0.865438  0.073701  1.0000
  Bi  Bi1       1.0  0.036039  0.381158  0.574201  1.0000
  Bi  Bi2       1.0  0.46396099999999996  0.881158  0.425799  1.0000
  Bi  Bi3       1.0  0.963961  0.618842  0.425799  1.0000
  Bi  Bi4       1.0  0.536039  0.118842  0.574201  1.0000
  Bi  Bi5       1.0  0.963961  0.118842  0.074201  1.0000
  Bi  Bi6       1.0  0.036039  0.881158  0.9257989999999998  1.0000
  Bi  Bi7       1.0  0.2245969763759967  0.381158  0.25039914672500063  1.0000
  Bi  Bi8       1.0  0.536039  0.618842  0.9257989999999998  1.0000
  Bi  Bi9       1.0  0.9702969999999999  0.851213  0.241418  1.0000
  Bi  Bi10      1.0  0.029703  0.148787  0.758582  1.0000
  Bi  Bi11      1.0  0.529703  0.351213  0.758582  1.0000
  Bi  Bi12      1.0  0.029703  0.648787  0.741418  1.0000
  Bi  Bi13      1.0  0.470297  0.148787  0.258582  1.0000
  Bi  Bi14      1.0  0.9323882658101501  0.6487870000000001  0.11641632302797914  1.0000
  Bi  Bi15      1.0  0.529703  0.851213  0.741418  1.0000
  Bi  Bi16      1.0  0.4984799784738754  0.351213  0.20321555390659418  1.0000
  O   O1        1.0  0.8835889999999998  0.309485  0.683412  1.0000
  O   O2        1.0  0.225044  0.9951240000000001  0.028057999999999993  1.0000
  O   O3        1.0  0.8362083105602245  0.495124  0.4861742560175898  1.0000
  O   O4        1.0  0.23219049041564835  0.773273  0.13681747274302147  1.0000
  O   O5        1.0  0.23718199999999995  0.273273  0.8354539999999998  1.0000
  O   O6        1.0  0.8835889999999998  0.809485  0.816588  1.0000
  O   O7        1.0  0.23718199999999995  0.773273  0.664546  1.0000
  O   O8        1.0  0.616411  0.809485  0.316588  1.0000
  O   O9        1.0  0.225044  0.495124  0.471942  1.0000
  O   O10       1.0  0.116412  0.690515  0.316588  1.0000
  O   O11       1.0  0.9137860140940153  0.309485  0.19275863499654244  1.0000
  O   O12       1.0  0.7868869999999999  0.24514600000000006  0.518229  1.0000
  O   O13       1.0  0.725044  0.004876  0.471942  1.0000
  O   O14       1.0  0.737182  0.726727  0.664546  1.0000
  O   O15       1.0  0.239337  0.9949380000000001  0.8510229999999998  1.0000
  O   O16       1.0  0.09263168111912143  0.504876  0.340296518776657  1.0000
  O   O17       1.0  0.3182257734083671  0.190515  0.09207596965864605  1.0000
  O   O18       1.0  0.7628179999999999  0.22672700000000004  0.335454  1.0000
  O   O19       1.0  0.286886  0.7548540000000001  0.9817709999999998  1.0000
  O   O20       1.0  0.274956  0.9951240000000001  0.528058  1.0000
  O   O21       1.0  0.213114  0.7548540000000001  0.481771  1.0000
  O   O22       1.0  0.7606629999999998  0.005062  0.14897699999999994  1.0000
  O   O23       1.0  0.737182  0.22672700000000004  0.8354539999999998  1.0000
  O   O24       1.0  0.739337  0.005062  0.648977  1.0000
  O   O25       1.0  0.5235969514136086  0.25485399999999997  0.24516185156306552  1.0000
  O   O26       1.0  0.286886  0.254854  0.518229  1.0000
  O   O27       1.0  0.774956  0.504876  0.528058  1.0000
  O   O28       1.0  0.774956  0.004876  0.971942  1.0000
  O   O29       1.0  0.739337  0.505062  0.8510229999999998  1.0000
  O   O30       1.0  0.713113  0.745146  0.481771  1.0000
  O   O31       1.0  0.713113  0.24514600000000006  0.018229  1.0000
  O   O32       1.0  0.7868869999999999  0.745146  0.9817709999999998  1.0000
  O   O33       1.0  0.7606629999999998  0.505062  0.351023  1.0000
  O   O34       1.0  0.7628179999999999  0.726727  0.16454599999999994  1.0000
  O   O35       1.0  0.262818  0.273273  0.335454  1.0000
  O   O36       1.0  0.239337  0.494938  0.648977  1.0000
  O   O37       1.0  0.260663  0.494938  0.14897699999999994  1.0000
  O   O38       1.0  0.383588  0.190515  0.683412  1.0000
  O   O39       1.0  0.260663  0.9949380000000001  0.351023  1.0000
  O   O40       1.0  0.383588  0.690515  0.816588  1.0000
"
"# generated using pymatgen
data_W3O8
_symmetry_space_group_name_H-M   'P 1'
_cell_length_a   5.85316700
_cell_length_b   5.07225600
_cell_length_c   10.84266188
_cell_angle_alpha   62.75643741
_cell_angle_beta   90.00000000
_cell_angle_gamma   90.00000000
_symmetry_Int_Tables_number   1
_chemical_formula_structural   W3O8
_chemical_formula_sum   'W6 O16'
_cell_volume   286.19580069
_cell_formula_units_Z   2
loop_
 _symmetry_equiv_pos_site_id
 _symmetry_equiv_pos_as_xyz
  1  'x, y, z'
loop_
 _atom_site_type_symbol
 _atom_site_label
 _atom_site_symmetry_multiplicity
 _atom_site_fract_x
 _atom_site_fract_y
 _atom_site_fract_z
 _atom_site_occupancy
  W  W0  1  0.65527100  0.50000000  0.75000000  1
  W  W1  1  0.34472900  0.50000000  0.25000000  1
  W  W2  1  0.83057200  0.75956900  0.00601100  1
  W  W3  1  0.83057200  0.24043100  0.49398900  1
  W  W4  1  0.16942800  0.24043100  0.99398900  1
  W  W5  1  0.16942800  0.75956900  0.50601100  1
  O  O6  1  0.65562100  0.95429500  0.63159900  1
  O  O7  1  0.65562100  0.04570500  0.86840100  1
  O  O8  1  0.34437900  0.04570500  0.36840100  1
  O  O9  1  0.34437900  0.95429500  0.13159900  1
  O  O10  1  0.10967000  0.47698600  0.10505300  1
  O  O11  1  0.10967000  0.52301400  0.39494700  1
  O  O12  1  0.89033000  0.52301400  0.89494700  1
  O  O13  1  0.89033000  0.47698600  0.60505300  1
  O  O14  1  0.39745100  0.51629700  0.61803700  1
  O  O15  1  0.39745100  0.48370300  0.88196300  1
  O  O16  1  0.60254900  0.48370300  0.38196300  1
  O  O17  1  0.60254900  0.51629700  0.11803700  1
  O  O18  1  0.10630100  0.95793100  0.60875300  1
  O  O19  1  0.89369900  0.04206900  0.39124700  1
  O  O20  1  0.10630100  0.04206900  0.89124700  1
  O  O21  1  0.89369900  0.95793100  0.10875300  1
",Rotate all surrounding atoms within 2.302579719274111 angstrom of the center atom at index 8 by 154.46032996162097 degree around the axis [ 0.  0. -1.] in the cif file. The rotation should following the right-hand rule.,"<cif>
# generated using pymatgen
data_W3O8
_symmetry_space_group_name_H-M   'P 1'
_cell_length_a   5.85316700
_cell_length_b   5.07225600
_cell_length_c   10.84266188
_cell_angle_alpha   62.75643741
_cell_angle_beta   90.00000000
_cell_angle_gamma   90.00000000
_symmetry_Int_Tables_number   1
_chemical_formula_structural   W3O8
_chemical_formula_sum   'W6 O16'
_cell_volume   286.19580069
_cell_formula_units_Z   2
loop_
 _symmetry_equiv_pos_site_id
 _symmetry_equiv_pos_as_xyz
  1  'x, y, z'
loop_
 _atom_site_type_symbol
 _atom_site_label
 _atom_site_symmetry_multiplicity
 _atom_site_fract_x
 _atom_site_fract_y
 _atom_site_fract_z
 _atom_site_occupancy
  W  W0  1  0.65527100  0.50000000  0.75000000  1
  W  W1  1  0.47055875  0.85585740  0.25000000  1
  W  W2  1  0.83057200  0.75956900  0.00601100  1
  W  W3  1  0.83057200  0.24043100  0.49398900  1
  W  W4  1  0.16942800  0.24043100  0.99398900  1
  W  W5  1  0.44558319  0.13485360  0.50601100  1
  O  O6  1  0.65562100  0.95429500  0.63159900  1
  O  O7  1  0.65562100  0.04570500  0.86840100  1
  O  O8  1  0.34437900  0.04570500  0.36840100  1
  O  O9  1  0.34437900  0.95429500  0.13159900  1
  O  O10  1  0.10967000  0.47698600  0.10505300  1
  O  O11  1  0.10967000  0.52301400  0.39494700  1
  O  O12  1  0.89033000  0.52301400  0.89494700  1
  O  O13  1  0.89033000  0.47698600  0.60505300  1
  O  O14  1  0.39745100  0.51629700  0.61803700  1
  O  O15  1  0.39745100  0.48370300  0.88196300  1
  O  O16  1  0.60254900  0.48370300  0.38196300  1
  O  O17  1  0.60254900  0.51629700  0.11803700  1
  O  O18  1  0.10630100  0.95793100  0.60875300  1
  O  O19  1  0.89369900  0.04206900  0.39124700  1
  O  O20  1  0.10630100  0.04206900  0.89124700  1
  O  O21  1  0.89369900  0.95793100  0.10875300  1
</cif>
","data_image0
_chemical_formula_structural       W6O16
_chemical_formula_sum              ""W6 O16""
_cell_length_a       5.853167
_cell_length_b       5.072256
_cell_length_c       10.84266188
_cell_angle_alpha    62.75643741
_cell_angle_beta     90.0
_cell_angle_gamma    90.0

_space_group_name_H-M_alt    ""P 1""
_space_group_IT_number       1

loop_
  _space_group_symop_operation_xyz
  'x, y, z'

loop_
  _atom_site_type_symbol
  _atom_site_label
  _atom_site_symmetry_multiplicity
  _atom_site_fract_x
  _atom_site_fract_y
  _atom_site_fract_z
  _atom_site_occupancy
  W   W1        1.0  0.655271  0.5000000000000001  0.75  1.0000
  W   W2        1.0  0.47050686422701554  0.8560293025553575  0.25  1.0000
  W   W3        1.0  0.830572  0.759569  0.006011  1.0000
  W   W4        1.0  0.830572  0.240431  0.493989  1.0000
  W   W5        1.0  0.16942799999999997  0.240431  0.993989  1.0000
  W   W6        1.0  0.8192561021542548  0.2324747344022322  0.506011  1.0000
  O   O1        1.0  0.6556209999999999  0.954295  0.631599  1.0000
  O   O2        1.0  0.6556209999999999  0.04570499999999998  0.868401  1.0000
  O   O3        1.0  0.344379  0.04570499999999998  0.368401  1.0000
  O   O4        1.0  0.344379  0.954295  0.131599  1.0000
  O   O5        1.0  0.10966999999999998  0.4769859999999999  0.10505300000000001  1.0000
  O   O6        1.0  0.10966999999999998  0.5230140000000001  0.394947  1.0000
  O   O7        1.0  0.89033  0.5230139999999998  0.894947  1.0000
  O   O8        1.0  0.89033  0.476986  0.605053  1.0000
  O   O9        1.0  0.397451  0.516297  0.618037  1.0000
  O   O10       1.0  0.397451  0.4837030000000001  0.881963  1.0000
  O   O11       1.0  0.6025489999999999  0.4837030000000001  0.381963  1.0000
  O   O12       1.0  0.6025489999999999  0.516297  0.11803700000000002  1.0000
  O   O13       1.0  0.10630099999999998  0.9579309999999999  0.608753  1.0000
  O   O14       1.0  0.893699  0.04206899999999998  0.391247  1.0000
  O   O15       1.0  0.10630099999999998  0.042069000000000106  0.891247  1.0000
  O   O16       1.0  0.893699  0.9579309999999999  0.10875300000000002  1.0000
"
"# generated using pymatgen
data_Zn3Fe4(SbO4)6
_symmetry_space_group_name_H-M   'P 1'
_cell_length_a   6.94576900
_cell_length_b   8.30349307
_cell_length_c   10.30242890
_cell_angle_alpha   104.55279431
_cell_angle_beta   105.44611263
_cell_angle_gamma   102.22580435
_symmetry_Int_Tables_number   1
_chemical_formula_structural   Zn3Fe4(SbO4)6
_chemical_formula_sum   'Zn3 Fe4 Sb6 O24'
_cell_volume   529.03779349
_cell_formula_units_Z   1
loop_
 _symmetry_equiv_pos_site_id
 _symmetry_equiv_pos_as_xyz
  1  'x, y, z'
loop_
 _atom_site_type_symbol
 _atom_site_label
 _atom_site_symmetry_multiplicity
 _atom_site_fract_x
 _atom_site_fract_y
 _atom_site_fract_z
 _atom_site_occupancy
  Zn  Zn0  1  0.00000000  0.50000000  0.50000000  1
  Zn  Zn1  1  0.28395300  0.28751500  0.79132600  1
  Zn  Zn2  1  0.71604700  0.71248500  0.20867400  1
  Fe  Fe3  1  0.37838000  0.95582400  0.61010600  1
  Fe  Fe4  1  0.62162000  0.04417600  0.38989400  1
  Fe  Fe5  1  0.04245200  0.20954600  0.01321900  1
  Fe  Fe6  1  0.95754800  0.79045400  0.98678100  1
  Sb  Sb7  1  0.78138300  0.34691700  0.72719000  1
  Sb  Sb8  1  0.21861700  0.65308300  0.27281000  1
  Sb  Sb9  1  0.89302600  0.89327900  0.66600500  1
  Sb  Sb10  1  0.39908600  0.72546200  0.87551300  1
  Sb  Sb11  1  0.10697400  0.10672100  0.33399500  1
  Sb  Sb12  1  0.60091400  0.27453800  0.12448700  1
  O  O13  1  0.85291800  0.65544900  0.57874800  1
  O  O14  1  0.14708200  0.34455100  0.42125200  1
  O  O15  1  0.24983700  0.49819000  0.74108700  1
  O  O16  1  0.75016300  0.50181000  0.25891300  1
  O  O17  1  0.78673900  0.29469300  0.53448800  1
  O  O18  1  0.21326100  0.70530700  0.46551200  1
  O  O19  1  0.66150400  0.96855000  0.57666300  1
  O  O20  1  0.33849600  0.03145000  0.42333700  1
  O  O21  1  0.66038600  0.75760700  0.01755200  1
  O  O22  1  0.33961400  0.24239300  0.98244800  1
  O  O23  1  0.48823900  0.78006500  0.27959300  1
  O  O24  1  0.51176100  0.21993500  0.72040700  1
  O  O25  1  0.13523200  0.03207200  0.64620500  1
  O  O26  1  0.06842000  0.05311800  0.13514700  1
  O  O27  1  0.93158000  0.94688200  0.86485300  1
  O  O28  1  0.55268700  0.12730000  0.23320000  1
  O  O29  1  0.44731300  0.87270000  0.76680000  1
  O  O30  1  0.20006600  0.42442600  0.17208300  1
  O  O31  1  0.79993400  0.57557400  0.82791700  1
  O  O32  1  0.99431700  0.26694900  0.82964000  1
  O  O33  1  0.00568300  0.73305100  0.17036000  1
  O  O34  1  0.23362600  0.78810200  0.98611800  1
  O  O35  1  0.76637400  0.21189800  0.01388200  1
  O  O36  1  0.86476800  0.96792800  0.35379500  1
",Rotate all surrounding atoms within 3.0376458941958453 angstrom of the center atom at index 30 by 61.743896043116294 degree around the axis [ 0.  0. -1.] in the cif file. The rotation should following the right-hand rule.,"<cif>
# generated using pymatgen
data_Zn3Fe4(SbO4)6
_symmetry_space_group_name_H-M   'P 1'
_cell_length_a   6.94576900
_cell_length_b   8.30349307
_cell_length_c   10.30242890
_cell_angle_alpha   104.55279431
_cell_angle_beta   105.44611263
_cell_angle_gamma   102.22580435
_symmetry_Int_Tables_number   1
_chemical_formula_structural   Zn3Fe4(SbO4)6
_chemical_formula_sum   'Zn3 Fe4 Sb6 O24'
_cell_volume   529.03779349
_cell_formula_units_Z   1
loop_
 _symmetry_equiv_pos_site_id
 _symmetry_equiv_pos_as_xyz
  1  'x, y, z'
loop_
 _atom_site_type_symbol
 _atom_site_label
 _atom_site_symmetry_multiplicity
 _atom_site_fract_x
 _atom_site_fract_y
 _atom_site_fract_z
 _atom_site_occupancy
  Zn  Zn0  1  0.00000000  0.50000000  0.50000000  1
  Zn  Zn1  1  0.28395300  0.28751500  0.79132600  1
  Zn  Zn2  1  0.71604700  0.71248500  0.20867400  1
  Fe  Fe3  1  0.52900000  0.90000000  0.61000000  1
  Fe  Fe4  1  0.62162000  0.04417600  0.38989400  1
  Fe  Fe5  1  0.04245200  0.20954600  0.01321900  1
  Fe  Fe6  1  0.95754800  0.79045400  0.98678100  1
  Sb  Sb7  1  0.78138300  0.34691700  0.72719000  1
  Sb  Sb8  1  0.21861700  0.65308300  0.27281000  1
  Sb  Sb9  1  0.89302600  0.89327900  0.66600500  1
  Sb  Sb10  1  0.39908600  0.72546200  0.87551300  1
  Sb  Sb11  1  0.10697400  0.10672100  0.33399500  1
  Sb  Sb12  1  0.60091400  0.27453800  0.12448700  1
  O  O13  1  0.85291800  0.65544900  0.57874800  1
  O  O14  1  0.14708200  0.34455100  0.42125200  1
  O  O15  1  0.99050000  0.76000000  0.74100000  1
  O  O16  1  0.75016300  0.50181000  0.25891300  1
  O  O17  1  0.78673900  0.29469300  0.53448800  1
  O  O18  1  0.22400000  0.78600000  0.46600000  1
  O  O19  1  0.62500000  0.67800000  0.57700000  1
  O  O20  1  0.33849600  0.03145000  0.42333700  1
  O  O21  1  0.66038600  0.75760700  0.01755200  1
  O  O22  1  0.33961400  0.24239300  0.98244800  1
  O  O23  1  0.48823900  0.78006500  0.27959300  1
  O  O24  1  0.59000000  0.03200000  0.72000000  1
  O  O25  1  0.28700000  0.15300000  0.64600000  1
  O  O26  1  0.06842000  0.05311800  0.13514700  1
  O  O27  1  0.93158000  0.94688200  0.86485300  1
  O  O28  1  0.55268700  0.12730000  0.23320000  1
  O  O29  1  0.44731300  0.87270000  0.76680000  1
  O  O30  1  0.20006600  0.42442600  0.17208300  1
  O  O31  1  0.79993400  0.57557400  0.82791700  1
  O  O32  1  0.99431700  0.26694900  0.82964000  1
  O  O33  1  0.00568300  0.73305100  0.17036000  1
  O  O34  1  0.23362600  0.78810200  0.98611800  1
  O  O35  1  0.76637400  0.21189800  0.01388200  1
  O  O36  1  0.86476800  0.96792800  0.35379500  1
</cif>
","data_image0
_chemical_formula_structural       Zn3Fe4Sb6O24
_chemical_formula_sum              ""Zn3 Fe4 Sb6 O24""
_cell_length_a       6.945769
_cell_length_b       8.30349307
_cell_length_c       10.302428899999999
_cell_angle_alpha    104.55279431
_cell_angle_beta     105.44611263000002
_cell_angle_gamma    102.22580435

_space_group_name_H-M_alt    ""P 1""
_space_group_IT_number       1

loop_
  _space_group_symop_operation_xyz
  'x, y, z'

loop_
  _atom_site_type_symbol
  _atom_site_label
  _atom_site_symmetry_multiplicity
  _atom_site_fract_x
  _atom_site_fract_y
  _atom_site_fract_z
  _atom_site_occupancy
  Zn  Zn1       1.0  0.0  0.5  0.5  1.0000
  Zn  Zn2       1.0  0.28395299999999984  0.2875149999999999  0.7913259999999998  1.0000
  Zn  Zn3       1.0  0.716047  0.712485  0.208674  1.0000
  Fe  Fe1       1.0  0.3783800000000001  0.9558240000000002  0.610106  1.0000
  Fe  Fe2       1.0  0.6216200000000001  0.044175999999999986  0.389894  1.0000
  Fe  Fe3       1.0  0.935859761479577  0.3197660550165534  0.013218999999999995  1.0000
  Fe  Fe4       1.0  0.957548  0.7904539999999999  0.9867809999999999  1.0000
  Sb  Sb1       1.0  0.7813830000000002  0.346917  0.72719  1.0000
  Sb  Sb2       1.0  0.44416108647133823  0.6135286589411216  0.27280999999999994  1.0000
  Sb  Sb3       1.0  0.893026  0.893279  0.666005  1.0000
  Sb  Sb4       1.0  0.399086  0.725462  0.875513  1.0000
  Sb  Sb5       1.0  0.106974  0.106721  0.333995  1.0000
  Sb  Sb6       1.0  0.600914  0.274538  0.124487  1.0000
  O   O1        1.0  0.8529180000000001  0.6554490000000002  0.578748  1.0000
  O   O2        1.0  0.08044318247329511  0.537960487734377  0.421252  1.0000
  O   O3        1.0  0.24983699999999992  0.49819  0.741087  1.0000
  O   O4        1.0  0.750163  0.50181  0.25891299999999995  1.0000
  O   O5        1.0  0.786739  0.294693  0.534488  1.0000
  O   O6        1.0  0.21326099999999998  0.705307  0.4655119999999999  1.0000
  O   O7        1.0  0.661504  0.96855  0.576663  1.0000
  O   O8        1.0  0.338496  0.03145000000000001  0.423337  1.0000
  O   O9        1.0  0.660386  0.7576070000000003  0.017552  1.0000
  O   O10       1.0  0.9829031524738022  0.6101936813587234  0.982448  1.0000
  O   O11       1.0  0.6566555965262213  0.4980562981885017  0.2795929999999999  1.0000
  O   O12       1.0  0.5117609999999999  0.219935  0.7204069999999999  1.0000
  O   O13       1.0  0.135232  0.03207199999999998  0.646205  1.0000
  O   O14       1.0  0.7655556248679798  0.2582513989344067  0.135147  1.0000
  O   O15       1.0  0.9315800000000001  0.9468820000000002  0.8648529999999999  1.0000
  O   O16       1.0  0.552687  0.1273  0.23319999999999996  1.0000
  O   O17       1.0  0.447313  0.8727000000000001  0.7668  1.0000
  O   O18       1.0  0.200066  0.424426  0.172083  1.0000
  O   O19       1.0  0.799934  0.5755740000000003  0.827917  1.0000
  O   O20       1.0  0.9943169999999999  0.266949  0.82964  1.0000
  O   O21       1.0  0.005682999999999988  0.7330509999999999  0.17036  1.0000
  O   O22       1.0  0.23362599999999994  0.7881019999999999  0.9861179999999999  1.0000
  O   O23       1.0  0.14289139419672703  0.7758932278062539  0.013882000000000007  1.0000
  O   O24       1.0  0.864768  0.9679279999999999  0.35379499999999997  1.0000
"
"# generated using pymatgen
data_CaMn2CoO7
_symmetry_space_group_name_H-M   'P 1'
_cell_length_a   6.79467057
_cell_length_b   11.09862405
_cell_length_c   14.50396600
_cell_angle_alpha   90.00000000
_cell_angle_beta   90.00000000
_cell_angle_gamma   101.18136083
_symmetry_Int_Tables_number   1
_chemical_formula_structural   CaMn2CoO7
_chemical_formula_sum   'Ca8 Mn16 Co8 O56'
_cell_volume   1073.00420406
_cell_formula_units_Z   8
loop_
 _symmetry_equiv_pos_site_id
 _symmetry_equiv_pos_as_xyz
  1  'x, y, z'
loop_
 _atom_site_type_symbol
 _atom_site_label
 _atom_site_symmetry_multiplicity
 _atom_site_fract_x
 _atom_site_fract_y
 _atom_site_fract_z
 _atom_site_occupancy
  Ca  Ca0  1  0.08321900  0.73728100  0.50793500  1
  Ca  Ca1  1  0.32272100  0.97711200  0.87388500  1
  Ca  Ca2  1  0.67727900  0.52288800  0.37388500  1
  Ca  Ca3  1  0.67727900  0.02288800  0.12611500  1
  Ca  Ca4  1  0.32272100  0.47711200  0.62611500  1
  Ca  Ca5  1  0.08321900  0.23728100  0.99206500  1
  Ca  Ca6  1  0.91678100  0.26271900  0.49206500  1
  Ca  Ca7  1  0.91678100  0.76271900  0.00793500  1
  Mn  Mn8  1  0.83427600  0.98035800  0.86902500  1
  Mn  Mn9  1  0.41415100  0.68519600  0.01559200  1
  Mn  Mn10  1  0.41415100  0.18519600  0.48440800  1
  Mn  Mn11  1  0.58584900  0.31480400  0.98440800  1
  Mn  Mn12  1  0.50340100  0.79722400  0.70973100  1
  Mn  Mn13  1  0.49659900  0.70277600  0.20973100  1
  Mn  Mn14  1  0.49659900  0.20277600  0.29026900  1
  Mn  Mn15  1  0.50340100  0.29722400  0.79026900  1
  Mn  Mn16  1  0.58584900  0.81480400  0.51559200  1
  Mn  Mn17  1  0.87193600  0.47725200  0.14139400  1
  Mn  Mn18  1  0.12806400  0.02274800  0.64139400  1
  Mn  Mn19  1  0.12806400  0.52274800  0.85860600  1
  Mn  Mn20  1  0.16572400  0.51964200  0.36902500  1
  Mn  Mn21  1  0.83427600  0.48035800  0.63097500  1
  Mn  Mn22  1  0.16572400  0.01964200  0.13097500  1
  Mn  Mn23  1  0.87193600  0.97725200  0.35860600  1
  Co  Co24  1  0.63006400  0.07538000  0.67459700  1
  Co  Co25  1  0.36993600  0.42462000  0.17459700  1
  Co  Co26  1  0.36993600  0.92462000  0.32540300  1
  Co  Co27  1  0.63006400  0.57538000  0.82540300  1
  Co  Co28  1  0.99348000  0.25282500  0.75383100  1
  Co  Co29  1  0.00652000  0.24717500  0.25383100  1
  Co  Co30  1  0.00652000  0.74717500  0.24616900  1
  Co  Co31  1  0.99348000  0.75282500  0.74616900  1
  O  O32  1  0.76043500  0.95774800  0.97898700  1
  O  O33  1  0.23956500  0.54225200  0.47898700  1
  O  O34  1  0.23956500  0.04225200  0.02101300  1
  O  O35  1  0.76043500  0.45774800  0.52101300  1
  O  O36  1  0.98540500  0.87157800  0.85626400  1
  O  O37  1  0.01459500  0.62842200  0.35626400  1
  O  O38  1  0.01459500  0.12842200  0.14373600  1
  O  O39  1  0.98540500  0.37157800  0.64373600  1
  O  O40  1  0.99930200  0.11686300  0.85527400  1
  O  O41  1  0.00069800  0.38313700  0.35527400  1
  O  O42  1  0.00069800  0.88313700  0.14472600  1
  O  O43  1  0.99930200  0.61686300  0.64472600  1
  O  O44  1  0.66820300  0.94954000  0.28615100  1
  O  O45  1  0.33179700  0.55046000  0.78615100  1
  O  O46  1  0.33179700  0.05046000  0.71384900  1
  O  O47  1  0.66820300  0.44954000  0.21384900  1
  O  O48  1  0.97679700  0.13302600  0.35902700  1
  O  O49  1  0.02320300  0.36697400  0.85902700  1
  O  O50  1  0.02320300  0.86697400  0.64097300  1
  O  O51  1  0.97679700  0.63302600  0.14097300  1
  O  O52  1  0.05002100  0.88333100  0.34084100  1
  O  O53  1  0.39132400  0.82754600  0.44103700  1
  O  O54  1  0.94997900  0.61666900  0.84084100  1
  O  O55  1  0.05002100  0.38333100  0.15915900  1
  O  O56  1  0.72426300  0.70992300  0.48225300  1
  O  O57  1  0.27573700  0.79007700  0.98225300  1
  O  O58  1  0.27573700  0.29007700  0.51774700  1
  O  O59  1  0.72426300  0.20992300  0.01774700  1
  O  O60  1  0.77407200  0.95420700  0.46763000  1
  O  O61  1  0.22592800  0.54579300  0.96763000  1
  O  O62  1  0.22592800  0.04579300  0.53237000  1
  O  O63  1  0.77407200  0.45420700  0.03237000  1
  O  O64  1  0.41550800  0.20768400  0.89691900  1
  O  O65  1  0.58449200  0.29231600  0.39691900  1
  O  O66  1  0.58449200  0.79231600  0.10308100  1
  O  O67  1  0.41550800  0.70768400  0.60308100  1
  O  O68  1  0.71040400  0.21603700  0.75824200  1
  O  O69  1  0.28959600  0.28396300  0.25824200  1
  O  O70  1  0.28959600  0.78396300  0.24175800  1
  O  O71  1  0.71040400  0.71603700  0.74175800  1
  O  O72  1  0.62567300  0.45091600  0.70586400  1
  O  O73  1  0.37432700  0.04908400  0.20586400  1
  O  O74  1  0.37432700  0.54908400  0.29413600  1
  O  O75  1  0.62567300  0.95091600  0.79413600  1
  O  O76  1  0.26985900  0.29481800  0.73331800  1
  O  O77  1  0.73014100  0.20518200  0.23331800  1
  O  O78  1  0.73014100  0.70518200  0.26668200  1
  O  O79  1  0.26985900  0.79481800  0.76668200  1
  O  O80  1  0.61715200  0.41070800  0.88063100  1
  O  O81  1  0.38284800  0.08929200  0.38063100  1
  O  O82  1  0.38284800  0.58929200  0.11936900  1
  O  O83  1  0.61715200  0.91070800  0.61936900  1
  O  O84  1  0.39132400  0.32754600  0.05896300  1
  O  O85  1  0.60867600  0.17245400  0.55896300  1
  O  O86  1  0.60867600  0.67245400  0.94103700  1
  O  O87  1  0.94997900  0.11666900  0.65915900  1
",Rotate all surrounding atoms within 2.1945867709331432 angstrom of the center atom at index 68 by 160.25683983574646 degree around the axis [ 0.  0. -1.] in the cif file. The rotation should following the right-hand rule.,"<cif>
# generated using pymatgen
data_CaMn2CoO7
_symmetry_space_group_name_H-M   'P 1'
_cell_length_a   6.79467057
_cell_length_b   11.09862405
_cell_length_c   14.50396600
_cell_angle_alpha   90.00000000
_cell_angle_beta   90.00000000
_cell_angle_gamma   101.18136083
_symmetry_Int_Tables_number   1
_chemical_formula_structural   CaMn2CoO7
_chemical_formula_sum   'Ca8 Mn16 Co8 O56'
_cell_volume   1073.00420406
_cell_formula_units_Z   8
loop_
 _symmetry_equiv_pos_site_id
 _symmetry_equiv_pos_as_xyz
  1  'x, y, z'
loop_
 _atom_site_type_symbol
 _atom_site_label
 _atom_site_symmetry_multiplicity
 _atom_site_fract_x
 _atom_site_fract_y
 _atom_site_fract_z
 _atom_site_occupancy
  Ca  Ca0  1  0.08321900  0.73728100  0.50793500  1
  Ca  Ca1  1  0.32272100  0.97711200  0.87388500  1
  Ca  Ca2  1  0.67727900  0.52288800  0.37388500  1
  Ca  Ca3  1  0.67727900  0.02288800  0.12611500  1
  Ca  Ca4  1  0.32272100  0.47711200  0.62611500  1
  Ca  Ca5  1  0.08321900  0.23728100  0.99206500  1
  Ca  Ca6  1  0.91678100  0.26271900  0.49206500  1
  Ca  Ca7  1  0.91678100  0.76271900  0.00793500  1
  Mn  Mn8  1  0.83427600  0.98035800  0.86902500  1
  Mn  Mn9  1  0.41415100  0.68519600  0.01559200  1
  Mn  Mn10  1  0.41415100  0.18519600  0.48440800  1
  Mn  Mn11  1  0.58584900  0.31480400  0.98440800  1
  Mn  Mn12  1  0.50340100  0.79722400  0.70973100  1
  Mn  Mn13  1  0.49659900  0.70277600  0.20973100  1
  Mn  Mn14  1  0.49659900  0.20277600  0.29026900  1
  Mn  Mn15  1  0.50340100  0.29722400  0.79026900  1
  Mn  Mn16  1  0.58584900  0.81480400  0.51559200  1
  Mn  Mn17  1  0.87193600  0.47725200  0.14139400  1
  Mn  Mn18  1  0.12806400  0.02274800  0.64139400  1
  Mn  Mn19  1  0.12806400  0.52274800  0.85860600  1
  Mn  Mn20  1  0.16572400  0.51964200  0.36902500  1
  Mn  Mn21  1  0.83427600  0.48035800  0.63097500  1
  Mn  Mn22  1  0.16572400  0.01964200  0.13097500  1
  Mn  Mn23  1  0.87193600  0.97725200  0.35860600  1
  Co  Co24  1  0.63006400  0.07538000  0.67459700  1
  Co  Co25  1  0.36993600  0.42462000  0.17459700  1
  Co  Co26  1  0.36993600  0.92462000  0.32540300  1
  Co  Co27  1  0.63006400  0.57538000  0.82540300  1
  Co  Co28  1  0.99348000  0.25282500  0.75383100  1
  Co  Co29  1  0.00652000  0.24717500  0.25383100  1
  Co  Co30  1  0.00652000  0.74717500  0.24616900  1
  Co  Co31  1  0.99348000  0.75282500  0.74616900  1
  O  O32  1  0.76043500  0.95774800  0.97898700  1
  O  O33  1  0.23956500  0.54225200  0.47898700  1
  O  O34  1  0.23956500  0.04225200  0.02101300  1
  O  O35  1  0.76043500  0.45774800  0.52101300  1
  O  O36  1  0.98540500  0.87157800  0.85626400  1
  O  O37  1  0.01459500  0.62842200  0.35626400  1
  O  O38  1  0.01459500  0.12842200  0.14373600  1
  O  O39  1  0.98540500  0.37157800  0.64373600  1
  O  O40  1  0.99930200  0.11686300  0.85527400  1
  O  O41  1  0.00069800  0.38313700  0.35527400  1
  O  O42  1  0.00069800  0.88313700  0.14472600  1
  O  O43  1  0.99930200  0.61686300  0.64472600  1
  O  O44  1  0.66820300  0.94954000  0.28615100  1
  O  O45  1  0.33179700  0.55046000  0.78615100  1
  O  O46  1  0.33179700  0.05046000  0.71384900  1
  O  O47  1  0.66820300  0.44954000  0.21384900  1
  O  O48  1  0.97679700  0.13302600  0.35902700  1
  O  O49  1  0.02320300  0.36697400  0.85902700  1
  O  O50  1  0.02320300  0.86697400  0.64097300  1
  O  O51  1  0.97679700  0.63302600  0.14097300  1
  O  O52  1  0.05002100  0.88333100  0.34084100  1
  O  O53  1  0.39132400  0.82754600  0.44103700  1
  O  O54  1  0.94997900  0.61666900  0.84084100  1
  O  O55  1  0.05002100  0.38333100  0.15915900  1
  O  O56  1  0.72426300  0.70992300  0.48225300  1
  O  O57  1  0.27573700  0.79007700  0.98225300  1
  O  O58  1  0.27573700  0.29007700  0.51774700  1
  O  O59  1  0.72426300  0.20992300  0.01774700  1
  O  O60  1  0.77407200  0.95420700  0.46763000  1
  O  O61  1  0.22592800  0.54579300  0.96763000  1
  O  O62  1  0.22592800  0.04579300  0.53237000  1
  O  O63  1  0.77407200  0.45420700  0.03237000  1
  O  O64  1  0.41550800  0.20768400  0.89691900  1
  O  O65  1  0.58449200  0.29231600  0.39691900  1
  O  O66  1  0.58449200  0.79231600  0.10308100  1
  O  O67  1  0.41550800  0.70768400  0.60308100  1
  O  O68  1  0.71040400  0.21603700  0.75824200  1
  O  O69  1  0.28959600  0.28396300  0.25824200  1
  O  O70  1  0.28959600  0.78396300  0.24175800  1
  O  O71  1  0.71040400  0.71603700  0.74175800  1
  O  O72  1  0.62567300  0.45091600  0.70586400  1
  O  O73  1  0.37432700  0.04908400  0.20586400  1
  O  O74  1  0.37432700  0.54908400  0.29413600  1
  O  O75  1  0.62567300  0.95091600  0.79413600  1
  O  O76  1  0.26985900  0.29481800  0.73331800  1
  O  O77  1  0.73014100  0.20518200  0.23331800  1
  O  O78  1  0.73014100  0.70518200  0.26668200  1
  O  O79  1  0.26985900  0.79481800  0.76668200  1
  O  O80  1  0.61715200  0.41070800  0.88063100  1
  O  O81  1  0.38284800  0.08929200  0.38063100  1
  O  O82  1  0.38284800  0.58929200  0.11936900  1
  O  O83  1  0.61715200  0.91070800  0.61936900  1
  O  O84  1  0.39132400  0.32754600  0.05896300  1
  O  O85  1  0.60867600  0.17245400  0.55896300  1
  O  O86  1  0.60867600  0.67245400  0.94103700  1
  O  O87  1  0.94997900  0.11666900  0.65915900  1
</cif>
","data_image0
_chemical_formula_structural       Ca8Mn16Co8O56
_chemical_formula_sum              ""Ca8 Mn16 Co8 O56""
_cell_length_a       6.79467057
_cell_length_b       11.09862405
_cell_length_c       14.503966
_cell_angle_alpha    90.0
_cell_angle_beta     90.0
_cell_angle_gamma    101.18136083

_space_group_name_H-M_alt    ""P 1""
_space_group_IT_number       1

loop_
  _space_group_symop_operation_xyz
  'x, y, z'

loop_
  _atom_site_type_symbol
  _atom_site_label
  _atom_site_symmetry_multiplicity
  _atom_site_fract_x
  _atom_site_fract_y
  _atom_site_fract_z
  _atom_site_occupancy
  Ca  Ca1       1.0  0.08321899999999996  0.7372809999999999  0.507935  1.0000
  Ca  Ca2       1.0  0.322721  0.977112  0.873885  1.0000
  Ca  Ca3       1.0  0.677279  0.522888  0.373885  1.0000
  Ca  Ca4       1.0  0.677279  0.022888  0.126115  1.0000
  Ca  Ca5       1.0  0.32272100000000004  0.47711200000000004  0.6261150000000001  1.0000
  Ca  Ca6       1.0  0.08321900000000003  0.237281  0.9920650000000001  1.0000
  Ca  Ca7       1.0  0.916781  0.262719  0.492065  1.0000
  Ca  Ca8       1.0  0.9167810000000001  0.7627190000000001  0.007935  1.0000
  Mn  Mn1       1.0  0.834276  0.980358  0.869025  1.0000
  Mn  Mn2       1.0  0.414151  0.685196  0.015592  1.0000
  Mn  Mn3       1.0  0.414151  0.185196  0.484408  1.0000
  Mn  Mn4       1.0  0.585849  0.314804  0.9844080000000002  1.0000
  Mn  Mn5       1.0  0.503401  0.7972240000000002  0.7097310000000002  1.0000
  Mn  Mn6       1.0  0.496599  0.702776  0.209731  1.0000
  Mn  Mn7       1.0  0.496599  0.202776  0.290269  1.0000
  Mn  Mn8       1.0  0.9647249419589854  0.18868147826679302  0.790269  1.0000
  Mn  Mn9       1.0  0.585849  0.8148040000000001  0.515592  1.0000
  Mn  Mn10      1.0  0.871936  0.477252  0.141394  1.0000
  Mn  Mn11      1.0  0.128064  0.022748  0.641394  1.0000
  Mn  Mn12      1.0  0.12806399999999998  0.522748  0.8586060000000001  1.0000
  Mn  Mn13      1.0  0.16572400000000007  0.519642  0.369025  1.0000
  Mn  Mn14      1.0  0.834276  0.480358  0.630975  1.0000
  Mn  Mn15      1.0  0.16572400000000007  0.019642  0.130975  1.0000
  Mn  Mn16      1.0  0.871936  0.9772520000000001  0.358606  1.0000
  Co  Co1       1.0  0.7122724206212452  0.3559699235569917  0.6745970000000002  1.0000
  Co  Co2       1.0  0.3699360000000001  0.42462  0.17459700000000006  1.0000
  Co  Co3       1.0  0.3699360000000001  0.92462  0.3254030000000001  1.0000
  Co  Co4       1.0  0.630064  0.57538  0.8254030000000002  1.0000
  Co  Co5       1.0  0.44575809080896805  0.12419324354172404  0.753831  1.0000
  Co  Co6       1.0  0.00652000000000001  0.247175  0.253831  1.0000
  Co  Co7       1.0  0.006519999999999986  0.747175  0.246169  1.0000
  Co  Co8       1.0  0.9934800000000003  0.752825  0.746169  1.0000
  O   O1        1.0  0.7604350000000001  0.957748  0.9789870000000003  1.0000
  O   O2        1.0  0.23956499999999997  0.542252  0.478987  1.0000
  O   O3        1.0  0.23956500000000006  0.042252  0.021013000000000007  1.0000
  O   O4        1.0  0.7604350000000001  0.45774800000000004  0.521013  1.0000
  O   O5        1.0  0.9854050000000002  0.8715780000000001  0.8562640000000002  1.0000
  O   O6        1.0  0.014594999999999986  0.628422  0.35626400000000014  1.0000
  O   O7        1.0  0.014594999999999999  0.128422  0.14373600000000006  1.0000
  O   O8        1.0  0.9854050000000002  0.371578  0.6437360000000002  1.0000
  O   O9        1.0  0.999302  0.116863  0.855274  1.0000
  O   O10       1.0  0.0006980000000000073  0.38313700000000006  0.3552740000000001  1.0000
  O   O11       1.0  0.0006980000000000073  0.883137  0.14472600000000002  1.0000
  O   O12       1.0  0.999302  0.616863  0.644726  1.0000
  O   O13       1.0  0.668203  0.94954  0.286151  1.0000
  O   O14       1.0  0.331797  0.55046  0.786151  1.0000
  O   O15       1.0  0.331797  0.05046  0.713849  1.0000
  O   O16       1.0  0.668203  0.44954  0.213849  1.0000
  O   O17       1.0  0.9767970000000001  0.133026  0.359027  1.0000
  O   O18       1.0  0.02320300000000001  0.366974  0.859027  1.0000
  O   O19       1.0  0.023203000000000026  0.866974  0.6409730000000001  1.0000
  O   O20       1.0  0.9767970000000001  0.633026  0.140973  1.0000
  O   O21       1.0  0.050021000000000065  0.8833310000000001  0.340841  1.0000
  O   O22       1.0  0.391324  0.827546  0.4410370000000001  1.0000
  O   O23       1.0  0.9499790000000001  0.616669  0.840841  1.0000
  O   O24       1.0  0.05002100000000002  0.383331  0.159159  1.0000
  O   O25       1.0  0.724263  0.709923  0.482253  1.0000
  O   O26       1.0  0.275737  0.790077  0.9822530000000002  1.0000
  O   O27       1.0  0.275737  0.290077  0.517747  1.0000
  O   O28       1.0  0.724263  0.209923  0.017747  1.0000
  O   O29       1.0  0.7740720000000001  0.9542070000000001  0.46763  1.0000
  O   O30       1.0  0.22592800000000005  0.545793  0.9676300000000001  1.0000
  O   O31       1.0  0.22592800000000005  0.045793  0.53237  1.0000
  O   O32       1.0  0.7740720000000001  0.45420699999999997  0.03237  1.0000
  O   O33       1.0  0.41550800000000004  0.207684  0.896919  1.0000
  O   O34       1.0  0.584492  0.292316  0.39691900000000013  1.0000
  O   O35       1.0  0.5844920000000001  0.7923160000000001  0.103081  1.0000
  O   O36       1.0  0.41550800000000004  0.707684  0.6030810000000001  1.0000
  O   O37       1.0  0.7104040000000003  0.21603700000000003  0.758242  1.0000
  O   O38       1.0  0.28959600000000013  0.283963  0.258242  1.0000
  O   O39       1.0  0.289596  0.7839629999999999  0.241758  1.0000
  O   O40       1.0  0.7104040000000001  0.716037  0.7417580000000001  1.0000
  O   O41       1.0  0.625673  0.450916  0.705864  1.0000
  O   O42       1.0  0.374327  0.049084  0.20586400000000002  1.0000
  O   O43       1.0  0.374327  0.549084  0.294136  1.0000
  O   O44       1.0  0.625673  0.950916  0.794136  1.0000
  O   O45       1.0  0.269859  0.294818  0.7333180000000001  1.0000
  O   O46       1.0  0.730141  0.20518200000000003  0.233318  1.0000
  O   O47       1.0  0.730141  0.705182  0.266682  1.0000
  O   O48       1.0  0.269859  0.794818  0.766682  1.0000
  O   O49       1.0  0.617152  0.410708  0.8806310000000003  1.0000
  O   O50       1.0  0.38284800000000013  0.089292  0.380631  1.0000
  O   O51       1.0  0.38284800000000013  0.589292  0.119369  1.0000
  O   O52       1.0  0.617152  0.9107080000000001  0.619369  1.0000
  O   O53       1.0  0.391324  0.327546  0.058963  1.0000
  O   O54       1.0  0.608676  0.172454  0.558963  1.0000
  O   O55       1.0  0.608676  0.672454  0.941037  1.0000
  O   O56       1.0  0.9499790000000001  0.116669  0.659159  1.0000
"
"# generated using pymatgen
data_Ge2BiO6
_symmetry_space_group_name_H-M   'P 1'
_cell_length_a   7.16426006
_cell_length_b   7.16426006
_cell_length_c   5.74338245
_cell_angle_alpha   76.53192819
_cell_angle_beta   76.53192819
_cell_angle_gamma   85.13043174
_symmetry_Int_Tables_number   1
_chemical_formula_structural   Ge2BiO6
_chemical_formula_sum   'Ge4 Bi2 O12'
_cell_volume   278.65152472
_cell_formula_units_Z   2
loop_
 _symmetry_equiv_pos_site_id
 _symmetry_equiv_pos_as_xyz
  1  'x, y, z'
loop_
 _atom_site_type_symbol
 _atom_site_label
 _atom_site_symmetry_multiplicity
 _atom_site_fract_x
 _atom_site_fract_y
 _atom_site_fract_z
 _atom_site_occupancy
  Ge  Ge0  1  0.21867700  0.37575100  0.74965100  1
  Ge  Ge1  1  0.62424900  0.78132300  0.75034900  1
  Ge  Ge2  1  0.78132300  0.62424900  0.25034900  1
  Ge  Ge3  1  0.37575100  0.21867700  0.24965100  1
  Bi  Bi4  1  0.12350400  0.87649600  0.75000000  1
  Bi  Bi5  1  0.87649600  0.12350400  0.25000000  1
  O  O6  1  0.38854600  0.33269000  0.48882500  1
  O  O7  1  0.66731000  0.61145400  0.01117500  1
  O  O8  1  0.61145400  0.66731000  0.51117500  1
  O  O9  1  0.33269000  0.38854600  0.98882500  1
  O  O10  1  0.59528800  0.09295700  0.18361300  1
  O  O11  1  0.90704300  0.40471200  0.31638700  1
  O  O12  1  0.40471200  0.90704300  0.81638700  1
  O  O13  1  0.09295700  0.59528800  0.68361300  1
  O  O14  1  0.05590800  0.17754800  0.86078800  1
  O  O15  1  0.82245200  0.94409200  0.63921200  1
  O  O16  1  0.94409200  0.82245200  0.13921200  1
  O  O17  1  0.17754800  0.05590800  0.36078800  1
",Rotate all surrounding atoms within 3.729115420518258 angstrom of the center atom at index 8 by 119.42413364232452 degree around the axis [0. 1. 0.] in the cif file. The rotation should following the right-hand rule.,"<cif>
# generated using pymatgen
data_Ge2BiO6
_symmetry_space_group_name_H-M   'P 1'
_cell_length_a   7.16426006
_cell_length_b   7.16426006
_cell_length_c   5.74338245
_cell_angle_alpha   76.53192819
_cell_angle_beta   76.53192819
_cell_angle_gamma   85.13043174
_symmetry_Int_Tables_number   1
_chemical_formula_structural   Ge2BiO6
_chemical_formula_sum   'Ge4 Bi2 O12'
_cell_volume   278.65152472
_cell_formula_units_Z   2
loop_
 _symmetry_equiv_pos_site_id
 _symmetry_equiv_pos_as_xyz
  1  'x, y, z'
loop_
 _atom_site_type_symbol
 _atom_site_label
 _atom_site_symmetry_multiplicity
 _atom_site_fract_x
 _atom_site_fract_y
 _atom_site_fract_z
 _atom_site_occupancy
  Ge  Ge0  1  0.21867700  0.37575100  0.74965100  1
  Ge  Ge1  1  0.16220000  0.99470000  0.52100000  1
  Ge  Ge2  1  0.79500000  0.71790000  0.71030000  1
  Ge  Ge3  1  0.95750000  0.22460000  0.21540000  1
  Bi  Bi4  1  0.12350400  0.87649600  0.75000000  1
  Bi  Bi5  1  0.87649600  0.12350400  0.25000000  1
  O  O6   1  0.10330000  0.41390000  0.02037000  1
  O  O7   1  0.66731000  0.61145400  0.01117500  1
  O  O8   1  0.01620000  0.80490000  0.71630000  1
  O  O9   1  0.77460000  0.31130000  0.43250000  1
  O  O10  1  0.59528800  0.09295700  0.18361300  1
  O  O11  1  0.82670000  0.53910000  0.54100000  1
  O  O12  1  0.57950000  0.80200000  0.42100000  1
  O  O13  1  0.61560000  0.38300000  0.90300000  1
  O  O14  1  0.05590800  0.17754800  0.86078800  1
  O  O15  1  0.33350000  0.86970000  0.06390000  1
  O  O16  1  0.64980000  0.91860000  0.58320000  1
  O  O17  1  0.17754800  0.05590800  0.36078800  1
</cif>
","data_image0
_chemical_formula_structural       Ge4Bi2O12
_chemical_formula_sum              ""Ge4 Bi2 O12""
_cell_length_a       7.16426006
_cell_length_b       7.16426006
_cell_length_c       5.74338245
_cell_angle_alpha    76.53192819
_cell_angle_beta     76.53192819
_cell_angle_gamma    85.13043174

_space_group_name_H-M_alt    ""P 1""
_space_group_IT_number       1

loop_
  _space_group_symop_operation_xyz
  'x, y, z'

loop_
  _atom_site_type_symbol
  _atom_site_label
  _atom_site_symmetry_multiplicity
  _atom_site_fract_x
  _atom_site_fract_y
  _atom_site_fract_z
  _atom_site_occupancy
  Ge  Ge1       1.0  0.9205811284491248  0.36343706546574817  0.8212009401279389  1.0000
  Ge  Ge2       1.0  0.757191731588726  0.8559388618366575  0.3167946041927629  1.0000
  Ge  Ge3       1.0  0.38951953809225065  0.5804698999875024  0.5047268331804801  1.0000
  Ge  Ge4       1.0  0.375751  0.21867699999999998  0.249651  1.0000
  Bi  Bi1       1.0  0.12350400000000002  0.876496  0.75  1.0000
  Bi  Bi2       1.0  0.876496  0.12350400000000002  0.25  1.0000
  O   O1        1.0  0.6986466665413755  0.27659696545325063  0.8147527733084188  1.0000
  O   O2        1.0  0.26243724585561595  0.4748022860770534  0.8051878252566801  1.0000
  O   O3        1.0  0.6114539999999999  0.6673100000000002  0.511175  1.0000
  O   O4        1.0  0.04766342068575935  0.46910467937619715  0.5207399480517388  1.0000
  O   O5        1.0  0.45740249454982806  0.9840367810841035  0.8164923709660497  1.0000
  O   O6        1.0  0.4213918321536607  0.401418437093892  0.3355242000625914  1.0000
  O   O7        1.0  0.8526981719915475  0.9598701843691471  0.5094354023423691  1.0000
  O   O8        1.0  0.8887088343877149  0.5424885283593586  0.9904035732458275  1.0000
  O   O9        1.0  0.055907999999999965  0.17754799999999998  0.8607880000000002  1.0000
  O   O10       1.0  0.6057159221390764  0.027883994348378627  0.15233981774575467  1.0000
  O   O11       1.0  0.2445745515990121  0.7814577804197245  0.3774083253419646  1.0000
  O   O12       1.0  0.177548  0.05590799999999999  0.36078800000000005  1.0000
"
"# generated using pymatgen
data_MgTiBi(PO4)3
_symmetry_space_group_name_H-M   'P 1'
_cell_length_a   8.40025376
_cell_length_b   8.40025316
_cell_length_c   8.40025381
_cell_angle_alpha   64.63108249
_cell_angle_beta   64.63108687
_cell_angle_gamma   64.63109322
_symmetry_Int_Tables_number   1
_chemical_formula_structural   MgTiBi(PO4)3
_chemical_formula_sum   'Mg2 Ti2 Bi2 P6 O24'
_cell_volume   461.66647460
_cell_formula_units_Z   2
loop_
 _symmetry_equiv_pos_site_id
 _symmetry_equiv_pos_as_xyz
  1  'x, y, z'
loop_
 _atom_site_type_symbol
 _atom_site_label
 _atom_site_symmetry_multiplicity
 _atom_site_fract_x
 _atom_site_fract_y
 _atom_site_fract_z
 _atom_site_occupancy
  Mg  Mg0  1  0.99319100  0.99319100  0.99319100  1
  Mg  Mg1  1  0.49319100  0.49319100  0.49319100  1
  Ti  Ti2  1  0.14900100  0.14900100  0.14900100  1
  Ti  Ti3  1  0.64900100  0.64900100  0.64900100  1
  Bi  Bi4  1  0.33220500  0.33220500  0.33220500  1
  Bi  Bi5  1  0.83220500  0.83220500  0.83220500  1
  P  P6  1  0.06529700  0.42887800  0.76007300  1
  P  P7  1  0.42887800  0.76007300  0.06529700  1
  P  P8  1  0.76007300  0.06529700  0.42887800  1
  P  P9  1  0.26007300  0.92887800  0.56529700  1
  P  P10  1  0.56529700  0.26007300  0.92887800  1
  P  P11  1  0.92887800  0.56529700  0.26007300  1
  O  O12  1  0.05819700  0.56333800  0.34323300  1
  O  O13  1  0.34323300  0.05819700  0.56333800  1
  O  O14  1  0.06913600  0.23525800  0.90621900  1
  O  O15  1  0.56333800  0.34323300  0.05819700  1
  O  O16  1  0.06333800  0.55819700  0.84323300  1
  O  O17  1  0.24318100  0.41751400  0.59331000  1
  O  O18  1  0.23525800  0.90621900  0.06913600  1
  O  O19  1  0.41751400  0.59331000  0.24318100  1
  O  O20  1  0.20667900  0.00678800  0.37850200  1
  O  O21  1  0.59331000  0.24318100  0.41751400  1
  O  O22  1  0.09331000  0.91751400  0.74318100  1
  O  O23  1  0.37850200  0.20667900  0.00678800  1
  O  O24  1  0.55819700  0.84323300  0.06333800  1
  O  O25  1  0.90621900  0.06913600  0.23525800  1
  O  O26  1  0.40621900  0.73525800  0.56913600  1
  O  O27  1  0.84323300  0.06333800  0.55819700  1
  O  O28  1  0.56913600  0.40621900  0.73525800  1
  O  O29  1  0.74318100  0.09331000  0.91751400  1
  O  O30  1  0.73525800  0.56913600  0.40621900  1
  O  O31  1  0.00678800  0.37850200  0.20667900  1
  O  O32  1  0.50678800  0.70667900  0.87850200  1
  O  O33  1  0.91751400  0.74318100  0.09331000  1
  O  O34  1  0.70667900  0.87850200  0.50678800  1
  O  O35  1  0.87850200  0.50678800  0.70667900  1
",Rotate all surrounding atoms within 2.5283898401316125 angstrom of the center atom at index 0 by 140.8007009386328 degree around the axis [-1.  0.  0.] in the cif file. The rotation should following the right-hand rule.,"<cif>
# generated using pymatgen
data_MgTiBi(PO4)3
_symmetry_space_group_name_H-M   'P 1'
_cell_length_a   8.40025376
_cell_length_b   8.40025316
_cell_length_c   8.40025381
_cell_angle_alpha   64.63108249
_cell_angle_beta   64.63108687
_cell_angle_gamma   64.63109322
_symmetry_Int_Tables_number   1
_chemical_formula_structural   MgTiBi(PO4)3
_chemical_formula_sum   'Mg2 Ti2 Bi2 P6 O24'
_cell_volume   461.66647460
_cell_formula_units_Z   2
loop_
 _symmetry_equiv_pos_site_id
 _symmetry_equiv_pos_as_xyz
  1  'x, y, z'
loop_
 _atom_site_type_symbol
 _atom_site_label
 _atom_site_symmetry_multiplicity
 _atom_site_fract_x
 _atom_site_fract_y
 _atom_site_fract_z
 _atom_site_occupancy
  Mg  Mg0  1  0.99319100  0.99319100  0.99319100  1
  Mg  Mg1  1  0.49319100  0.49319100  0.49319100  1
  Ti  Ti2  1  0.14900100  0.14900100  0.14900100  1
  Ti  Ti3  1  0.64900100  0.64900100  0.64900100  1
  Bi  Bi4  1  0.33220500  0.33220500  0.33220500  1
  Bi  Bi5  1  0.83220500  0.83220500  0.83220500  1
  P   P6   1  0.06529700  0.42887800  0.76007300  1
  P   P7   1  0.42887800  0.76007300  0.06529700  1
  P   P8   1  0.76007300  0.06529700  0.42887800  1
  P   P9   1  0.26007300  0.92887800  0.56529700  1
  P   P10  1  0.56529700  0.26007300  0.92887800  1
  P   P11  1  0.92887800  0.56529700  0.26007300  1
  O   O12  1  0.05819700  0.56333800  0.34323300  1
  O   O13  1  0.34323300  0.05819700  0.56333800  1
  O   O14  1  0.25095000  0.79570000  0.91784000  1
  O   O15  1  0.56333800  0.34323300  0.05819700  1
  O   O16  1  0.06333800  0.55819700  0.84323300  1
  O   O17  1  0.24318100  0.41751400  0.59331000  1
  O   O18  1  0.61960000  0.09380000  0.97695000  1
  O   O19  1  0.41751400  0.59331000  0.24318100  1
  O   O20  1  0.20667900  0.00678800  0.37850200  1
  O   O21  1  0.59331000  0.24318100  0.41751400  1
  O   O22  1  0.60530000  0.16920000  0.28690000  1
  O   O23  1  0.37850200  0.20667900  0.00678800  1
  O   O24  1  0.55819700  0.84323300  0.06333800  1
  O   O25  1  0.53780000  0.10960000  0.70800000  1
  O   O26  1  0.40621900  0.73525800  0.56913600  1
  O   O27  1  0.84323300  0.06333800  0.55819700  1
  O   O28  1  0.56913600  0.40621900  0.73525800  1
  O   O29  1  0.51970000  0.18330000  0.00030000  1
  O   O30  1  0.73525800  0.56913600  0.40621900  1
  O   O31  1  0.00678800  0.37850200  0.20667900  1
  O   O32  1  0.50678800  0.70667900  0.87850200  1
  O   O33  1  0.45800000  0.50240000  0.06130000  1
  O   O34  1  0.70667900  0.87850200  0.50678800  1
  O   O35  1  0.87850200  0.50678800  0.70667900  1
</cif>
","data_image0
_chemical_formula_structural       Mg2Ti2Bi2P6O24
_chemical_formula_sum              ""Mg2 Ti2 Bi2 P6 O24""
_cell_length_a       8.40025376
_cell_length_b       8.40025316
_cell_length_c       8.40025381
_cell_angle_alpha    64.63108249
_cell_angle_beta     64.63108687
_cell_angle_gamma    64.63109322

_space_group_name_H-M_alt    ""P 1""
_space_group_IT_number       1

loop_
  _space_group_symop_operation_xyz
  'x, y, z'

loop_
  _atom_site_type_symbol
  _atom_site_label
  _atom_site_symmetry_multiplicity
  _atom_site_fract_x
  _atom_site_fract_y
  _atom_site_fract_z
  _atom_site_occupancy
  Mg  Mg1       1.0  0.993191  0.9931909999999996  0.9931910000000003  1.0000
  Mg  Mg2       1.0  0.4931910000000001  0.4931909999999998  0.49319100000000005  1.0000
  Ti  Ti1       1.0  0.149001  0.149001  0.149001  1.0000
  Ti  Ti2       1.0  0.649001  0.649001  0.6490010000000003  1.0000
  Bi  Bi1       1.0  0.3322050000000001  0.3322049999999998  0.3322050000000001  1.0000
  Bi  Bi2       1.0  0.832205  0.8322049999999996  0.8322050000000001  1.0000
  P   P1        1.0  0.06529699999999997  0.428878  0.7600730000000002  1.0000
  P   P2        1.0  0.42887800000000004  0.7600729999999998  0.065297  1.0000
  P   P3        1.0  0.7600730000000002  0.06529699999999994  0.4288780000000001  1.0000
  P   P4        1.0  0.2600730000000001  0.9288779999999995  0.5652970000000003  1.0000
  P   P5        1.0  0.5652970000000003  0.26007299999999994  0.9288780000000002  1.0000
  P   P6        1.0  0.9288779999999999  0.565297  0.260073  1.0000
  O   O1        1.0  0.058197000000000006  0.5633379999999999  0.34323300000000007  1.0000
  O   O2        1.0  0.3432330000000002  0.05819700000000001  0.563338  1.0000
  O   O3        1.0  0.2932812160213222  0.37231846843869887  0.5800211225905689  1.0000
  O   O4        1.0  0.563338  0.3432329999999999  0.05819700000000001  1.0000
  O   O5        1.0  0.06333800000000003  0.5581969999999998  0.8432330000000002  1.0000
  O   O6        1.0  0.24318099999999987  0.41751399999999983  0.5933100000000002  1.0000
  O   O7        1.0  0.632744622748628  0.4310994453765961  0.9505349643371839  1.0000
  O   O8        1.0  0.4175140000000001  0.5933099999999998  0.24318100000000006  1.0000
  O   O9        1.0  0.20667899999999997  0.006787999999999975  0.3785020000000001  1.0000
  O   O10       1.0  0.59331  0.24318099999999992  0.4175140000000001  1.0000
  O   O11       1.0  0.8802777622661155  0.87116137720925  0.2867555661401595  1.0000
  O   O12       1.0  0.3785020000000001  0.20667899999999995  0.0067880000000000015  1.0000
  O   O13       1.0  0.5581970000000002  0.8432329999999998  0.063338  1.0000
  O   O14       1.0  0.5941077897550897  0.023516683345940148  0.3433742183581505  1.0000
  O   O15       1.0  0.40621900000000033  0.7352579999999996  0.5691360000000002  1.0000
  O   O16       1.0  0.8432329999999999  0.063338  0.558197  1.0000
  O   O17       1.0  0.5691360000000001  0.40621899999999994  0.7352580000000002  1.0000
  O   O18       1.0  0.8375168308449499  0.46159724777390054  0.6630673931778015  1.0000
  O   O19       1.0  0.735258  0.569136  0.4062190000000001  1.0000
  O   O20       1.0  0.006787999999999993  0.37850199999999995  0.20667900000000006  1.0000
  O   O21       1.0  0.506788  0.706679  0.878502  1.0000
  O   O22       1.0  0.17219684957852402  0.5410636841644275  0.035013977641966676  1.0000
  O   O23       1.0  0.7066790000000001  0.878502  0.506788  1.0000
  O   O24       1.0  0.878502  0.5067879999999999  0.7066790000000001  1.0000
"
"# generated using pymatgen
data_CaBi3O7
_symmetry_space_group_name_H-M   'P 1'
_cell_length_a   5.74695500
_cell_length_b   11.19136000
_cell_length_c   11.22876800
_cell_angle_alpha   90.00000000
_cell_angle_beta   90.00000000
_cell_angle_gamma   90.00000000
_symmetry_Int_Tables_number   1
_chemical_formula_structural   CaBi3O7
_chemical_formula_sum   'Ca4 Bi12 O28'
_cell_volume   722.19216352
_cell_formula_units_Z   4
loop_
 _symmetry_equiv_pos_site_id
 _symmetry_equiv_pos_as_xyz
  1  'x, y, z'
loop_
 _atom_site_type_symbol
 _atom_site_label
 _atom_site_symmetry_multiplicity
 _atom_site_fract_x
 _atom_site_fract_y
 _atom_site_fract_z
 _atom_site_occupancy
  Ca  Ca0  1  0.68263700  0.75000000  0.14408500  1
  Ca  Ca1  1  0.18263700  0.25000000  0.35591500  1
  Ca  Ca2  1  0.31736300  0.25000000  0.85591500  1
  Ca  Ca3  1  0.81736300  0.75000000  0.64408500  1
  Bi  Bi4  1  0.35770300  0.99127100  0.63343200  1
  Bi  Bi5  1  0.85770300  0.00872900  0.86656800  1
  Bi  Bi6  1  0.64229700  0.49127100  0.36656800  1
  Bi  Bi7  1  0.14229700  0.50872900  0.13343200  1
  Bi  Bi8  1  0.32128400  0.75000000  0.85227100  1
  Bi  Bi9  1  0.82128400  0.25000000  0.64772900  1
  Bi  Bi10  1  0.67871600  0.25000000  0.14772900  1
  Bi  Bi11  1  0.17871600  0.75000000  0.35227100  1
  Bi  Bi12  1  0.85770300  0.49127100  0.86656800  1
  Bi  Bi13  1  0.35770300  0.50872900  0.63343200  1
  Bi  Bi14  1  0.14229700  0.99127100  0.13343200  1
  Bi  Bi15  1  0.64229700  0.00872900  0.36656800  1
  O  O16  1  0.92771700  0.12724000  0.22354500  1
  O  O17  1  0.42771700  0.87276000  0.27645500  1
  O  O18  1  0.07228300  0.62724000  0.77645500  1
  O  O19  1  0.57228300  0.37276000  0.72354500  1
  O  O20  1  0.07228300  0.87276000  0.77645500  1
  O  O21  1  0.57228300  0.12724000  0.72354500  1
  O  O22  1  0.92771700  0.37276000  0.22354500  1
  O  O23  1  0.42771700  0.62724000  0.27645500  1
  O  O24  1  0.43559900  0.12508200  0.21709300  1
  O  O25  1  0.93559900  0.87491800  0.28290700  1
  O  O26  1  0.56440100  0.62508200  0.78290700  1
  O  O27  1  0.06440100  0.37491800  0.71709300  1
  O  O28  1  0.56440100  0.87491800  0.78290700  1
  O  O29  1  0.06440100  0.12508200  0.71709300  1
  O  O30  1  0.43559900  0.37491800  0.21709300  1
  O  O31  1  0.93559900  0.62508200  0.28290700  1
  O  O32  1  0.17262200  0.75000000  0.53399200  1
  O  O33  1  0.67262200  0.25000000  0.96600800  1
  O  O34  1  0.82737800  0.25000000  0.46600800  1
  O  O35  1  0.32737800  0.75000000  0.03399200  1
  O  O36  1  0.16018500  0.41495200  0.96195400  1
  O  O37  1  0.66018500  0.58504800  0.53804600  1
  O  O38  1  0.83981500  0.91495200  0.03804600  1
  O  O39  1  0.33981500  0.08504800  0.46195400  1
  O  O40  1  0.83981500  0.58504800  0.03804600  1
  O  O41  1  0.33981500  0.41495200  0.46195400  1
  O  O42  1  0.16018500  0.08504800  0.96195400  1
  O  O43  1  0.66018500  0.91495200  0.53804600  1
",Rotate all surrounding atoms within 2.482482385049955 angstrom of the center atom at index 14 by 141.48167564377945 degree around the axis [-1.  0.  0.] in the cif file. The rotation should following the right-hand rule.,"<cif>
# generated using pymatgen
data_CaBi3O7
_symmetry_space_group_name_H-M   'P 1'
_cell_length_a   5.74695500
_cell_length_b   11.19136000
_cell_length_c   11.22876800
_cell_angle_alpha   90.00000000
_cell_angle_beta   90.00000000
_cell_angle_gamma   90.00000000
_symmetry_Int_Tables_number   1
_chemical_formula_structural   CaBi3O7
_chemical_formula_sum   'Ca4 Bi12 O28'
_cell_volume   722.19216352
_cell_formula_units_Z   4
loop_
 _symmetry_equiv_pos_site_id
 _symmetry_equiv_pos_as_xyz
  1  'x, y, z'
loop_
 _atom_site_type_symbol
 _atom_site_label
 _atom_site_symmetry_multiplicity
 _atom_site_fract_x
 _atom_site_fract_y
 _atom_site_fract_z
 _atom_site_occupancy
  Ca  Ca0  1  0.68263700  0.75000000  0.14408500  1
  Ca  Ca1  1  0.18263700  0.25000000  0.35591500  1
  Ca  Ca2  1  0.31736300  0.25000000  0.85591500  1
  Ca  Ca3  1  0.81736300  0.75000000  0.64408500  1
  Bi  Bi4  1  0.35770300  0.99127100  0.63343200  1
  Bi  Bi5  1  0.85770300  0.00872900  0.86656800  1
  Bi  Bi6  1  0.64229700  0.49127100  0.36656800  1
  Bi  Bi7  1  0.14229700  0.50872900  0.13343200  1
  Bi  Bi8  1  0.32128400  0.75000000  0.85227100  1
  Bi  Bi9  1  0.82128400  0.25000000  0.64772900  1
  Bi  Bi10  1  0.67871600  0.25000000  0.14772900  1
  Bi  Bi11  1  0.17871600  0.75000000  0.35227100  1
  Bi  Bi12  1  0.85770300  0.49127100  0.86656800  1
  Bi  Bi13  1  0.35770300  0.50872900  0.63343200  1
  Bi  Bi14  1  0.14229700  0.99127100  0.13343200  1
  Bi  Bi15  1  0.64229700  0.00872900  0.36656800  1
  O  O16  1  0.92771700  0.94072100  0.97868000  1
  O  O17  1  0.42771700  0.87276000  0.27645500  1
  O  O18  1  0.07228300  0.62724000  0.77645500  1
  O  O19  1  0.57228300  0.37276000  0.72354500  1
  O  O20  1  0.07228300  0.87276000  0.77645500  1
  O  O21  1  0.57228300  0.12724000  0.72354500  1
  O  O22  1  0.92771700  0.37276000  0.22354500  1
  O  O23  1  0.42771700  0.62724000  0.27645500  1
  O  O24  1  0.43559900  0.93900000  0.98506000  1
  O  O25  1  0.93559900  0.17550000  0.08805000  1
  O  O26  1  0.56440100  0.62508200  0.78290700  1
  O  O27  1  0.06440100  0.37491800  0.71709300  1
  O  O28  1  0.56440100  0.87491800  0.78290700  1
  O  O29  1  0.06440100  0.12508200  0.71709300  1
  O  O30  1  0.43559900  0.37491800  0.21709300  1
  O  O31  1  0.93559900  0.62508200  0.28290700  1
  O  O32  1  0.17262200  0.75000000  0.53399200  1
  O  O33  1  0.67262200  0.25000000  0.96600800  1
  O  O34  1  0.82737800  0.25000000  0.46600800  1
  O  O35  1  0.32737800  0.75000000  0.03399200  1
  O  O36  1  0.16018500  0.41495200  0.96195400  1
  O  O37  1  0.66018500  0.58504800  0.53804600  1
  O  O38  1  0.83981500  0.99185000  0.25550000  1
  O  O39  1  0.33981500  0.08504800  0.46195400  1
  O  O40  1  0.83981500  0.58504800  0.03804600  1
  O  O41  1  0.33981500  0.41495200  0.46195400  1
  O  O42  1  0.16018500  0.81100000  0.21010000  1
  O  O43  1  0.66018500  0.91495200  0.53804600  1
</cif>
","data_image0
_chemical_formula_structural       Ca4Bi12O28
_chemical_formula_sum              ""Ca4 Bi12 O28""
_cell_length_a       5.746955
_cell_length_b       11.19136
_cell_length_c       11.228768
_cell_angle_alpha    90.0
_cell_angle_beta     90.0
_cell_angle_gamma    90.0

_space_group_name_H-M_alt    ""P 1""
_space_group_IT_number       1

loop_
  _space_group_symop_operation_xyz
  'x, y, z'

loop_
  _atom_site_type_symbol
  _atom_site_label
  _atom_site_symmetry_multiplicity
  _atom_site_fract_x
  _atom_site_fract_y
  _atom_site_fract_z
  _atom_site_occupancy
  Ca  Ca1       1.0  0.682637  0.7499999999999999  0.14408499999999996  1.0000
  Ca  Ca2       1.0  0.18263699999999997  0.25  0.355915  1.0000
  Ca  Ca3       1.0  0.317363  0.25  0.8559149999999998  1.0000
  Ca  Ca4       1.0  0.817363  0.7499999999999999  0.644085  1.0000
  Bi  Bi1       1.0  0.357703  0.9912709999999999  0.6334319999999999  1.0000
  Bi  Bi2       1.0  0.857703  0.008729  0.8665679999999999  1.0000
  Bi  Bi3       1.0  0.642297  0.491271  0.366568  1.0000
  Bi  Bi4       1.0  0.142297  0.5087289999999999  0.133432  1.0000
  Bi  Bi5       1.0  0.321284  0.7499999999999999  0.8522709999999999  1.0000
  Bi  Bi6       1.0  0.821284  0.25  0.647729  1.0000
  Bi  Bi7       1.0  0.678716  0.25  0.147729  1.0000
  Bi  Bi8       1.0  0.17871600000000004  0.7499999999999999  0.352271  1.0000
  Bi  Bi9       1.0  0.857703  0.491271  0.8665679999999999  1.0000
  Bi  Bi10      1.0  0.357703  0.5087289999999999  0.6334319999999999  1.0000
  Bi  Bi11      1.0  0.142297  0.9912709999999999  0.133432  1.0000
  Bi  Bi12      1.0  0.642297  0.008729  0.366568  1.0000
  O   O1        1.0  0.9277170000000002  0.7236034476065938  0.5992223438375318  1.0000
  O   O2        1.0  0.427717  0.87276  0.276455  1.0000
  O   O3        1.0  0.072283  0.6272399999999999  0.7764549999999999  1.0000
  O   O4        1.0  0.572283  0.37276  0.7235449999999998  1.0000
  O   O5        1.0  0.072283  0.87276  0.7764549999999999  1.0000
  O   O6        1.0  0.572283  0.12724  0.7235449999999998  1.0000
  O   O7        1.0  0.9277170000000001  0.37276  0.223545  1.0000
  O   O8        1.0  0.427717  0.6272399999999999  0.276455  1.0000
  O   O9        1.0  0.435599  0.7212603764080778  0.6056098962969311  1.0000
  O   O10       1.0  0.9355989999999998  0.17570557364570294  0.08870057717543461  1.0000
  O   O11       1.0  0.564401  0.625082  0.7829069999999999  1.0000
  O   O12       1.0  0.064401  0.374918  0.7170929999999999  1.0000
  O   O13       1.0  0.564401  0.874918  0.7829069999999999  1.0000
  O   O14       1.0  0.064401  0.125082  0.7170929999999999  1.0000
  O   O15       1.0  0.435599  0.374918  0.217093  1.0000
  O   O16       1.0  0.935599  0.625082  0.282907  1.0000
  O   O17       1.0  0.172622  0.7499999999999999  0.533992  1.0000
  O   O18       1.0  0.672622  0.25  0.9660079999999998  1.0000
  O   O19       1.0  0.827378  0.25  0.46600799999999987  1.0000
  O   O20       1.0  0.327378  0.7499999999999999  0.033991999999999994  1.0000
  O   O21       1.0  0.160185  0.414952  0.961954  1.0000
  O   O22       1.0  0.660185  0.585048  0.538046  1.0000
  O   O23       1.0  0.839815  0.9913820622932122  0.25543332200715874  1.0000
  O   O24       1.0  0.339815  0.085048  0.461954  1.0000
  O   O25       1.0  0.839815  0.585048  0.038046  1.0000
  O   O26       1.0  0.339815  0.414952  0.461954  1.0000
  O   O27       1.0  0.160185  0.21800715746535593  0.04767263947386723  1.0000
  O   O28       1.0  0.660185  0.914952  0.538046  1.0000
"
"# generated using pymatgen
data_CaCuO2
_symmetry_space_group_name_H-M   'P 1'
_cell_length_a   3.03838700
_cell_length_b   8.24787111
_cell_length_c   8.60252487
_cell_angle_alpha   94.78873213
_cell_angle_beta   89.47103458
_cell_angle_gamma   99.68717603
_symmetry_Int_Tables_number   1
_chemical_formula_structural   CaCuO2
_chemical_formula_sum   'Ca4 Cu4 O8'
_cell_volume   211.76292007
_cell_formula_units_Z   4
loop_
 _symmetry_equiv_pos_site_id
 _symmetry_equiv_pos_as_xyz
  1  'x, y, z'
loop_
 _atom_site_type_symbol
 _atom_site_label
 _atom_site_symmetry_multiplicity
 _atom_site_fract_x
 _atom_site_fract_y
 _atom_site_fract_z
 _atom_site_occupancy
  Ca  Ca0  1  0.21312800  0.91914800  0.82112600  1
  Ca  Ca1  1  0.78687200  0.08085200  0.17887400  1
  Ca  Ca2  1  0.33765600  0.18814100  0.54572000  1
  Ca  Ca3  1  0.66234400  0.81185900  0.45428000  1
  Cu  Cu4  1  0.11351800  0.72786300  0.10519800  1
  Cu  Cu5  1  0.55565500  0.55150600  0.68778900  1
  Cu  Cu6  1  0.44434500  0.44849400  0.31221100  1
  Cu  Cu7  1  0.88648200  0.27213700  0.89480200  1
  O  O8  1  0.33901500  0.17617200  0.99806000  1
  O  O9  1  0.01666700  0.59391900  0.26909100  1
  O  O10  1  0.98333300  0.40608100  0.73090900  1
  O  O11  1  0.66098500  0.82382800  0.00194000  1
  O  O12  1  0.23568700  0.97340700  0.34081000  1
  O  O13  1  0.11738300  0.69039800  0.63574900  1
  O  O14  1  0.76431300  0.02659300  0.65919000  1
  O  O15  1  0.88261700  0.30960200  0.36425100  1
",Rotate all surrounding atoms within 2.5838832076574483 angstrom of the center atom at index 10 by 264.43006463713095 degree around the axis [-1.  0.  0.] in the cif file. The rotation should following the right-hand rule.,"<cif>
# generated using pymatgen – modified by rotational operation
data_CaCuO2
_symmetry_space_group_name_H-M   'P 1'
_cell_length_a   3.03838700
_cell_length_b   8.24787111
_cell_length_c   8.60252487
_cell_angle_alpha   94.78873213
_cell_angle_beta   89.47103458
_cell_angle_gamma   99.68717603
_symmetry_Int_Tables_number   1
_chemical_formula_structural   CaCuO2
_chemical_formula_sum   'Ca4 Cu4 O8'
_cell_volume   211.76292007
_cell_formula_units_Z   4

loop_
 _symmetry_equiv_pos_site_id
 _symmetry_equiv_pos_as_xyz
  1  'x, y, z'

loop_
 _atom_site_type_symbol
 _atom_site_label
 _atom_site_symmetry_multiplicity
 _atom_site_fract_x
 _atom_site_fract_y
 _atom_site_fract_z
 _atom_site_occupancy
  Ca  Ca0  1  0.21312800  0.91914800  0.82112600  1
  Ca  Ca1  1  0.78687200  0.08085200  0.17887400  1
  Ca  Ca2  1  0.33765600  0.18814100  0.54572000  1
  Ca  Ca3  1  0.66234400  0.81185900  0.45428000  1
  Cu  Cu4  1  0.12304300  0.76407000  0.42894500  1
  Cu  Cu5  1  0.55565500  0.55150600  0.68778900  1
  Cu  Cu6  1  0.49495900  0.55021200  0.12410400  1
  Cu  Cu7  1  0.88648200  0.27213700  0.89480200  1
  O   O8  1  0.33901500  0.17617200  0.99806000  1
  O   O9  1  0.01666700  0.59391900  0.26909100  1
  O   O10 1  0.98333300  0.40608100  0.73090900  1
  O   O11 1  0.66098500  0.82382800  0.00194000  1
  O   O12 1  0.23568700  0.97340700  0.34081000  1
  O   O13 1  0.11738300  0.69039800  0.63574900  1
  O   O14 1  0.76431300  0.02659300  0.65919000  1
  O   O15 1  0.88261700  0.30960200  0.36425100  1
</cif>","data_image0
_chemical_formula_structural       Ca4Cu4O8
_chemical_formula_sum              ""Ca4 Cu4 O8""
_cell_length_a       3.038387
_cell_length_b       8.247871109999998
_cell_length_c       8.60252487
_cell_angle_alpha    94.78873213
_cell_angle_beta     89.47103457999998
_cell_angle_gamma    99.68717602999999

_space_group_name_H-M_alt    ""P 1""
_space_group_IT_number       1

loop_
  _space_group_symop_operation_xyz
  'x, y, z'

loop_
  _atom_site_type_symbol
  _atom_site_label
  _atom_site_symmetry_multiplicity
  _atom_site_fract_x
  _atom_site_fract_y
  _atom_site_fract_z
  _atom_site_occupancy
  Ca  Ca1       1.0  0.2131280000000001  0.9191480000000002  0.821126  1.0000
  Ca  Ca2       1.0  0.786872  0.08085199999999998  0.178874  1.0000
  Ca  Ca3       1.0  0.33765599999999996  0.188141  0.54572  1.0000
  Ca  Ca4       1.0  0.662344  0.811859  0.45428000000000013  1.0000
  Cu  Cu1       1.0  0.113518  0.727863  0.10519800000000003  1.0000
  Cu  Cu2       1.0  0.5041900642927261  0.4496029522837958  0.8759471177862312  1.0000
  Cu  Cu3       1.0  0.4443449999999999  0.4484940000000001  0.312211  1.0000
  Cu  Cu4       1.0  0.8777769209077775  0.23477665091189578  0.574960432456968  1.0000
  O   O1        1.0  0.33901499999999996  0.176172  0.9980600000000001  1.0000
  O   O2        1.0  0.016666999999999987  0.593919  0.269091  1.0000
  O   O3        1.0  0.9833330000000001  0.4060810000000001  0.730909  1.0000
  O   O4        1.0  0.660985  0.823828  0.0019400000000000003  1.0000
  O   O5        1.0  0.23568700000000017  0.9734070000000002  0.3408100000000001  1.0000
  O   O6        1.0  0.02167067474853168  0.502642469671847  0.016424681163583754  1.0000
  O   O7        1.0  0.7643129999999999  0.026593  0.65919  1.0000
  O   O8        1.0  0.8826169999999999  0.309602  0.364251  1.0000
"
"# generated using pymatgen
data_Ca2Ta2WO8
_symmetry_space_group_name_H-M   'P 1'
_cell_length_a   10.12337198
_cell_length_b   10.12337198
_cell_length_c   5.52863514
_cell_angle_alpha   87.30304361
_cell_angle_beta   87.30304361
_cell_angle_gamma   36.68416588
_symmetry_Int_Tables_number   1
_chemical_formula_structural   Ca2Ta2WO8
_chemical_formula_sum   'Ca4 Ta4 W2 O16'
_cell_volume   338.06627502
_cell_formula_units_Z   2
loop_
 _symmetry_equiv_pos_site_id
 _symmetry_equiv_pos_as_xyz
  1  'x, y, z'
loop_
 _atom_site_type_symbol
 _atom_site_label
 _atom_site_symmetry_multiplicity
 _atom_site_fract_x
 _atom_site_fract_y
 _atom_site_fract_z
 _atom_site_occupancy
  Ca  Ca0  1  0.87811400  0.54601200  0.51683800  1
  Ca  Ca1  1  0.45398800  0.12188600  0.48316200  1
  Ca  Ca2  1  0.12030000  0.47481900  0.98805600  1
  Ca  Ca3  1  0.52518100  0.87970000  0.01194400  1
  Ta  Ta4  1  0.01685900  0.75898300  0.50775600  1
  Ta  Ta5  1  0.24101700  0.98314100  0.49224400  1
  Ta  Ta6  1  0.97553500  0.25613000  0.01379400  1
  Ta  Ta7  1  0.74387000  0.02446500  0.98620600  1
  W  W8  1  0.63521300  0.36478700  0.50000000  1
  W  W9  1  0.36824800  0.63175200  0.00000000  1
  O  O10  1  0.07709000  0.77223500  0.85480500  1
  O  O11  1  0.22776500  0.92291000  0.14519500  1
  O  O12  1  0.94375500  0.18735800  0.67380100  1
  O  O13  1  0.81264200  0.05624500  0.32619900  1
  O  O14  1  0.30677300  0.58268500  0.35345100  1
  O  O15  1  0.41731500  0.69322700  0.64654900  1
  O  O16  1  0.69041100  0.42544000  0.15336200  1
  O  O17  1  0.57456000  0.30958900  0.84663800  1
  O  O18  1  0.88110800  0.76652200  0.23379500  1
  O  O19  1  0.23347800  0.11889200  0.76620500  1
  O  O20  1  0.46979900  0.15305800  0.08018500  1
  O  O21  1  0.84694200  0.53020100  0.91981500  1
  O  O22  1  0.52396800  0.84585500  0.41629400  1
  O  O23  1  0.15414500  0.47603200  0.58370600  1
  O  O24  1  0.75574800  0.87765100  0.72804000  1
  O  O25  1  0.12234900  0.24425200  0.27196000  1
",Rotate all surrounding atoms within 3.026858811515926 angstrom of the center atom at index 6 by 305.7546990628015 degree around the axis [ 0. -1.  0.] in the cif file. The rotation should following the right-hand rule.,"<cif>
# generated using pymatgen
data_Ca2Ta2WO8
_symmetry_space_group_name_H-M   'P 1'
_cell_length_a   10.12337198
_cell_length_b   10.12337198
_cell_length_c   5.52863514
_cell_angle_alpha   87.30304361
_cell_angle_beta   87.30304361
_cell_angle_gamma   36.68416588
_symmetry_Int_Tables_number   1
_chemical_formula_structural   Ca2Ta2WO8
_chemical_formula_sum   'Ca4 Ta4 W2 O16'
_cell_volume   338.06627502
_cell_formula_units_Z   2
loop_
 _symmetry_equiv_pos_site_id
 _symmetry_equiv_pos_as_xyz
  1  'x, y, z'
loop_
 _atom_site_type_symbol
 _atom_site_label
 _atom_site_symmetry_multiplicity
 _atom_site_fract_x
 _atom_site_fract_y
 _atom_site_fract_z
 _atom_site_occupancy
  Ca  Ca0  1  0.87811400  0.54601200  0.51683800  1
  Ca  Ca1  1  0.45398800  0.12188600  0.48316200  1
  Ca  Ca2  1  0.12030000  0.47481900  0.98805600  1
  Ca  Ca3  1  0.52518100  0.87970000  0.01194400  1
  Ta  Ta4  1  0.01685900  0.75898300  0.50775600  1
  Ta  Ta5  1  0.24101700  0.98314100  0.49224400  1
  Ta  Ta6  1  0.97553500  0.25613000  0.01379400  1
  Ta  Ta7  1  0.74387000  0.02446500  0.98620600  1
  W  W8  1  0.63521300  0.36478700  0.50000000  1
  W  W9  1  0.36824800  0.63175200  0.00000000  1
  O  O10  1  0.07709000  0.77223500  0.85480500  1
  O  O11  1  0.29156000  0.92344000  0.10783000  1
  O  O12  1  0.82900000  0.18346000  0.95734000  1
  O  O13  1  0.81264200  0.05624500  0.32619900  1
  O  O14  1  0.30677300  0.58268500  0.35345100  1
  O  O15  1  0.41731500  0.69322700  0.64654900  1
  O  O16  1  0.81060000  0.42300000  0.31200000  1
  O  O17  1  0.57456000  0.30958900  0.84663800  1
  O  O18  1  0.88110800  0.76652200  0.23379500  1
  O  O19  1  0.06673000  0.12041000  0.65876000  1
  O  O20  1  0.46979900  0.15305800  0.08018500  1
  O  O21  1  0.77000000  0.53170000  0.82710000  1
  O  O22  1  0.52396800  0.84585500  0.41629400  1
  O  O23  1  0.15414500  0.47603200  0.58370600  1
  O  O24  1  0.75574800  0.87765100  0.72804000  1
  O  O25  1  0.18110000  0.24890000  0.95083000  1
</cif>
","data_image0
_chemical_formula_structural       Ca4Ta4W2O16
_chemical_formula_sum              ""Ca4 Ta4 W2 O16""
_cell_length_a       10.12337198
_cell_length_b       10.12337198
_cell_length_c       5.52863514
_cell_angle_alpha    87.30304360999999
_cell_angle_beta     87.30304360999999
_cell_angle_gamma    36.68416588000001

_space_group_name_H-M_alt    ""P 1""
_space_group_IT_number       1

loop_
  _space_group_symop_operation_xyz
  'x, y, z'

loop_
  _atom_site_type_symbol
  _atom_site_label
  _atom_site_symmetry_multiplicity
  _atom_site_fract_x
  _atom_site_fract_y
  _atom_site_fract_z
  _atom_site_occupancy
  Ca  Ca1       1.0  0.8781139999999997  0.546012  0.516838  1.0000
  Ca  Ca2       1.0  0.453988  0.121886  0.483162  1.0000
  Ca  Ca3       1.0  0.12029999999999998  0.47481900000000005  0.988056  1.0000
  Ca  Ca4       1.0  0.5251809999999999  0.8797  0.011944  1.0000
  Ta  Ta1       1.0  0.016859000000000037  0.758983  0.507756  1.0000
  Ta  Ta2       1.0  0.24101699999999998  0.983141  0.492244  1.0000
  Ta  Ta3       1.0  0.975535  0.25613  0.013794  1.0000
  Ta  Ta4       1.0  0.7438699999999998  0.024465  0.986206  1.0000
  W   W1        1.0  0.6352129999999998  0.36478700000000003  0.5  1.0000
  W   W2        1.0  0.36824799999999996  0.631752  0.0  1.0000
  O   O1        1.0  0.07708999999999999  0.772235  0.854805  1.0000
  O   O2        1.0  0.36941856869225226  0.9192402281330073  0.402528270329355  1.0000
  O   O3        1.0  0.26742107210978583  0.18978592178754372  0.503549257838022  1.0000
  O   O4        1.0  0.8126419999999999  0.056245  0.326199  1.0000
  O   O5        1.0  0.306773  0.582685  0.35345099999999996  1.0000
  O   O6        1.0  0.41731499999999994  0.693227  0.646549  1.0000
  O   O7        1.0  0.8105160145338268  0.4231747234053965  0.31220866824467647  1.0000
  O   O8        1.0  0.57456  0.309589  0.846638  1.0000
  O   O9        1.0  0.8811079999999999  0.766522  0.23379499999999998  1.0000
  O   O10       1.0  0.8994968749107336  0.10568307169338732  0.6924469686791395  1.0000
  O   O11       1.0  0.4697989999999999  0.153058  0.080185  1.0000
  O   O12       1.0  0.2082058274043772  0.5380007608977242  0.3728769198290393  1.0000
  O   O13       1.0  0.5239680000000001  0.845855  0.416294  1.0000
  O   O14       1.0  0.15414500000000003  0.476032  0.583706  1.0000
  O   O15       1.0  0.7557479999999999  0.877651  0.7280399999999999  1.0000
  O   O16       1.0  0.5758506413863349  0.22761887600517966  0.43831484398336085  1.0000
"
"# generated using pymatgen
data_Ca(SnO2)2
_symmetry_space_group_name_H-M   'P 1'
_cell_length_a   6.90943178
_cell_length_b   6.90943178
_cell_length_c   6.90943178
_cell_angle_alpha   122.54641815
_cell_angle_beta   121.47167803
_cell_angle_gamma   86.55675842
_symmetry_Int_Tables_number   1
_chemical_formula_structural   Ca(SnO2)2
_chemical_formula_sum   'Ca2 Sn4 O8'
_cell_volume   225.69151706
_cell_formula_units_Z   2
loop_
 _symmetry_equiv_pos_site_id
 _symmetry_equiv_pos_as_xyz
  1  'x, y, z'
loop_
 _atom_site_type_symbol
 _atom_site_label
 _atom_site_symmetry_multiplicity
 _atom_site_fract_x
 _atom_site_fract_y
 _atom_site_fract_z
 _atom_site_occupancy
  Ca  Ca0  1  0.35905200  0.60905200  0.75000000  1
  Ca  Ca1  1  0.64094800  0.39094800  0.25000000  1
  Sn  Sn2  1  0.00000000  0.50000000  0.00000000  1
  Sn  Sn3  1  0.00000000  0.00000000  0.50000000  1
  Sn  Sn4  1  0.50000000  0.00000000  0.50000000  1
  Sn  Sn5  1  0.00000000  0.00000000  0.00000000  1
  O  O6  1  0.79452100  0.30124000  0.00671900  1
  O  O7  1  0.21176700  0.24884800  0.96291900  1
  O  O8  1  0.78593000  0.24884800  0.53708100  1
  O  O9  1  0.20547900  0.21219800  0.50671900  1
  O  O10  1  0.21407000  0.75115200  0.46291900  1
  O  O11  1  0.78823300  0.75115200  0.03708100  1
  O  O12  1  0.79452100  0.78780200  0.49328100  1
  O  O13  1  0.20547900  0.69876000  0.99328100  1
",Rotate all surrounding atoms within 3.2909997949878704 angstrom of the center atom at index 13 by 243.84113600476743 degree around the axis [-1.  0.  0.] in the cif file. The rotation should following the right-hand rule.,"<cif>
# generated using pymatgen
data_Ca(SnO2)2
_symmetry_space_group_name_H-M   'P 1'
_cell_length_a   6.90943178
_cell_length_b   6.90943178
_cell_length_c   6.90943178
_cell_angle_alpha   122.54641815
_cell_angle_beta   121.47167803
_cell_angle_gamma   86.55675842
_symmetry_Int_Tables_number   1
_chemical_formula_structural   Ca(SnO2)2
_chemical_formula_sum   'Ca2 Sn4 O8'
_cell_volume   225.69151706
_cell_formula_units_Z   2
loop_
 _symmetry_equiv_pos_site_id
 _symmetry_equiv_pos_as_xyz
  1  'x, y, z'
loop_
 _atom_site_type_symbol
 _atom_site_label
 _atom_site_symmetry_multiplicity
 _atom_site_fract_x
 _atom_site_fract_y
 _atom_site_fract_z
 _atom_site_occupancy
  Ca  Ca0  1  0.05579000  0.40275000  0.14584000  1
  Ca  Ca1  1  0.64094800  0.39094800  0.25000000  1
  Sn  Sn2  1  0.84814000  0.64800000  0.72600000  1
  Sn  Sn3  1  0.00000000  0.00000000  0.50000000  1
  Sn  Sn4  1  0.50000000  0.00000000  0.50000000  1
  Sn  Sn5  1  0.72090000  0.25100000  0.37900000  1
  O  O6  1  0.79452100  0.30124000  0.00671900  1
  O  O7  1  0.91544000  0.62700000  0.43870000  1
  O  O8  1  0.99286000  0.03400000  0.90900000  1
  O  O9  1  0.41780000  0.05420000  0.89500000  1
  O  O10  1  0.76330000  0.26200000  0.54300000  1
  O  O11  1  0.28940000  0.16000000  0.01330000  1
  O  O12  1  0.79452100  0.78780200  0.49328100  1
  O  O13  1  0.20547900  0.69876000  0.99328100  1
</cif>
","data_image0
_chemical_formula_structural       Ca2Sn4O8
_chemical_formula_sum              ""Ca2 Sn4 O8""
_cell_length_a       6.90943178
_cell_length_b       6.90943178
_cell_length_c       6.909431780000001
_cell_angle_alpha    122.54641815
_cell_angle_beta     121.47167803
_cell_angle_gamma    86.55675842

_space_group_name_H-M_alt    ""P 1""
_space_group_IT_number       1

loop_
  _space_group_symop_operation_xyz
  'x, y, z'

loop_
  _atom_site_type_symbol
  _atom_site_label
  _atom_site_symmetry_multiplicity
  _atom_site_fract_x
  _atom_site_fract_y
  _atom_site_fract_z
  _atom_site_occupancy
  Ca  Ca1       1.0  0.5471280445491207  0.9108463117915867  0.1449641893057867  1.0000
  Ca  Ca2       1.0  0.640948  0.390948  0.25  1.0000
  Sn  Sn1       1.0  0.8900039698027219  0.602157554368733  0.831529075247776  1.0000
  Sn  Sn2       1.0  0.0  0.0  0.5  1.0000
  Sn  Sn3       1.0  0.5045328052056942  0.013138899235071388  0.6252337419464589  1.0000
  Sn  Sn4       1.0  0.5254865589580116  0.4902803105445255  0.17797253035294625  1.0000
  O   O1        1.0  0.794521  0.30124  0.006719  1.0000
  O   O2        1.0  0.9153998810469253  0.6270641060134817  0.4387596457337504  1.0000
  O   O3        1.0  0.9332466902276838  0.033433994631872466  0.9095140060886339  1.0000
  O   O4        1.0  0.3577109597556221  0.05420732771991332  0.8951728215350384  1.0000
  O   O5        1.0  0.8048537418731253  0.2165982914866853  0.6480665675939428  1.0000
  O   O6        1.0  0.8227005510538838  0.6229681801050757  0.11882092794882615  1.0000
  O   O7        1.0  0.794521  0.787802  0.4932810000000001  1.0000
  O   O8        1.0  0.205479  0.69876  0.993281  1.0000
"
"# generated using pymatgen
data_Sr2Mn2GaO7
_symmetry_space_group_name_H-M   'P 1'
_cell_length_a   13.02902823
_cell_length_b   13.02902823
_cell_length_c   13.02902823
_cell_angle_alpha   156.50846336
_cell_angle_beta   155.87340419
_cell_angle_gamma   33.92554827
_symmetry_Int_Tables_number   1
_chemical_formula_structural   Sr2Mn2GaO7
_chemical_formula_sum   'Sr4 Mn4 Ga2 O14'
_cell_volume   360.01547443
_cell_formula_units_Z   2
loop_
 _symmetry_equiv_pos_site_id
 _symmetry_equiv_pos_as_xyz
  1  'x, y, z'
loop_
 _atom_site_type_symbol
 _atom_site_label
 _atom_site_symmetry_multiplicity
 _atom_site_fract_x
 _atom_site_fract_y
 _atom_site_fract_z
 _atom_site_occupancy
  Sr  Sr0  1  0.33051900  0.84041100  0.48526900  1
  Sr  Sr1  1  0.66948100  0.15475100  0.50989300  1
  Sr  Sr2  1  0.85514200  0.34041100  0.50989300  1
  Sr  Sr3  1  0.14485800  0.65475100  0.48526900  1
  Mn  Mn4  1  0.56801300  0.57012300  0.98691100  1
  Mn  Mn5  1  0.91678800  0.91889800  0.98691100  1
  Mn  Mn6  1  0.08321200  0.07012300  0.00211000  1
  Mn  Mn7  1  0.43198700  0.41889800  0.00211000  1
  Ga  Ga8  1  0.68086300  0.79154900  0.97241200  1
  Ga  Ga9  1  0.31913700  0.29154900  0.11068600  1
  O  O10  1  0.17250300  0.17049100  0.49712200  1
  O  O11  1  0.64161700  0.15140000  0.29301700  1
  O  O12  1  0.17336900  0.67049100  0.99798800  1
  O  O13  1  0.14102000  0.15953000  0.94119200  1
  O  O14  1  0.33411400  0.33113600  0.49312700  1
  O  O15  1  0.33800900  0.83113600  0.99702200  1
  O  O16  1  0.35838300  0.65140000  0.50978300  1
  O  O17  1  0.82663100  0.82461900  0.49712200  1
  O  O18  1  0.82749700  0.32461900  0.99798800  1
  O  O19  1  0.71833900  0.65953000  0.01851100  1
  O  O20  1  0.85898000  0.80017200  0.01851100  1
  O  O21  1  0.28166100  0.30017200  0.94119200  1
  O  O22  1  0.66588600  0.15901300  0.99702200  1
  O  O23  1  0.66199100  0.65901300  0.49312700  1
",Rotate all surrounding atoms within 3.4818264583719145 angstrom of the center atom at index 2 by 117.3455455080243 degree around the axis [1. 0. 0.] in the cif file. The rotation should following the right-hand rule.,"<cif>
# generated using pymatgen
data_Sr2Mn2GaO7
_symmetry_space_group_name_H-M   'P 1'
_cell_length_a   13.02902823
_cell_length_b   13.02902823
_cell_length_c   13.02902823
_cell_angle_alpha   156.50846336
_cell_angle_beta   155.87340419
_cell_angle_gamma   33.92554827
_symmetry_Int_Tables_number   1
_chemical_formula_structural   Sr2Mn2GaO7
_chemical_formula_sum   'Sr4 Mn4 Ga2 O14'
_cell_volume   360.01547443
_cell_formula_units_Z   2
loop_
 _symmetry_equiv_pos_site_id
 _symmetry_equiv_pos_as_xyz
  1  'x, y, z'
loop_
 _atom_site_type_symbol
 _atom_site_label
 _atom_site_symmetry_multiplicity
 _atom_site_fract_x
 _atom_site_fract_y
 _atom_site_fract_z
 _atom_site_occupancy
  Sr  Sr0  1  0.33051900  0.84041100  0.48526900  1
  Sr  Sr1  1  0.66948100  0.15475100  0.50989300  1
  Sr  Sr2  1  0.85514200  0.34041100  0.50989300  1
  Sr  Sr3  1  0.14485800  0.65475100  0.48526900  1
  Mn  Mn4  1  0.56801300  0.57012300  0.98691100  1
  Mn  Mn5  1  0.91678800  0.91889800  0.98691100  1
  Mn  Mn6  1  0.08321200  0.07012300  0.00211000  1
  Mn  Mn7  1  0.43198700  0.41889800  0.00211000  1
  Ga  Ga8  1  0.68086300  0.79154900  0.97241200  1
  Ga  Ga9  1  0.31913700  0.29154900  0.11068600  1
  O  O10  1  0.84390000  0.28300000  0.23900000  1
  O  O11  1  0.55390000  0.46080000  0.47900000  1
  O  O12  1  0.17800000  0.03200000  0.42200000  1
  O  O13  1  0.14102000  0.15953000  0.94119200  1
  O  O14  1  0.33411400  0.33113600  0.49312700  1
  O  O15  1  0.33800900  0.83113600  0.99702200  1
  O  O16  1  0.35838300  0.65140000  0.50978300  1
  O  O17  1  0.82663100  0.82461900  0.49712200  1
  O  O18  1  0.82749700  0.32461900  0.99798800  1
  O  O19  1  0.71833900  0.65953000  0.01851100  1
  O  O20  1  0.85898000  0.80017200  0.01851100  1
  O  O21  1  0.09900000  0.44400000  0.87000000  1
  O  O22  1  0.66588600  0.15901300  0.99702200  1
  O  O23  1  0.01640000  0.97370000  0.07300000  1
</cif>","data_image0
_chemical_formula_structural       Sr4Mn4Ga2O14
_chemical_formula_sum              ""Sr4 Mn4 Ga2 O14""
_cell_length_a       13.02902823
_cell_length_b       13.02902823
_cell_length_c       13.029028229999998
_cell_angle_alpha    156.50846336000006
_cell_angle_beta     155.87340419000003
_cell_angle_gamma    33.92554827

_space_group_name_H-M_alt    ""P 1""
_space_group_IT_number       1

loop_
  _space_group_symop_operation_xyz
  'x, y, z'

loop_
  _atom_site_type_symbol
  _atom_site_label
  _atom_site_symmetry_multiplicity
  _atom_site_fract_x
  _atom_site_fract_y
  _atom_site_fract_z
  _atom_site_occupancy
  Sr  Sr1       1.0  0.330519  0.8404110000000002  0.4852690000000001  1.0000
  Sr  Sr2       1.0  0.669481  0.15475100000000003  0.509893  1.0000
  Sr  Sr3       1.0  0.855142  0.340411  0.509893  1.0000
  Sr  Sr4       1.0  0.14485799999999985  0.6547510000000003  0.4852690000000001  1.0000
  Mn  Mn1       1.0  0.568013  0.5701230000000003  0.9869110000000002  1.0000
  Mn  Mn2       1.0  0.4418504267987895  0.14433850599561315  0.8580122146681122  1.0000
  Mn  Mn3       1.0  0.08321200000000001  0.07012300000000002  0.00211  1.0000
  Mn  Mn4       1.0  0.28834601276836214  0.8357880650277751  0.3194675507342064  1.0000
  Ga  Ga1       1.0  0.9662102205154406  0.10497749503554785  0.660850658472605  1.0000
  Ga  Ga2       1.0  0.766997950549968  0.6842134655330154  0.9584197678021094  1.0000
  O   O1        1.0  0.8436377507487346  0.2818975658886369  0.23806807818600279  1.0000
  O   O2        1.0  0.5537410062838793  0.4601078446665069  0.47740259800912827  1.0000
  O   O3        1.0  0.17686697698250176  0.03167557514847024  0.42101884519341265  1.0000
  O   O4        1.0  0.14102000000000003  0.15953000000000023  0.9411920000000003  1.0000
  O   O5        1.0  0.3341140000000001  0.331136  0.493127  1.0000
  O   O6        1.0  0.338009  0.8311360000000001  0.9970220000000002  1.0000
  O   O7        1.0  0.35838300000000006  0.6514  0.509783  1.0000
  O   O8        1.0  0.8266310000000001  0.824619  0.497122  1.0000
  O   O9        1.0  0.8274970000000005  0.3246190000000002  0.9979880000000002  1.0000
  O   O10       1.0  0.718339  0.65953  0.018511000000000007  1.0000
  O   O11       1.0  0.47006785388389183  0.978256706536545  0.945719206641572  1.0000
  O   O12       1.0  0.6081587073351484  0.9305602140932983  0.867178381440443  1.0000
  O   O13       1.0  0.6280691055326011  0.8213748224023618  0.552892685345088  1.0000
  O   O14       1.0  0.3344486144163934  0.4872433246925268  0.07377958123393236  1.0000
"
"# generated using pymatgen
data_Zn2TeWO6
_symmetry_space_group_name_H-M   'P 1'
_cell_length_a   5.45187600
_cell_length_b   5.72796795
_cell_length_c   7.14975114
_cell_angle_alpha   109.57944309
_cell_angle_beta   91.72125162
_cell_angle_gamma   109.40744147
_symmetry_Int_Tables_number   1
_chemical_formula_structural   Zn2TeWO6
_chemical_formula_sum   'Zn2 Te1 W1 O6'
_cell_volume   195.88301088
_cell_formula_units_Z   1
loop_
 _symmetry_equiv_pos_site_id
 _symmetry_equiv_pos_as_xyz
  1  'x, y, z'
loop_
 _atom_site_type_symbol
 _atom_site_label
 _atom_site_symmetry_multiplicity
 _atom_site_fract_x
 _atom_site_fract_y
 _atom_site_fract_z
 _atom_site_occupancy
  Zn  Zn0  1  0.43520600  0.63983900  0.99766600  1
  Zn  Zn1  1  0.74808900  0.49275400  0.32085200  1
  Te  Te2  1  0.49979400  0.10108200  0.61186300  1
  W  W3  1  0.01019600  0.01065900  0.95023900  1
  O  O4  1  0.77073700  0.93994700  0.11837600  1
  O  O5  1  0.16099500  0.96451900  0.68347100  1
  O  O6  1  0.20068100  0.82821400  0.00333000  1
  O  O7  1  0.21072000  0.35554500  0.08822600  1
  O  O8  1  0.58103300  0.46131900  0.76483500  1
  O  O9  1  0.72388400  0.02974400  0.77785800  1
",Rotate all surrounding atoms within 3.72263109567418 angstrom of the center atom at index 3 by 265.7327214709751 degree around the axis [ 0.  0. -1.] in the cif file. The rotation should following the right-hand rule.,"<cif>
# generated using pymatgen
data_Zn2TeWO6
_symmetry_space_group_name_H-M   'P 1'
_cell_length_a   5.45187600
_cell_length_b   5.72796795
_cell_length_c   7.14975114
_cell_angle_alpha   109.57944309
_cell_angle_beta   91.72125162
_cell_angle_gamma   109.40744147
_symmetry_Int_Tables_number   1
_chemical_formula_structural   Zn2TeWO6
_chemical_formula_sum   'Zn2 Te1 W1 O6'
_cell_volume   195.88301088
_cell_formula_units_Z   1
loop_
 _symmetry_equiv_pos_site_id
 _symmetry_equiv_pos_as_xyz
  1  'x, y, z'
loop_
 _atom_site_type_symbol
 _atom_site_label
 _atom_site_symmetry_multiplicity
 _atom_site_fract_x
 _atom_site_fract_y
 _atom_site_fract_z
 _atom_site_occupancy
  Zn  Zn0  1  0.460300  0.192400  0.997666  1
  Zn  Zn1  1  0.748089  0.492754  0.320852  1
  Te  Te2  1  0.811000  0.301400  0.611863  1
  W   W3   1  0.010196  0.010659  0.950239  1
  O   O4   1  0.770737  0.939947  0.118376  1
  O   O5   1  0.160995  0.964519  0.683471  1
  O   O6   1  0.200681  0.828214  0.003330  1
  O   O7   1  0.210720  0.355545  0.088226  1
  O   O8   1  0.581033  0.461319  0.764835  1
  O   O9   1  0.723884  0.029744  0.777858  1
</cif>
","data_image0
_chemical_formula_structural       Zn2TeWO6
_chemical_formula_sum              ""Zn2 Te1 W1 O6""
_cell_length_a       5.451876
_cell_length_b       5.72796795
_cell_length_c       7.14975114
_cell_angle_alpha    109.57944309
_cell_angle_beta     91.72125162
_cell_angle_gamma    109.40744147

_space_group_name_H-M_alt    ""P 1""
_space_group_IT_number       1

loop_
  _space_group_symop_operation_xyz
  'x, y, z'

loop_
  _atom_site_type_symbol
  _atom_site_label
  _atom_site_symmetry_multiplicity
  _atom_site_fract_x
  _atom_site_fract_y
  _atom_site_fract_z
  _atom_site_occupancy
  Zn  Zn1       1.0  0.4616232325809838  0.19329447975035277  0.997666  1.0000
  Zn  Zn2       1.0  0.748089  0.492754  0.3208519999999999  1.0000
  Te  Te1       1.0  0.8123187226377745  0.30224033523082217  0.611863  1.0000
  W   W1        1.0  0.010196000000000012  0.010659000000000037  0.950239  1.0000
  O   O1        1.0  0.6156764787903217  0.9805955597664873  0.11837599999999995  1.0000
  O   O2        1.0  0.8086625677083856  0.6281133914685152  0.683471  1.0000
  O   O3        1.0  0.5027157922183938  0.39920134918611905  0.0033299999999999493  1.0000
  O   O4        1.0  0.08901921915596622  0.6513368206355579  0.08822600000000001  1.0000
  O   O5        1.0  0.5399842917678138  0.30414848508877557  0.764835  1.0000
  O   O6        1.0  0.0679239324674514  0.6379005230490097  0.777858  1.0000
"
"# generated using pymatgen
data_MgCr2O4
_symmetry_space_group_name_H-M   'P 1'
_cell_length_a   5.05272773
_cell_length_b   5.05272773
_cell_length_c   9.82916900
_cell_angle_alpha   90.00000000
_cell_angle_beta   90.00000000
_cell_angle_gamma   146.33354243
_symmetry_Int_Tables_number   1
_chemical_formula_structural   MgCr2O4
_chemical_formula_sum   'Mg2 Cr4 O8'
_cell_volume   139.11000140
_cell_formula_units_Z   2
loop_
 _symmetry_equiv_pos_site_id
 _symmetry_equiv_pos_as_xyz
  1  'x, y, z'
loop_
 _atom_site_type_symbol
 _atom_site_label
 _atom_site_symmetry_multiplicity
 _atom_site_fract_x
 _atom_site_fract_y
 _atom_site_fract_z
 _atom_site_occupancy
  Mg  Mg0  1  0.60918200  0.39081800  0.75000000  1
  Mg  Mg1  1  0.39081800  0.60918200  0.25000000  1
  Cr  Cr2  1  0.13319100  0.86680900  0.07170400  1
  Cr  Cr3  1  0.86680900  0.13319100  0.92829600  1
  Cr  Cr4  1  0.13319100  0.86680900  0.42829600  1
  Cr  Cr5  1  0.86680900  0.13319100  0.57170400  1
  O  O6  1  0.77028400  0.22971600  0.38636300  1
  O  O7  1  0.22971600  0.77028400  0.61363700  1
  O  O8  1  0.22971600  0.77028400  0.88636300  1
  O  O9  1  0.77028400  0.22971600  0.11363700  1
  O  O10  1  0.03666300  0.96333700  0.25000000  1
  O  O11  1  0.96333700  0.03666300  0.75000000  1
  O  O12  1  0.50000000  0.50000000  0.00000000  1
  O  O13  1  0.50000000  0.50000000  0.50000000  1
",Rotate all surrounding atoms within 2.8403259834950605 angstrom of the center atom at index 5 by 260.8297876914639 degree around the axis [0. 0. 1.] in the cif file. The rotation should following the right-hand rule.,"<cif>
# generated using pymatgen and modified by assistant
data_MgCr2O4
_symmetry_space_group_name_H-M   'P 1'
_cell_length_a   5.05272773
_cell_length_b   5.05272773
_cell_length_c   9.82916900
_cell_angle_alpha   90.00000000
_cell_angle_beta   90.00000000
_cell_angle_gamma   146.33354243
_symmetry_Int_Tables_number   1
_chemical_formula_structural   MgCr2O4
_chemical_formula_sum   'Mg2 Cr4 O8'
_cell_volume   139.11000140
_cell_formula_units_Z   2
loop_
 _symmetry_equiv_pos_site_id
 _symmetry_equiv_pos_as_xyz
  1  'x, y, z'
loop_
 _atom_site_type_symbol
 _atom_site_label
 _atom_site_symmetry_multiplicity
 _atom_site_fract_x
 _atom_site_fract_y
 _atom_site_fract_z
 _atom_site_occupancy
  Mg  Mg0  1  0.60918200  0.39081800  0.75000000  1
  Mg  Mg1  1  0.39081800  0.60918200  0.25000000  1
  Cr  Cr2  1  0.13319100  0.86680900  0.07170400  1
  Cr  Cr3  1  0.86680900  0.13319100  0.92829600  1
  Cr  Cr4  1  0.13319100  0.86680900  0.42829600  1
  Cr  Cr5  1  0.86680900  0.13319100  0.57170400  1
  O   O6   1  0.19685200  0.43289800  0.38636300  1
  O   O7   1  0.40690000  0.33030000  0.61363700  1
  O   O8   1  0.22971600  0.77028400  0.88636300  1
  O   O9   1  0.77028400  0.22971600  0.11363700  1
  O   O10  1  0.03666300  0.96333700  0.25000000  1
  O   O11  1  0.96333700  0.03666300  0.75000000  1
  O   O12  1  0.50000000  0.50000000  0.00000000  1
  O   O13  1  0.31400000  0.49090000  0.50000000  1
</cif>
","data_image0
_chemical_formula_structural       Mg2Cr4O8
_chemical_formula_sum              ""Mg2 Cr4 O8""
_cell_length_a       5.05272773
_cell_length_b       5.05272773
_cell_length_c       9.829169
_cell_angle_alpha    90.0
_cell_angle_beta     90.0
_cell_angle_gamma    146.33354242999997

_space_group_name_H-M_alt    ""P 1""
_space_group_IT_number       1

loop_
  _space_group_symop_operation_xyz
  'x, y, z'

loop_
  _atom_site_type_symbol
  _atom_site_label
  _atom_site_symmetry_multiplicity
  _atom_site_fract_x
  _atom_site_fract_y
  _atom_site_fract_z
  _atom_site_occupancy
  Mg  Mg1       1.0  0.609182  0.390818  0.75  1.0000
  Mg  Mg2       1.0  0.39081800000000005  0.609182  0.25  1.0000
  Cr  Cr1       1.0  0.133191  0.866809  0.071704  1.0000
  Cr  Cr2       1.0  0.866809  0.133191  0.9282960000000001  1.0000
  Cr  Cr3       1.0  0.133191  0.866809  0.428296  1.0000
  Cr  Cr4       1.0  0.866809  0.133191  0.571704  1.0000
  O   O1        1.0  0.19715186368366222  0.43276787889277024  0.386363  1.0000
  O   O2        1.0  0.04716772626589494  0.1104853020402139  0.613637  1.0000
  O   O3        1.0  0.229716  0.770284  0.886363  1.0000
  O   O4        1.0  0.770284  0.229716  0.11363700000000002  1.0000
  O   O5        1.0  0.03666300000000017  0.963337  0.25  1.0000
  O   O6        1.0  0.5364558692498672  0.8336048102485228  0.75  1.0000
  O   O7        1.0  0.5  0.5  0.0  1.0000
  O   O8        1.0  0.12215979497477836  0.27162659046649185  0.5  1.0000
"
"# generated using pymatgen
data_CuMoO4
_symmetry_space_group_name_H-M   'P 1'
_cell_length_a   8.88857700
_cell_length_b   6.69547400
_cell_length_c   12.13386537
_cell_angle_alpha   89.82228356
_cell_angle_beta   90.00000000
_cell_angle_gamma   90.00000000
_symmetry_Int_Tables_number   1
_chemical_formula_structural   CuMoO4
_chemical_formula_sum   'Cu8 Mo8 O32'
_cell_volume   722.12212200
_cell_formula_units_Z   8
loop_
 _symmetry_equiv_pos_site_id
 _symmetry_equiv_pos_as_xyz
  1  'x, y, z'
loop_
 _atom_site_type_symbol
 _atom_site_label
 _atom_site_symmetry_multiplicity
 _atom_site_fract_x
 _atom_site_fract_y
 _atom_site_fract_z
 _atom_site_occupancy
  Cu  Cu0  1  0.83975200  0.21581800  0.87949900  1
  Cu  Cu1  1  0.95484200  0.62722300  0.61415500  1
  Cu  Cu2  1  0.04515800  0.37277700  0.38584500  1
  Cu  Cu3  1  0.16024800  0.78418200  0.12050100  1
  Cu  Cu4  1  0.66024800  0.21581800  0.37949900  1
  Cu  Cu5  1  0.54515800  0.62722300  0.11415500  1
  Cu  Cu6  1  0.33975200  0.78418200  0.62050100  1
  Cu  Cu7  1  0.45484200  0.37277700  0.88584500  1
  Mo  Mo8  1  0.55021600  0.89507500  0.85724600  1
  Mo  Mo9  1  0.94978400  0.89507500  0.35724600  1
  Mo  Mo10  1  0.90222000  0.40411000  0.14091200  1
  Mo  Mo11  1  0.05021600  0.10492500  0.64275400  1
  Mo  Mo12  1  0.09778000  0.59589000  0.85908800  1
  Mo  Mo13  1  0.40222000  0.59589000  0.35908800  1
  Mo  Mo14  1  0.59778000  0.40411000  0.64091200  1
  Mo  Mo15  1  0.44978400  0.10492500  0.14275400  1
  O  O16  1  0.75456000  0.95911100  0.37569000  1
  O  O17  1  0.00182900  0.35027000  0.58510200  1
  O  O18  1  0.37815400  0.79301700  0.45557600  1
  O  O19  1  0.87815400  0.20698300  0.04442400  1
  O  O20  1  0.74544000  0.95911100  0.87569000  1
  O  O21  1  0.24544000  0.04088900  0.62431000  1
  O  O22  1  0.92602000  0.91029400  0.59140900  1
  O  O23  1  0.08788400  0.51423500  0.12631000  1
  O  O24  1  0.41211600  0.51423500  0.62631000  1
  O  O25  1  0.12635600  0.68537700  0.71476000  1
  O  O26  1  0.62635600  0.31462300  0.78524000  1
  O  O27  1  0.91211600  0.48576500  0.87369000  1
  O  O28  1  0.07398000  0.08970600  0.40859100  1
  O  O29  1  0.48500800  0.12648000  0.28630000  1
  O  O30  1  0.73867100  0.58401700  0.61154800  1
  O  O31  1  0.76132900  0.58401700  0.11154800  1
  O  O32  1  0.98500800  0.87352000  0.21370000  1
  O  O33  1  0.58788400  0.48576500  0.37369000  1
  O  O34  1  0.51499200  0.87352000  0.71370000  1
  O  O35  1  0.62184600  0.20698300  0.54442400  1
  O  O36  1  0.49817100  0.35027000  0.08510200  1
  O  O37  1  0.87364400  0.31462300  0.28524000  1
  O  O38  1  0.25456000  0.04088900  0.12431000  1
  O  O39  1  0.57398000  0.91029400  0.09140900  1
  O  O40  1  0.12184600  0.79301700  0.95557600  1
  O  O41  1  0.23867100  0.41598300  0.88845200  1
  O  O42  1  0.99817100  0.64973000  0.41489800  1
  O  O43  1  0.50182900  0.64973000  0.91489800  1
  O  O44  1  0.42602000  0.08970600  0.90859100  1
  O  O45  1  0.26132900  0.41598300  0.38845200  1
  O  O46  1  0.37364400  0.68537700  0.21476000  1
  O  O47  1  0.01499200  0.12648000  0.78630000  1
",Rotate all surrounding atoms within 3.2235637259402115 angstrom of the center atom at index 43 by 247.43138513202558 degree around the axis [0. 1. 0.] in the cif file. The rotation should following the right-hand rule.,,"data_image0
_chemical_formula_structural       Cu8Mo8O32
_chemical_formula_sum              ""Cu8 Mo8 O32""
_cell_length_a       8.888577
_cell_length_b       6.695474
_cell_length_c       12.133865370000002
_cell_angle_alpha    89.82228356000002
_cell_angle_beta     90.0
_cell_angle_gamma    90.0

_space_group_name_H-M_alt    ""P 1""
_space_group_IT_number       1

loop_
  _space_group_symop_operation_xyz
  'x, y, z'

loop_
  _atom_site_type_symbol
  _atom_site_label
  _atom_site_symmetry_multiplicity
  _atom_site_fract_x
  _atom_site_fract_y
  _atom_site_fract_z
  _atom_site_occupancy
  Cu  Cu1       1.0  0.839752  0.21581799999999995  0.879499  1.0000
  Cu  Cu2       1.0  0.9548420000000001  0.6272229999999999  0.614155  1.0000
  Cu  Cu3       1.0  0.04515799999999998  0.372777  0.38584500000000005  1.0000
  Cu  Cu4       1.0  0.160248  0.784182  0.120501  1.0000
  Cu  Cu5       1.0  0.660248  0.21581799999999995  0.379499  1.0000
  Cu  Cu6       1.0  0.4945864092943366  0.6208297196441104  0.25152463433154515  1.0000
  Cu  Cu7       1.0  0.3397519999999999  0.784182  0.620501  1.0000
  Cu  Cu8       1.0  0.5564852431644612  0.3727296761269832  0.8942639544571908  1.0000
  Mo  Mo1       1.0  0.5559325261582124  0.8944425714094172  0.9697555467070238  1.0000
  Mo  Mo2       1.0  0.9497839999999999  0.895075  0.35724600000000006  1.0000
  Mo  Mo3       1.0  0.90222  0.40411  0.140912  1.0000
  Mo  Mo4       1.0  0.050216  0.10492499999999998  0.642754  1.0000
  Mo  Mo5       1.0  0.09778  0.5958899999999999  0.859088  1.0000
  Mo  Mo6       1.0  0.40221999999999997  0.59589  0.35908800000000013  1.0000
  Mo  Mo7       1.0  0.59778  0.40411  0.640912  1.0000
  Mo  Mo8       1.0  0.449784  0.10492499999999998  0.142754  1.0000
  O   O1        1.0  0.75456  0.959111  0.37569000000000013  1.0000
  O   O2        1.0  0.001829  0.35026999999999997  0.585102  1.0000
  O   O3        1.0  0.3781539999999999  0.793017  0.455576  1.0000
  O   O4        1.0  0.878154  0.206983  0.044424  1.0000
  O   O5        1.0  0.4577577787380476  0.95787971877077  0.09473590499595819  1.0000
  O   O6        1.0  0.24544  0.040888999999999995  0.62431  1.0000
  O   O7        1.0  0.9260199999999998  0.9102939999999998  0.591409  1.0000
  O   O8        1.0  0.087884  0.514235  0.12631  1.0000
  O   O9        1.0  0.412116  0.514235  0.62631  1.0000
  O   O10       1.0  0.126356  0.685377  0.71476  1.0000
  O   O11       1.0  0.6174788554524803  0.3131409634071742  0.048895482602981044  1.0000
  O   O12       1.0  0.912116  0.485765  0.87369  1.0000
  O   O13       1.0  0.07398  0.089706  0.40859100000000004  1.0000
  O   O14       1.0  0.485008  0.12648  0.28630000000000005  1.0000
  O   O15       1.0  0.738671  0.584017  0.611548  1.0000
  O   O16       1.0  0.761329  0.584017  0.111548  1.0000
  O   O17       1.0  0.985008  0.87352  0.2137  1.0000
  O   O18       1.0  0.587884  0.485765  0.37369  1.0000
  O   O19       1.0  0.750399839246495  0.8719049437673198  0.0010197817918762286  1.0000
  O   O20       1.0  0.621846  0.206983  0.544424  1.0000
  O   O21       1.0  0.5492426524587979  0.34382939577109367  0.2308905887887358  1.0000
  O   O22       1.0  0.8736439999999999  0.314623  0.28524  1.0000
  O   O23       1.0  0.25456  0.040888999999999995  0.12431  1.0000
  O   O24       1.0  0.5121975822001319  0.9036141988582597  0.2797509088590018  1.0000
  O   O25       1.0  0.121846  0.793017  0.955576  1.0000
  O   O26       1.0  0.6361631284353457  0.4167779212730286  0.7470348765050037  1.0000
  O   O27       1.0  0.9981709999999999  0.6497299999999998  0.41489800000000004  1.0000
  O   O28       1.0  0.501829  0.6497299999999998  0.9148980000000002  1.0000
  O   O29       1.0  0.538874070258666  0.08994519691283386  0.8660376799297339  1.0000
  O   O30       1.0  0.261329  0.415983  0.388452  1.0000
  O   O31       1.0  0.37364399999999987  0.685377  0.21476  1.0000
  O   O32       1.0  0.014992  0.12648  0.7863  1.0000
"
"# generated using pymatgen
data_BaAlCu4O7
_symmetry_space_group_name_H-M   'P 1'
_cell_length_a   5.98452056
_cell_length_b   5.98452056
_cell_length_c   9.91896500
_cell_angle_alpha   90.00000000
_cell_angle_beta   90.00000000
_cell_angle_gamma   120.00000623
_symmetry_Int_Tables_number   1
_chemical_formula_structural   BaAlCu4O7
_chemical_formula_sum   'Ba2 Al2 Cu8 O14'
_cell_volume   307.64912870
_cell_formula_units_Z   2
loop_
 _symmetry_equiv_pos_site_id
 _symmetry_equiv_pos_as_xyz
  1  'x, y, z'
loop_
 _atom_site_type_symbol
 _atom_site_label
 _atom_site_symmetry_multiplicity
 _atom_site_fract_x
 _atom_site_fract_y
 _atom_site_fract_z
 _atom_site_occupancy
  Ba  Ba0  1  0.66666700  0.33333300  0.50279800  1
  Ba  Ba1  1  0.33333300  0.66666700  0.00279800  1
  Al  Al2  1  0.66666700  0.33333300  0.88108200  1
  Al  Al3  1  0.33333300  0.66666700  0.38108200  1
  Cu  Cu4  1  0.82265700  0.17734300  0.19106600  1
  Cu  Cu5  1  0.64531300  0.82265700  0.69106600  1
  Cu  Cu6  1  0.17734300  0.35468700  0.69106600  1
  Cu  Cu7  1  0.82265700  0.64531300  0.19106600  1
  Cu  Cu8  1  0.35468700  0.17734300  0.19106600  1
  Cu  Cu9  1  0.17734300  0.82265700  0.69106600  1
  Cu  Cu10  1  0.00000000  0.00000000  0.44085300  1
  Cu  Cu11  1  0.00000000  0.00000000  0.94085300  1
  O  O12  1  0.82021400  0.17978600  0.99425800  1
  O  O13  1  0.64042700  0.82021400  0.49425800  1
  O  O14  1  0.17978600  0.35957300  0.49425800  1
  O  O15  1  0.82021400  0.64042700  0.99425800  1
  O  O16  1  0.35957300  0.17978600  0.99425800  1
  O  O17  1  0.17978600  0.82021400  0.49425800  1
  O  O18  1  0.00000000  0.00000000  0.74696600  1
  O  O19  1  0.00000000  0.00000000  0.24696600  1
  O  O20  1  0.48498600  0.51501400  0.26877500  1
  O  O21  1  0.96997200  0.48498600  0.76877500  1
  O  O22  1  0.51501400  0.03002800  0.76877500  1
  O  O23  1  0.48498600  0.96997200  0.26877500  1
  O  O24  1  0.51501400  0.48498600  0.76877500  1
  O  O25  1  0.03002800  0.51501400  0.26877500  1
",Rotate all surrounding atoms within 3.8104991341899455 angstrom of the center atom at index 17 by 290.89870896940454 degree around the axis [-1.  0.  0.] in the cif file. The rotation should following the right-hand rule.,"<cif>
# generated using pymatgen
data_BaAlCu4O7
_symmetry_space_group_name_H-M   'P 1'
_cell_length_a   5.98452056
_cell_length_b   5.98452056
_cell_length_c   9.91896500
_cell_angle_alpha   90.00000000
_cell_angle_beta   90.00000000
_cell_angle_gamma   120.00000623
_symmetry_Int_Tables_number   1
_chemical_formula_structural   BaAlCu4O7
_chemical_formula_sum   'Ba2 Al2 Cu8 O14'
_cell_volume   307.64912870
_cell_formula_units_Z   2
loop_
 _symmetry_equiv_pos_site_id
 _symmetry_equiv_pos_as_xyz
  1  'x, y, z'
loop_
 _atom_site_type_symbol
 _atom_site_label
 _atom_site_symmetry_multiplicity
 _atom_site_fract_x
 _atom_site_fract_y
 _atom_site_fract_z
 _atom_site_occupancy
  Ba  Ba0  1  0.66666700  0.33333300  0.50279800  1
  Ba  Ba1  1  0.33333300  0.66666700  0.00279800  1
  Al  Al2  1  0.66666700  0.33333300  0.88108200  1
  Al  Al3  1  0.48378600  0.96758400  0.37895800  1
  Cu  Cu4  1  0.82265700  0.17734300  0.19106600  1
  Cu  Cu5  1  0.46850000  0.46960000  0.56572000  1
  Cu  Cu6  1  0.15120000  0.30260000  0.33730000  1
  Cu  Cu7  1  0.14995000  0.29980000  0.30050000  1
  Cu  Cu8  1  0.51080000  0.48960000  0.56010000  1
  Cu  Cu9  1  0.00080000  0.46950000  0.56572000  1
  Cu  Cu10  1  0.99010000  0.97980000  0.56288900  1
  Cu  Cu11  1  0.00000000  0.00000000  0.94085300  1
  O   O12  1  0.82021400  0.17978600  0.99425800  1
  O   O13  1  0.64042700  0.82021400  0.49425800  1
  O   O14  1  0.32799000  0.65580000  0.26920000  1
  O   O15  1  0.82021400  0.64042700  0.99425800  1
  O   O16  1  0.35957300  0.17978600  0.99425800  1
  O   O17  1  0.17978600  0.82021400  0.49425800  1
  O   O18  1  0.71610000  0.43240000  0.67220000  1
  O   O19  1  0.16310000  0.32610000  0.49375400  1
  O   O20  1  0.48498600  0.51501400  0.26877500  1
  O   O21  1  0.83300000  0.21000000  0.42860000  1
  O   O22  1  0.20220000  0.40420000  0.69470000  1
  O   O23  1  0.63780000  0.27620000  0.48670000  1
  O   O24  1  0.51501400  0.48498600  0.76877500  1
  O   O25  1  0.32930000  0.11370000  0.26470000  1
</cif>","data_image0
_chemical_formula_structural       Ba2Al2Cu8O14
_chemical_formula_sum              ""Ba2 Al2 Cu8 O14""
_cell_length_a       5.98452056
_cell_length_b       5.98452056
_cell_length_c       9.918965
_cell_angle_alpha    90.0
_cell_angle_beta     90.0
_cell_angle_gamma    120.00000623

_space_group_name_H-M_alt    ""P 1""
_space_group_IT_number       1

loop_
  _space_group_symop_operation_xyz
  'x, y, z'

loop_
  _atom_site_type_symbol
  _atom_site_label
  _atom_site_symmetry_multiplicity
  _atom_site_fract_x
  _atom_site_fract_y
  _atom_site_fract_z
  _atom_site_occupancy
  Ba  Ba1       1.0  0.8156336871291086  0.6312663181475934  0.25964106625121813  1.0000
  Ba  Ba2       1.0  0.333333  0.666667  0.002798  1.0000
  Al  Al1       1.0  0.6666669999999999  0.333333  0.8810819999999999  1.0000
  Al  Al2       1.0  0.48389586551419195  0.9677926743165343  0.37893465140149435  1.0000
  Cu  Cu1       1.0  0.8226569999999999  0.17734299999999997  0.191066  1.0000
  Cu  Cu2       1.0  0.46858710149884186  0.46920526956424763  0.5656552613045804  1.0000
  Cu  Cu3       1.0  0.1511357145235416  0.3022724389184657  0.3372230717959892  1.0000
  Cu  Cu4       1.0  0.14995649484067508  0.2999118663988949  0.30072910462978825  1.0000
  Cu  Cu5       1.0  0.832505107865375  0.1329790357531131  0.07229691512119701  1.0000
  Cu  Cu6       1.0  0.0006171014988418766  0.46920526956424763  0.5656552613045804  1.0000
  Cu  Cu7       1.0  0.31155731297209754  0.6231145085912776  0.07483297765617969  1.0000
  Cu  Cu8       1.0  0.0  0.0  0.940853  1.0000
  O   O1        1.0  0.820214  0.179786  0.9942579999999999  1.0000
  O   O2        1.0  0.640427  0.820214  0.494258  1.0000
  O   O3        1.0  0.3279473018405255  0.6558955478737876  0.2694033464806997  1.0000
  O   O4        1.0  0.820214  0.640427  0.9942579999999999  1.0000
  O   O5        1.0  0.359573  0.179786  0.9942579999999999  1.0000
  O   O6        1.0  0.17978600000000006  0.820214  0.494258  1.0000
  O   O7        1.0  0.03790197154774151  0.07580392881911469  0.1840286730799722  1.0000
  O   O8        1.0  0.48488615945278957  0.9697721362656505  0.005670198556197393  1.0000
  O   O9        1.0  0.484986  0.515014  0.268775  1.0000
  O   O10       1.0  0.8323857489867401  0.2098135497974864  0.4285465950932797  1.0000
  O   O11       1.0  0.5237611616937332  0.04752232009271136  0.2064660085718154  1.0000
  O   O12       1.0  0.63839227063883  0.27678448349479745  0.48692640264103415  1.0000
  O   O13       1.0  0.515014  0.484986  0.768775  1.0000
  O   O14       1.0  0.3297676833458226  0.11449325379002229  0.26484581611956987  1.0000
"
"# generated using pymatgen
data_AlSb3Se2ClO8
_symmetry_space_group_name_H-M   'P 1'
_cell_length_a   6.94301700
_cell_length_b   8.00499700
_cell_length_c   9.40238100
_cell_angle_alpha   90.00000000
_cell_angle_beta   90.00000000
_cell_angle_gamma   90.00000000
_symmetry_Int_Tables_number   1
_chemical_formula_structural   AlSb3Se2ClO8
_chemical_formula_sum   'Al2 Sb6 Se4 Cl2 O16'
_cell_volume   522.57333760
_cell_formula_units_Z   2
loop_
 _symmetry_equiv_pos_site_id
 _symmetry_equiv_pos_as_xyz
  1  'x, y, z'
loop_
 _atom_site_type_symbol
 _atom_site_label
 _atom_site_symmetry_multiplicity
 _atom_site_fract_x
 _atom_site_fract_y
 _atom_site_fract_z
 _atom_site_occupancy
  Al  Al0  1  0.66757000  0.50000000  0.50000000  1
  Al  Al1  1  0.33153600  0.00000000  0.00000000  1
  Sb  Sb2  1  0.00203400  0.24290200  0.75466500  1
  Sb  Sb3  1  0.00203400  0.24290200  0.24533500  1
  Sb  Sb4  1  0.00203400  0.75709800  0.75466500  1
  Sb  Sb5  1  0.86586200  0.00000000  0.00000000  1
  Sb  Sb6  1  0.10941800  0.50000000  0.50000000  1
  Sb  Sb7  1  0.00203400  0.75709800  0.24533500  1
  Se  Se8  1  0.55455900  0.00000000  0.68771300  1
  Se  Se9  1  0.44606500  0.50000000  0.81203200  1
  Se  Se10  1  0.55455900  0.00000000  0.31228700  1
  Se  Se11  1  0.44606500  0.50000000  0.18796800  1
  Cl  Cl12  1  0.91385100  0.50000000  0.00000000  1
  Cl  Cl13  1  0.08674200  0.00000000  0.50000000  1
  O  O14  1  0.86058700  0.50000000  0.63765600  1
  O  O15  1  0.46759000  0.50000000  0.62615000  1
  O  O16  1  0.53445900  0.00000000  0.12473600  1
  O  O17  1  0.70330800  0.16972000  0.66794500  1
  O  O18  1  0.29750000  0.32962000  0.16804200  1
  O  O19  1  0.29750000  0.67038000  0.16804200  1
  O  O20  1  0.14401500  0.00000000  0.85960100  1
  O  O21  1  0.70330800  0.83028000  0.66794500  1
  O  O22  1  0.70330800  0.83028000  0.33205500  1
  O  O23  1  0.29750000  0.67038000  0.83195800  1
  O  O24  1  0.86058700  0.50000000  0.36234400  1
  O  O25  1  0.14401500  0.00000000  0.14039900  1
  O  O26  1  0.29750000  0.32962000  0.83195800  1
  O  O27  1  0.70330800  0.16972000  0.33205500  1
  O  O28  1  0.53445900  0.00000000  0.87526400  1
  O  O29  1  0.46759000  0.50000000  0.37385000  1
",Rotate all surrounding atoms within 2.362479173394216 angstrom of the center atom at index 7 by 117.92330473149464 degree around the axis [0. 1. 0.] in the cif file. The rotation should following the right-hand rule.,"<cif>
# generated using pymatgen
data_AlSb3Se2ClO8
_symmetry_space_group_name_H-M   'P 1'
_cell_length_a   6.94301700
_cell_length_b   8.00499700
_cell_length_c   9.40238100
_cell_angle_alpha   90.00000000
_cell_angle_beta   90.00000000
_cell_angle_gamma   90.00000000
_symmetry_Int_Tables_number   1
_chemical_formula_structural   AlSb3Se2ClO8
_chemical_formula_sum   'Al2 Sb6 Se4 Cl2 O16'
_cell_volume   522.57333760
_cell_formula_units_Z   2
loop_
 _symmetry_equiv_pos_site_id
 _symmetry_equiv_pos_as_xyz
  1  'x, y, z'
loop_
 _atom_site_type_symbol
 _atom_site_label
 _atom_site_symmetry_multiplicity
 _atom_site_fract_x
 _atom_site_fract_y
 _atom_site_fract_z
 _atom_site_occupancy
  Al  Al0  1  0.66757000  0.50000000  0.50000000  1
  Al  Al1  1  0.33153600  0.00000000  0.00000000  1
  Sb  Sb2  1  0.00203400  0.24290200  0.75466500  1
  Sb  Sb3  1  0.00203400  0.24290200  0.24533500  1
  Sb  Sb4  1  0.00203400  0.75709800  0.75466500  1
  Sb  Sb5  1  0.86586200  0.00000000  0.00000000  1
  Sb  Sb6  1  0.10941800  0.50000000  0.50000000  1
  Sb  Sb7  1  0.00203400  0.75709800  0.24533500  1
  Se  Se8  1  0.55455900  0.00000000  0.68771300  1
  Se  Se9  1  0.44606500  0.50000000  0.81203200  1
  Se  Se10  1  0.55455900  0.00000000  0.31228700  1
  Se  Se11  1  0.44606500  0.50000000  0.18796800  1
  Cl  Cl12  1  0.91385100  0.50000000  0.00000000  1
  Cl  Cl13  1  0.08674200  0.00000000  0.50000000  1
  O  O14  1  0.86058700  0.50000000  0.63765600  1
  O  O15  1  0.46759000  0.50000000  0.62615000  1
  O  O16  1  0.53445900  0.00000000  0.12473600  1
  O  O17  1  0.70330800  0.16972000  0.66794500  1
  O  O18  1  0.29750000  0.32962000  0.16804200  1
  O  O19  1  0.77113000  0.67038000  0.08879700  1
  O  O20  1  0.14401500  0.00000000  0.85960100  1
  O  O21  1  0.70330800  0.83028000  0.66794500  1
  O  O22  1  0.24447200  0.83028000  0.39958300  1
  O  O23  1  0.29750000  0.67038000  0.83195800  1
  O  O24  1  0.86058700  0.50000000  0.36234400  1
  O  O25  1  0.14401500  0.00000000  0.14039900  1
  O  O26  1  0.29750000  0.32962000  0.83195800  1
  O  O27  1  0.70330800  0.16972000  0.33205500  1
  O  O28  1  0.53445900  0.00000000  0.87526400  1
  O  O29  1  0.46759000  0.50000000  0.37385000  1
</cif>","data_image0
_chemical_formula_structural       Al2Sb6Se4Cl2O16
_chemical_formula_sum              ""Al2 Sb6 Se4 Cl2 O16""
_cell_length_a       6.943017
_cell_length_b       8.004997
_cell_length_c       9.402381
_cell_angle_alpha    90.0
_cell_angle_beta     90.0
_cell_angle_gamma    90.0

_space_group_name_H-M_alt    ""P 1""
_space_group_IT_number       1

loop_
  _space_group_symop_operation_xyz
  'x, y, z'

loop_
  _atom_site_type_symbol
  _atom_site_label
  _atom_site_symmetry_multiplicity
  _atom_site_fract_x
  _atom_site_fract_y
  _atom_site_fract_z
  _atom_site_occupancy
  Al  Al1       1.0  0.66757  0.5  0.5  1.0000
  Al  Al2       1.0  0.331536  0.0  0.0  1.0000
  Sb  Sb1       1.0  0.002034  0.242902  0.7546649999999998  1.0000
  Sb  Sb2       1.0  0.002034  0.242902  0.245335  1.0000
  Sb  Sb3       1.0  0.002034  0.757098  0.7546649999999998  1.0000
  Sb  Sb4       1.0  0.8658620000000002  0.0  0.0  1.0000
  Sb  Sb5       1.0  0.10941800000000003  0.5  0.5  1.0000
  Sb  Sb6       1.0  0.002034  0.757098  0.245335  1.0000
  Se  Se1       1.0  0.554559  0.0  0.687713  1.0000
  Se  Se2       1.0  0.446065  0.5  0.8120319999999998  1.0000
  Se  Se3       1.0  0.554559  0.0  0.3122869999999999  1.0000
  Se  Se4       1.0  0.446065  0.5  0.18796799999999997  1.0000
  Cl  Cl1       1.0  0.913851  0.5  0.0  1.0000
  Cl  Cl2       1.0  0.08674200000000001  0.0  0.5  1.0000
  O   O1        1.0  0.8605870000000002  0.5  0.637656  1.0000
  O   O2        1.0  0.46759  0.5  0.62615  1.0000
  O   O3        1.0  0.534459  0.0  0.12473599999999999  1.0000
  O   O4        1.0  0.703308  0.16972  0.6679449999999999  1.0000
  O   O5        1.0  0.2975  0.32962000000000014  0.16804199999999997  1.0000
  O   O6        1.0  0.771185022285225  0.67038  0.08875072366844744  1.0000
  O   O7        1.0  0.14401500000000006  0.0  0.859601  1.0000
  O   O8        1.0  0.703308  0.83028  0.6679449999999999  1.0000
  O   O9        1.0  0.7774002950037793  0.83028  0.747171698273807  1.0000
  O   O10       1.0  0.2975  0.67038  0.831958  1.0000
  O   O11       1.0  0.8605870000000002  0.5  0.3623439999999999  1.0000
  O   O12       1.0  0.14401500000000006  0.0  0.14039899999999994  1.0000
  O   O13       1.0  0.2975  0.32962000000000014  0.831958  1.0000
  O   O14       1.0  0.703308  0.16972  0.33205499999999993  1.0000
  O   O15       1.0  0.534459  0.0  0.8752639999999999  1.0000
  O   O16       1.0  0.46759  0.5  0.3738499999999999  1.0000
"
"# generated using pymatgen
data_Sr2Y2Ni2O7
_symmetry_space_group_name_H-M   'P 1'
_cell_length_a   12.62709505
_cell_length_b   12.62709505
_cell_length_c   12.62709505
_cell_angle_alpha   154.79970656
_cell_angle_beta   154.69546336
_cell_angle_gamma   36.01397724
_symmetry_Int_Tables_number   1
_chemical_formula_structural   Sr2Y2Ni2O7
_chemical_formula_sum   'Sr4 Y4 Ni4 O14'
_cell_volume   365.94566034
_cell_formula_units_Z   2
loop_
 _symmetry_equiv_pos_site_id
 _symmetry_equiv_pos_as_xyz
  1  'x, y, z'
loop_
 _atom_site_type_symbol
 _atom_site_label
 _atom_site_symmetry_multiplicity
 _atom_site_fract_x
 _atom_site_fract_y
 _atom_site_fract_z
 _atom_site_occupancy
  Sr  Sr0  1  0.85227900  0.83550100  0.96510300  1
  Sr  Sr1  1  0.14772100  0.11282300  0.98322200  1
  Sr  Sr2  1  0.62960200  0.61282300  0.96510300  1
  Sr  Sr3  1  0.37039800  0.33550100  0.98322200  1
  Y  Y4  1  0.50000000  0.47194200  0.97194200  1
  Y  Y5  1  0.00000000  0.97194200  0.97194200  1
  Y  Y6  1  0.20433200  0.76764500  0.47197700  1
  Y  Y7  1  0.79566800  0.26764500  0.56331300  1
  Ni  Ni8  1  0.92288300  0.39276400  0.46990500  1
  Ni  Ni9  1  0.07711700  0.54702200  0.46988100  1
  Ni  Ni10  1  0.57714100  0.04702200  0.46990500  1
  Ni  Ni11  1  0.42285900  0.89276400  0.46988100  1
  O  O12  1  0.81956000  0.66862200  0.98818200  1
  O  O13  1  0.18044000  0.16862200  0.84906200  1
  O  O14  1  0.70217000  0.67117800  0.49240000  1
  O  O15  1  0.29783000  0.79023000  0.96900800  1
  O  O16  1  0.32122200  0.29023000  0.49240000  1
  O  O17  1  0.67877800  0.17117800  0.96900800  1
  O  O18  1  0.17738700  0.14643600  0.44767200  1
  O  O19  1  0.82261300  0.27028500  0.96904900  1
  O  O20  1  0.80123600  0.77028500  0.44767200  1
  O  O21  1  0.19876400  0.64643600  0.96904900  1
  O  O22  1  0.36143500  0.78984000  0.47715000  1
  O  O23  1  0.63856500  0.11571500  0.42840500  1
  O  O24  1  0.18731000  0.61571500  0.47715000  1
  O  O25  1  0.81269000  0.28984000  0.42840500  1
",Rotate all surrounding atoms within 3.495970848162018 angstrom of the center atom at index 17 by 257.22990725552637 degree around the axis [-1.  0.  0.] in the cif file. The rotation should following the right-hand rule.,"<cif>
# generated using pymatgen
data_Sr2Y2Ni2O7
_symmetry_space_group_name_H-M   'P 1'
_cell_length_a   12.62709505
_cell_length_b   12.62709505
_cell_length_c   12.62709505
_cell_angle_alpha   154.79970656
_cell_angle_beta   154.69546336
_cell_angle_gamma   36.01397724
_symmetry_Int_Tables_number   1
_chemical_formula_structural   Sr2Y2Ni2O7
_chemical_formula_sum   'Sr4 Y4 Ni4 O14'
_cell_volume   365.94566034
_cell_formula_units_Z   2
loop_
 _symmetry_equiv_pos_site_id
 _symmetry_equiv_pos_as_xyz
  1  'x, y, z'
loop_
 _atom_site_type_symbol
 _atom_site_label
 _atom_site_symmetry_multiplicity
 _atom_site_fract_x
 _atom_site_fract_y
 _atom_site_fract_z
 _atom_site_occupancy
  Sr  Sr0  1  0.85227900  0.83550100  0.96510300  1
  Sr  Sr1  1  0.14772100  0.11282300  0.98322200  1
  Sr  Sr2  1  0.62960200  0.61282300  0.96510300  1
  Sr  Sr3  1  0.66350000  0.26630000  0.24600000  1
  Y   Y4   1  0.06800000  0.37350000  0.51200000  1
  Y   Y5   1  0.00000000  0.97194200  0.97194200  1
  Y   Y6   1  0.20433200  0.76764500  0.47197700  1
  Y   Y7   1  0.79566800  0.26764500  0.56331300  1
  Ni  Ni8  1  0.92288300  0.39276400  0.46990500  1
  Ni  Ni9  1  0.07711700  0.54702200  0.46988100  1
  Ni  Ni10 1  0.57714100  0.04702200  0.46990500  1
  Ni  Ni11 1  0.42285900  0.89276400  0.46988100  1
  O   O12  1  0.81956000  0.66862200  0.98818200  1
  O   O13  1  0.18044000  0.16862200  0.84906200  1
  O   O14  1  0.70217000  0.67117800  0.49240000  1
  O   O15  1  0.29783000  0.79023000  0.96900800  1
  O   O16  1  0.32122200  0.29023000  0.49240000  1
  O   O17  1  0.67877800  0.17117800  0.96900800  1
  O   O18  1  0.73370000  0.65390000  0.51500000  1
  O   O19  1  0.00870000  0.23280000  0.14100000  1
  O   O20  1  0.80123600  0.77028500  0.44767200  1
  O   O21  1  0.19876400  0.64643600  0.96904900  1
  O   O22  1  0.36143500  0.78984000  0.47715000  1
  O   O23  1  0.63856500  0.11571500  0.42840500  1
  O   O24  1  0.18731000  0.61571500  0.47715000  1
  O   O25  1  0.81269000  0.28984000  0.42840500  1
</cif>","data_image0
_chemical_formula_structural       Sr4Y4Ni4O14
_chemical_formula_sum              ""Sr4 Y4 Ni4 O14""
_cell_length_a       12.62709505
_cell_length_b       12.62709505
_cell_length_c       12.62709505
_cell_angle_alpha    154.79970656
_cell_angle_beta     154.69546336000002
_cell_angle_gamma    36.01397724

_space_group_name_H-M_alt    ""P 1""
_space_group_IT_number       1

loop_
  _space_group_symop_operation_xyz
  'x, y, z'

loop_
  _atom_site_type_symbol
  _atom_site_label
  _atom_site_symmetry_multiplicity
  _atom_site_fract_x
  _atom_site_fract_y
  _atom_site_fract_z
  _atom_site_occupancy
  Sr  Sr1       1.0  0.12656987547037613  0.6468280805788222  0.20583076662120314  1.0000
  Sr  Sr2       1.0  0.147721  0.112823  0.983222  1.0000
  Sr  Sr3       1.0  0.6296020000000002  0.6128230000000001  0.9651030000000003  1.0000
  Sr  Sr4       1.0  0.6680984373889554  0.2739515844080347  0.25744919457136883  1.0000
  Y   Y1        1.0  0.07149862537511043  0.38191350981310046  0.5235460819727598  1.0000
  Y   Y2        1.0  0.5272000573665221  0.7370285146448478  0.4510489685650301  1.0000
  Y   Y3        1.0  0.20433200000000026  0.7676449999999998  0.471977  1.0000
  Y   Y4        1.0  0.7956680000000002  0.267645  0.563313  1.0000
  Ni  Ni1       1.0  0.9218282481131268  0.8178101520269188  0.9551721519041529  1.0000
  Ni  Ni2       1.0  0.07711700000000016  0.5470219999999998  0.469881  1.0000
  Ni  Ni3       1.0  0.5771410000000001  0.04702200000000002  0.4699050000000001  1.0000
  Ni  Ni4       1.0  0.37753334918926473  0.17294868331112734  0.8827026939106846  1.0000
  O   O1        1.0  0.81956  0.668622  0.988182  1.0000
  O   O2        1.0  0.18044000000000004  0.16862199999999994  0.849062  1.0000
  O   O3        1.0  0.20734256254755978  0.9934969820996484  0.4457105399152055  1.0000
  O   O4        1.0  0.29783000000000026  0.7902299999999998  0.969008  1.0000
  O   O5        1.0  0.321222  0.29023000000000004  0.4924000000000001  1.0000
  O   O6        1.0  0.6787780000000001  0.171178  0.969008  1.0000
  O   O7        1.0  0.7311321517975156  0.6646549316048888  0.5238515741924927  1.0000
  O   O8        1.0  0.011999135621004742  0.2415265745447661  0.15280481249697253  1.0000
  O   O9        1.0  0.8012360000000001  0.7702849999999999  0.447672  1.0000
  O   O10       1.0  0.19876399999999997  0.646436  0.969049  1.0000
  O   O11       1.0  0.11099984678014563  0.09272339550746111  0.6834019461173644  1.0000
  O   O12       1.0  0.6385650000000004  0.11571500000000001  0.4284050000000001  1.0000
  O   O13       1.0  0.18730999999999998  0.615715  0.47715  1.0000
  O   O14       1.0  0.6627504787468701  0.7853915958924199  0.812068358196594  1.0000
"
"# generated using pymatgen
data_Ti3AlO6
_symmetry_space_group_name_H-M   'P 1'
_cell_length_a   5.95064994
_cell_length_b   5.95064994
_cell_length_c   14.53785600
_cell_angle_alpha   90.00000000
_cell_angle_beta   90.00000000
_cell_angle_gamma   119.99999934
_symmetry_Int_Tables_number   1
_chemical_formula_structural   Ti3AlO6
_chemical_formula_sum   'Ti12 Al4 O24'
_cell_volume   445.82026204
_cell_formula_units_Z   4
loop_
 _symmetry_equiv_pos_site_id
 _symmetry_equiv_pos_as_xyz
  1  'x, y, z'
loop_
 _atom_site_type_symbol
 _atom_site_label
 _atom_site_symmetry_multiplicity
 _atom_site_fract_x
 _atom_site_fract_y
 _atom_site_fract_z
 _atom_site_occupancy
  Ti  Ti0  1  0.15888600  0.84111400  0.66304500  1
  Ti  Ti1  1  0.84111400  0.15888600  0.33695500  1
  Ti  Ti2  1  0.50000000  0.50000000  0.00000000  1
  Ti  Ti3  1  0.15888600  0.31777100  0.66304500  1
  Ti  Ti4  1  0.84111400  0.68222900  0.33695500  1
  Ti  Ti5  1  0.50000000  0.00000000  0.00000000  1
  Ti  Ti6  1  0.00000000  0.00000000  0.50000000  1
  Ti  Ti7  1  0.66666700  0.33333300  0.17992100  1
  Ti  Ti8  1  0.33333300  0.66666700  0.82007900  1
  Ti  Ti9  1  0.68222900  0.84111400  0.66304500  1
  Ti  Ti10  1  0.31777100  0.15888600  0.33695500  1
  Ti  Ti11  1  0.00000000  0.50000000  0.00000000  1
  Al  Al12  1  0.33333300  0.66666700  0.45933700  1
  Al  Al13  1  0.00000000  0.00000000  0.12462100  1
  Al  Al14  1  0.66666700  0.33333300  0.54066300  1
  Al  Al15  1  0.00000000  0.00000000  0.87537900  1
  O  O16  1  0.33333300  0.66666700  0.58211600  1
  O  O17  1  0.00000000  0.00000000  0.24695100  1
  O  O18  1  0.66666700  0.33333300  0.93515000  1
  O  O19  1  0.34007400  0.17003700  0.58008700  1
  O  O20  1  0.96107500  0.48053800  0.26000700  1
  O  O21  1  0.66607600  0.83303800  0.91527500  1
  O  O22  1  0.82996300  0.17003700  0.58008700  1
  O  O23  1  0.51946200  0.48053800  0.26000700  1
  O  O24  1  0.16696200  0.83303800  0.91527500  1
  O  O25  1  0.82996300  0.65992600  0.58008700  1
  O  O26  1  0.51946200  0.03892500  0.26000700  1
  O  O27  1  0.16696200  0.33392400  0.91527500  1
  O  O28  1  0.65992600  0.82996300  0.41991300  1
  O  O29  1  0.33392400  0.16696200  0.08472500  1
  O  O30  1  0.03892500  0.51946200  0.73999300  1
  O  O31  1  0.66666700  0.33333300  0.41788400  1
  O  O32  1  0.33333300  0.66666700  0.06485000  1
  O  O33  1  0.00000000  0.00000000  0.75304900  1
  O  O34  1  0.17003700  0.82996300  0.41991300  1
  O  O35  1  0.83303800  0.16696200  0.08472500  1
  O  O36  1  0.48053800  0.51946200  0.73999300  1
  O  O37  1  0.17003700  0.34007400  0.41991300  1
  O  O38  1  0.83303800  0.66607600  0.08472500  1
  O  O39  1  0.48053800  0.96107500  0.73999300  1
",Rotate all surrounding atoms within 3.871409686403898 angstrom of the center atom at index 5 by 190.17244182996603 degree around the axis [-1.  0.  0.] in the cif file. The rotation should following the right-hand rule.,"<cif>
# generated using pymatgen
data_Ti3AlO6
_symmetry_space_group_name_H-M   'P 1'
_cell_length_a   5.95064994
_cell_length_b   5.95064994
_cell_length_c   14.53785600
_cell_angle_alpha   90.00000000
_cell_angle_beta   90.00000000
_cell_angle_gamma   119.99999934
_symmetry_Int_Tables_number   1
_chemical_formula_structural   Ti3AlO6
_chemical_formula_sum   'Ti12 Al4 O24'
_cell_volume   445.82026204
_cell_formula_units_Z   4
loop_
 _symmetry_equiv_pos_site_id
 _symmetry_equiv_pos_as_xyz
  1  'x, y, z'
loop_
 _atom_site_type_symbol
 _atom_site_label
 _atom_site_symmetry_multiplicity
 _atom_site_fract_x
 _atom_site_fract_y
 _atom_site_fract_z
 _atom_site_occupancy
  Ti  Ti0  1  0.15888600  0.84111400  0.66304500  1
  Ti  Ti1  1  0.84111400  0.15888600  0.33695500  1
  Ti  Ti2  1  0.99612500  0.49225000  0.96864000  1
  Ti  Ti3  1  0.15888600  0.31777100  0.66304500  1
  Ti  Ti4  1  0.84111400  0.68222900  0.33695500  1
  Ti  Ti5  1  0.50000000  0.00000000  0.00000000  1
  Ti  Ti6  1  0.00000000  0.00000000  0.50000000  1
  Ti  Ti7  1  0.79115100  0.58230000  0.84370000  1
  Ti  Ti8  1  0.33333300  0.66666700  0.82007900  1
  Ti  Ti9  1  0.68222900  0.84111400  0.66304500  1
  Ti  Ti10  1  0.31777100  0.15888600  0.33695500  1
  Ti  Ti11  1  0.49612500  0.49225000  0.96864000  1
  Al  Al12  1  0.33333300  0.66666700  0.45933700  1
  Al  Al13  1  0.46898900  0.93797900  0.87734000  1
  Al  Al14  1  0.66666700  0.33333300  0.54066300  1
  Al  Al15  1  0.00000000  0.00000000  0.87537900  1
  O  O16  1  0.33333300  0.66666700  0.58211600  1
  O  O17  1  0.00000000  0.00000000  0.24695100  1
  O  O18  1  0.66666700  0.33333300  0.93515000  1
  O  O19  1  0.34007400  0.17003700  0.58008700  1
  O  O20  1  0.96107500  0.48053800  0.26000700  1
  O  O21  1  0.66607600  0.83303800  0.91527500  1
  O  O22  1  0.82996300  0.17003700  0.58008700  1
  O  O23  1  0.51946200  0.48053800  0.26000700  1
  O  O24  1  0.16696200  0.83303800  0.91527500  1
  O  O25  1  0.82996300  0.65992600  0.58008700  1
  O  O26  1  0.91585000  0.83170000  0.74610000  1
  O  O27  1  0.16696200  0.33392400  0.91527500  1
  O  O28  1  0.65992600  0.82996300  0.41991300  1
  O  O29  1  0.64670000  0.79340000  0.92720000  1
  O  O30  1  0.03892500  0.51946200  0.73999300  1
  O  O31  1  0.66666700  0.33333300  0.41788400  1
  O  O32  1  0.64785000  0.29570000  0.91530000  1
  O  O33  1  0.00000000  0.00000000  0.75304900  1
  O  O34  1  0.17003700  0.82996300  0.41991300  1
  O  O35  1  0.14670000  0.79340000  0.92720000  1
  O  O36  1  0.48053800  0.51946200  0.73999300  1
  O  O37  1  0.17003700  0.34007400  0.41991300  1
  O  O38  1  0.14335000  0.28670000  0.89580000  1
  O  O39  1  0.48053800  0.96107500  0.73999300  1
</cif>
","data_image0
_chemical_formula_structural       Ti12Al4O24
_chemical_formula_sum              ""Ti12 Al4 O24""
_cell_length_a       5.95064994
_cell_length_b       5.950649940000001
_cell_length_c       14.537856
_cell_angle_alpha    90.0
_cell_angle_beta     90.0
_cell_angle_gamma    119.99999934000002

_space_group_name_H-M_alt    ""P 1""
_space_group_IT_number       1

loop_
  _space_group_symop_operation_xyz
  'x, y, z'

loop_
  _atom_site_type_symbol
  _atom_site_label
  _atom_site_symmetry_multiplicity
  _atom_site_fract_x
  _atom_site_fract_y
  _atom_site_fract_z
  _atom_site_occupancy
  Ti  Ti1       1.0  0.15888599999999994  0.841114  0.663045  1.0000
  Ti  Ti2       1.0  0.841114  0.158886  0.336955  1.0000
  Ti  Ti3       1.0  0.003929842776641499  0.5078596657583045  0.031302805743362506  1.0000
  Ti  Ti4       1.0  0.158886  0.317771  0.663045  1.0000
  Ti  Ti5       1.0  0.841114  0.682229  0.336955  1.0000
  Ti  Ti6       1.0  0.5  0.0  0.0  1.0000
  Ti  Ti7       1.0  0.0  0.0  0.5  1.0000
  Ti  Ti8       1.0  0.291133488785601  0.5822659625860681  0.8437757541395043  1.0000
  Ti  Ti9       1.0  0.46761462124880715  0.935230207952346  0.2345491888638297  1.0000
  Ti  Ti10      1.0  0.6822290000000001  0.841114  0.663045  1.0000
  Ti  Ti11      1.0  0.317771  0.158886  0.336955  1.0000
  Ti  Ti12      1.0  0.5039298427766414  0.5078596657583045  0.031302805743362506  1.0000
  Al  Al1       1.0  0.333333  0.666667  0.459337  1.0000
  Al  Al2       1.0  0.9689554663472625  0.9379109314557363  0.8773379588129313  1.0000
  Al  Al3       1.0  0.666667  0.333333  0.540663  1.0000
  Al  Al4       1.0  0.781932958133863  0.5638659075660688  0.13838137270367767  1.0000
  O   O1        1.0  0.333333  0.666667  0.582116  1.0000
  O   O2        1.0  0.0  0.0  0.246951  1.0000
  O   O3        1.0  0.10299720271805665  0.20599338294366687  0.10041844916146125  1.0000
  O   O4        1.0  0.34007399999999993  0.170037  0.580087  1.0000
  O   O5        1.0  0.961075  0.480538  0.260007  1.0000
  O   O6        1.0  0.6115798194508977  0.7240455968236157  0.15126536453554273  1.0000
  O   O7        1.0  0.829963  0.170037  0.580087  1.0000
  O   O8        1.0  0.519462  0.480538  0.260007  1.0000
  O   O9        1.0  0.11246581945089773  0.7240455968236157  0.15126536453554273  1.0000
  O   O10       1.0  0.829963  0.659926  0.580087  1.0000
  O   O11       1.0  0.4160721848442254  0.8321453655628265  0.7465170596567597  1.0000
  O   O12       1.0  0.6076569403556564  0.21531385839303496  0.12001802736395739  1.0000
  O   O13       1.0  0.659926  0.8299629999999999  0.419913  1.0000
  O   O14       1.0  0.14716829058351064  0.7934505737147985  0.9270595784677913  1.0000
  O   O15       1.0  0.038925000000000015  0.519462  0.739993  1.0000
  O   O16       1.0  0.666667  0.333333  0.417884  1.0000
  O   O17       1.0  0.6557509073163514  0.31150278759474714  0.9779064938418726  1.0000
  O   O18       1.0  0.0  0.0  0.753049  1.0000
  O   O19       1.0  0.17003699999999994  0.8299629999999999  0.419913  1.0000
  O   O20       1.0  0.6462822905835105  0.7934505737147985  0.9270595784677913  1.0000
  O   O21       1.0  0.480538  0.519462  0.739993  1.0000
  O   O22       1.0  0.17003699999999997  0.340074  0.419913  1.0000
  O   O23       1.0  0.15109116967875166  0.3021823121453793  0.9583069156393765  1.0000
  O   O24       1.0  0.34267592519018275  0.6853508049755876  0.3318078833465743  1.0000
"
"# generated using pymatgen
data_K3SbO4
_symmetry_space_group_name_H-M   'P 1'
_cell_length_a   5.66830979
_cell_length_b   6.55980562
_cell_length_c   7.35823348
_cell_angle_alpha   90.00000000
_cell_angle_beta   90.00000000
_cell_angle_gamma   108.49110891
_symmetry_Int_Tables_number   1
_chemical_formula_structural   K3SbO4
_chemical_formula_sum   'K6 Sb2 O8'
_cell_volume   259.47602737
_cell_formula_units_Z   2
loop_
 _symmetry_equiv_pos_site_id
 _symmetry_equiv_pos_as_xyz
  1  'x, y, z'
loop_
 _atom_site_type_symbol
 _atom_site_label
 _atom_site_symmetry_multiplicity
 _atom_site_fract_x
 _atom_site_fract_y
 _atom_site_fract_z
 _atom_site_occupancy
  K  K0  1  0.75000000  -0.00000000  0.37954329  1
  K  K1  1  0.25000000  -0.00000000  0.62045671  1
  K  K2  1  0.25000000  0.50000000  0.39088812  1
  K  K3  1  0.75000000  0.50000000  0.60911188  1
  K  K4  1  0.25000000  -0.00000000  0.10738469  1
  K  K5  1  0.75000000  -0.00000000  0.89261531  1
  Sb  Sb6  1  0.75000000  0.50000000  0.11346338  1
  Sb  Sb7  1  0.25000000  0.50000000  0.88653662  1
  O  O8  1  0.99342353  0.66773408  0.91254346  1
  O  O9  1  0.50657647  0.33226592  0.91254346  1
  O  O10  1  0.56970146  0.29196572  0.29607566  1
  O  O11  1  0.93029854  0.70803428  0.29607566  1
  O  O12  1  0.43029854  0.70803428  0.70392434  1
  O  O13  1  0.06970146  0.29196572  0.70392434  1
  O  O14  1  0.00657647  0.33226592  0.08745654  1
  O  O15  1  0.49342353  0.66773408  0.08745654  1
",Rotate all surrounding atoms within 2.334051937992695 angstrom of the center atom at index 6 by 62.904179260697504 degree around the axis [ 0. -1.  0.] in the cif file. The rotation should following the right-hand rule.,,"data_image0
_chemical_formula_structural       K6Sb2O8
_chemical_formula_sum              ""K6 Sb2 O8""
_cell_length_a       5.66830979
_cell_length_b       6.55980562
_cell_length_c       7.35823348
_cell_angle_alpha    90.0
_cell_angle_beta     90.0
_cell_angle_gamma    108.49110891

_space_group_name_H-M_alt    ""P 1""
_space_group_IT_number       1

loop_
  _space_group_symop_operation_xyz
  'x, y, z'

loop_
  _atom_site_type_symbol
  _atom_site_label
  _atom_site_symmetry_multiplicity
  _atom_site_fract_x
  _atom_site_fract_y
  _atom_site_fract_z
  _atom_site_occupancy
  K   K1        1.0  0.7499999999999999  0.0  0.37954329  1.0000
  K   K2        1.0  0.25  0.0  0.6204567100000002  1.0000
  K   K3        1.0  0.25  0.5  0.3908881200000001  1.0000
  K   K4        1.0  0.7499999999999999  0.5  0.60911188  1.0000
  K   K5        1.0  0.25  0.0  0.10738469000000002  1.0000
  K   K6        1.0  0.7499999999999999  0.0  0.89261531  1.0000
  Sb  Sb1       1.0  0.7499999999999999  0.5  0.11346338  1.0000
  Sb  Sb2       1.0  0.25  0.5  0.8865366200000002  1.0000
  O   O1        1.0  0.9709331221727086  0.66773408  0.6021448211781276  1.0000
  O   O2        1.0  0.6821373172556576  0.33226592  0.35271188414080007  1.0000
  O   O3        1.0  0.4152621783687414  0.29196572  0.12535753519065632  1.0000
  O   O4        1.0  0.6626624545974762  0.70803428  0.26792169726112186  1.0000
  O   O5        1.0  0.43029854000000006  0.70803428  0.7039243400000003  1.0000
  O   O6        1.0  0.06970146  0.29196572  0.7039243400000003  1.0000
  O   O7        1.0  0.407917172717415  0.33226592  0.6340071761556074  1.0000
  O   O8        1.0  0.6967129776344657  0.66773408  0.8834401131929348  1.0000
"
"# generated using pymatgen
data_MgSi2
_symmetry_space_group_name_H-M   'P 1'
_cell_length_a   6.05204400
_cell_length_b   7.19619503
_cell_length_c   9.89583180
_cell_angle_alpha   91.81012424
_cell_angle_beta   99.75753618
_cell_angle_gamma   90.07418155
_symmetry_Int_Tables_number   1
_chemical_formula_structural   MgSi2
_chemical_formula_sum   'Mg8 Si16'
_cell_volume   424.52391332
_cell_formula_units_Z   8
loop_
 _symmetry_equiv_pos_site_id
 _symmetry_equiv_pos_as_xyz
  1  'x, y, z'
loop_
 _atom_site_type_symbol
 _atom_site_label
 _atom_site_symmetry_multiplicity
 _atom_site_fract_x
 _atom_site_fract_y
 _atom_site_fract_z
 _atom_site_occupancy
  Mg  Mg0  1  0.78779100  0.88161100  0.63054900  1
  Mg  Mg1  1  0.12424000  0.69647200  0.12112500  1
  Mg  Mg2  1  0.72493200  0.20654200  0.40015900  1
  Mg  Mg3  1  0.36662700  0.39531300  0.86685500  1
  Mg  Mg4  1  0.21220900  0.11838900  0.36945100  1
  Mg  Mg5  1  0.87576000  0.30352800  0.87887500  1
  Mg  Mg6  1  0.27506800  0.79345800  0.59984100  1
  Mg  Mg7  1  0.63337300  0.60468700  0.13314500  1
  Si  Si8  1  0.97988800  0.48283800  0.61858900  1
  Si  Si9  1  0.32513700  0.31336500  0.13854000  1
  Si  Si10  1  0.90688400  0.83484900  0.35361800  1
  Si  Si11  1  0.55339100  0.00994000  0.85632300  1
  Si  Si12  1  0.02011200  0.51716200  0.38141100  1
  Si  Si13  1  0.67486300  0.68663500  0.86146000  1
  Si  Si14  1  0.09311600  0.16515100  0.64638200  1
  Si  Si15  1  0.44660900  0.99006000  0.14367700  1
  Si  Si16  1  0.51422700  0.82379500  0.36580300  1
  Si  Si17  1  0.18123300  0.00399600  0.91220800  1
  Si  Si18  1  0.58773700  0.50199700  0.62566800  1
  Si  Si19  1  0.93753400  0.31519300  0.16125700  1
  Si  Si20  1  0.48577300  0.17620500  0.63419700  1
  Si  Si21  1  0.81876700  0.99600400  0.08779200  1
  Si  Si22  1  0.41226300  0.49800300  0.37433200  1
  Si  Si23  1  0.06246600  0.68480700  0.83874300  1
",Rotate all surrounding atoms within 3.151971764860933 angstrom of the center atom at index 20 by 272.96756270089594 degree around the axis [ 0.  0. -1.] in the cif file. The rotation should following the right-hand rule.,"<cif>
# generated using pymatgen
data_MgSi2
_symmetry_space_group_name_H-M   'P 1'
_cell_length_a   6.05204400
_cell_length_b   7.19619503
_cell_length_c   9.89583180
_cell_angle_alpha   91.81012424
_cell_angle_beta   99.75753618
_cell_angle_gamma   90.07418155
_symmetry_Int_Tables_number   1
_chemical_formula_structural   MgSi2
_chemical_formula_sum   'Mg8 Si16'
_cell_volume   424.52391332
_cell_formula_units_Z   8
loop_
 _symmetry_equiv_pos_site_id
 _symmetry_equiv_pos_as_xyz
  1  'x, y, z'
loop_
 _atom_site_type_symbol
 _atom_site_label
 _atom_site_symmetry_multiplicity
 _atom_site_fract_x
 _atom_site_fract_y
 _atom_site_fract_z
 _atom_site_occupancy
  Mg  Mg0  1  0.78779100  0.88161100  0.63054900  1
  Mg  Mg1  1  0.12424000  0.69647200  0.12112500  1
  Mg  Mg2  1  0.38842000  0.42341000  0.40015900  1
  Mg  Mg3  1  0.29240000  0.04247000  0.86685500  1
  Mg  Mg4  1  0.45630000 -0.00595000  0.36945100  1
  Mg  Mg5  1  0.87576000  0.30352800  0.87887500  1
  Mg  Mg6  1  0.27506800  0.79345800  0.59984100  1
  Mg  Mg7  1  0.63337300  0.60468700  0.13314500  1
  Si  Si8  1  0.97988800  0.48283800  0.61858900  1
  Si  Si9  1  0.32513700  0.31336500  0.13854000  1
  Si  Si10  1  0.90688400  0.83484900  0.35361800  1
  Si  Si11  1  0.75660000  0.18198000  0.85632300  1
  Si  Si12  1  0.02011200  0.51716200  0.38141100  1
  Si  Si13  1  0.67486300  0.68663500  0.86146000  1
  Si  Si14  1  0.48140000 -0.15663000  0.64638200  1
  Si  Si15  1  0.44660900  0.99006000  0.14367700  1
  Si  Si16  1  0.51422700  0.82379500  0.36580300  1
  Si  Si17  1  0.18123300  0.00399600  0.91220800  1
  Si  Si18  1  0.10160000  0.27950000  0.62566800  1
  Si  Si19  1  0.93753400  0.31519300  0.16125700  1
  Si  Si20  1  0.48577300  0.17620500  0.63419700  1
  Si  Si21  1  0.81876700  0.99600400  0.08779200  1
  Si  Si22  1  0.41226300  0.49800300  0.37433200  1
  Si  Si23  1  0.06246600  0.68480700  0.83874300  1
</cif>
","data_image0
_chemical_formula_structural       Mg8Si16
_chemical_formula_sum              ""Mg8 Si16""
_cell_length_a       6.052044
_cell_length_b       7.19619503
_cell_length_c       9.8958318
_cell_angle_alpha    91.81012424
_cell_angle_beta     99.75753618
_cell_angle_gamma    90.07418155

_space_group_name_H-M_alt    ""P 1""
_space_group_IT_number       1

loop_
  _space_group_symop_operation_xyz
  'x, y, z'

loop_
  _atom_site_type_symbol
  _atom_site_label
  _atom_site_symmetry_multiplicity
  _atom_site_fract_x
  _atom_site_fract_y
  _atom_site_fract_z
  _atom_site_occupancy
  Mg  Mg1       1.0  0.6630118219578154  0.4661685527648687  0.630549  1.0000
  Mg  Mg2       1.0  0.12424000000000003  0.696472  0.121125  1.0000
  Mg  Mg3       1.0  0.38885433130507807  0.42336583744076445  0.400159  1.0000
  Mg  Mg4       1.0  0.2924205103297547  0.0426959068795112  0.8668550000000002  1.0000
  Mg  Mg5       1.0  0.45667035306347953  0.9941643634170247  0.369451  1.0000
  Mg  Mg6       1.0  0.8757600000000002  0.303528  0.878875  1.0000
  Mg  Mg7       1.0  0.7308278437162167  0.036967078741129006  0.599841  1.0000
  Mg  Mg8       1.0  0.6333730000000001  0.604687  0.133145  1.0000
  Si  Si1       1.0  0.979888  0.482838  0.618589  1.0000
  Si  Si2       1.0  0.325137  0.313365  0.13854  1.0000
  Si  Si3       1.0  0.9068840000000001  0.834849  0.35361800000000004  1.0000
  Si  Si4       1.0  0.7566338786199711  0.18211684085094362  0.856323  1.0000
  Si  Si5       1.0  0.020112000000000026  0.517162  0.3814110000000001  1.0000
  Si  Si6       1.0  0.674863  0.686635  0.86146  1.0000
  Si  Si7       1.0  0.4818945496470484  0.8435319934698382  0.6463820000000002  1.0000
  Si  Si8       1.0  0.446609  0.9900599999999999  0.143677  1.0000
  Si  Si9       1.0  0.514227  0.823795  0.365803  1.0000
  Si  Si10      1.0  0.181233  0.003996000000000009  0.9122080000000001  1.0000
  Si  Si11      1.0  0.10163744226146351  0.2799189838414034  0.6256680000000002  1.0000
  Si  Si12      1.0  0.9375340000000002  0.315193  0.16125700000000004  1.0000
  Si  Si13      1.0  0.48577300000000007  0.176205  0.634197  1.0000
  Si  Si14      1.0  0.818767  0.996004  0.087792  1.0000
  Si  Si15      1.0  0.412263  0.49800300000000003  0.37433200000000005  1.0000
  Si  Si16      1.0  0.06246600000000003  0.6848069999999999  0.838743  1.0000
"
"# generated using pymatgen
data_Mg3Si4
_symmetry_space_group_name_H-M   'P 1'
_cell_length_a   5.97400325
_cell_length_b   8.57211418
_cell_length_c   6.54220409
_cell_angle_alpha   116.53128040
_cell_angle_beta   91.56483792
_cell_angle_gamma   114.71083484
_symmetry_Int_Tables_number   1
_chemical_formula_structural   Mg3Si4
_chemical_formula_sum   'Mg6 Si8'
_cell_volume   262.68421879
_cell_formula_units_Z   2
loop_
 _symmetry_equiv_pos_site_id
 _symmetry_equiv_pos_as_xyz
  1  'x, y, z'
loop_
 _atom_site_type_symbol
 _atom_site_label
 _atom_site_symmetry_multiplicity
 _atom_site_fract_x
 _atom_site_fract_y
 _atom_site_fract_z
 _atom_site_occupancy
  Mg  Mg0  1  0.70169000  0.48556700  0.53164000  1
  Mg  Mg1  1  0.24435600  0.67961200  0.92042100  1
  Mg  Mg2  1  0.71445300  0.04577600  0.26162000  1
  Mg  Mg3  1  0.91074600  0.94354500  0.74878300  1
  Mg  Mg4  1  0.42162200  0.42589300  0.07493200  1
  Mg  Mg5  1  0.21776700  0.07387000  0.29173300  1
  Si  Si6  1  0.95030800  0.68271500  0.29901900  1
  Si  Si7  1  0.40688800  0.85278500  0.50030900  1
  Si  Si8  1  0.02299400  0.27320600  0.70889200  1
  Si  Si9  1  0.58270900  0.21771500  0.67385900  1
  Si  Si10  1  0.78219900  0.72730500  0.00179300  1
  Si  Si11  1  0.90681200  0.34518700  0.10481100  1
  Si  Si12  1  0.18267600  0.42258800  0.44799900  1
  Si  Si13  1  0.45474900  0.07087500  0.93441900  1
",Rotate all surrounding atoms within 2.4858852306095183 angstrom of the center atom at index 12 by 46.33700111621266 degree around the axis [0. 1. 0.] in the cif file. The rotation should following the right-hand rule.,"<cif>
# generated using pymatgen
data_Mg3Si4
_symmetry_space_group_name_H-M   'P 1'
_cell_length_a   5.97400325
_cell_length_b   8.57211418
_cell_length_c   6.54220409
_cell_angle_alpha   116.53128040
_cell_angle_beta   91.56483792
_cell_angle_gamma   114.71083484
_symmetry_Int_Tables_number   1
_chemical_formula_structural   Mg3Si4
_chemical_formula_sum   'Mg6 Si8'
_cell_volume   262.68421879
_cell_formula_units_Z   2
loop_
 _symmetry_equiv_pos_site_id
 _symmetry_equiv_pos_as_xyz
  1  'x, y, z'
loop_
 _atom_site_type_symbol
 _atom_site_label
 _atom_site_symmetry_multiplicity
 _atom_site_fract_x
 _atom_site_fract_y
 _atom_site_fract_z
 _atom_site_occupancy
  Mg  Mg0  1  0.70169000  0.48556700  0.53164000  1
  Mg  Mg1  1  0.24435600  0.67961200  0.92042100  1
  Mg  Mg2  1  0.71445300  0.04577600  0.26162000  1
  Mg  Mg3  1  0.91074600  0.94354500  0.74878300  1
  Mg  Mg4  1  0.42162200  0.42589300  0.07493200  1
  Mg  Mg5  1  0.21776700  0.07387000  0.29173300  1
  Si  Si6  1  0.15270000  0.71060000  0.36480000  1
  Si  Si7  1  0.40688800  0.85278500  0.50030900  1
  Si  Si8  1  0.02299400  0.27320600  0.70889200  1
  Si  Si9  1  0.58270900  0.21771500  0.67385900  1
  Si  Si10  1  0.78219900  0.72730500  0.00179300  1
  Si  Si11  1  0.90681200  0.34518700  0.10481100  1
  Si  Si12  1  0.18267600  0.42258800  0.44799900  1
  Si  Si13  1  0.45474900  0.07087500  0.93441900  1
</cif>
","data_image0
_chemical_formula_structural       Mg6Si8
_chemical_formula_sum              ""Mg6 Si8""
_cell_length_a       5.97400325
_cell_length_b       8.57211418
_cell_length_c       6.54220409
_cell_angle_alpha    116.53128039999999
_cell_angle_beta     91.56483792
_cell_angle_gamma    114.71083484000002

_space_group_name_H-M_alt    ""P 1""
_space_group_IT_number       1

loop_
  _space_group_symop_operation_xyz
  'x, y, z'

loop_
  _atom_site_type_symbol
  _atom_site_label
  _atom_site_symmetry_multiplicity
  _atom_site_fract_x
  _atom_site_fract_y
  _atom_site_fract_z
  _atom_site_occupancy
  Mg  Mg1       1.0  0.70169  0.4855669999999999  0.53164  1.0000
  Mg  Mg2       1.0  0.24435599999999993  0.679612  0.920421  1.0000
  Mg  Mg3       1.0  0.714453  0.045776  0.26162  1.0000
  Mg  Mg4       1.0  0.910746  0.9435450000000001  0.7487830000000001  1.0000
  Mg  Mg5       1.0  0.4216219999999999  0.4258929999999999  0.074932  1.0000
  Mg  Mg6       1.0  0.217767  0.07387  0.291733  1.0000
  Si  Si1       1.0  0.950308  0.6827149999999997  0.299019  1.0000
  Si  Si2       1.0  0.406888  0.852785  0.500309  1.0000
  Si  Si3       1.0  0.022994000000000004  0.273206  0.708892  1.0000
  Si  Si4       1.0  0.582709  0.21771499999999994  0.673859  1.0000
  Si  Si5       1.0  0.7821990000000001  0.727305  0.001793  1.0000
  Si  Si6       1.0  0.2908531105797808  0.13701625058528422  0.613447050440955  1.0000
  Si  Si7       1.0  0.182676  0.422588  0.447999  1.0000
  Si  Si8       1.0  0.454749  0.070875  0.934419  1.0000
"
"# generated using pymatgen
data_La5Sm3Co7CuO24
_symmetry_space_group_name_H-M   'P 1'
_cell_length_a   7.63239995
_cell_length_b   7.65897053
_cell_length_c   7.65897053
_cell_angle_alpha   89.84434592
_cell_angle_beta   90.04023968
_cell_angle_gamma   90.04023968
_symmetry_Int_Tables_number   1
_chemical_formula_structural   La5Sm3Co7CuO24
_chemical_formula_sum   'La5 Sm3 Co7 Cu1 O24'
_cell_volume   447.71340816
_cell_formula_units_Z   1
loop_
 _symmetry_equiv_pos_site_id
 _symmetry_equiv_pos_as_xyz
  1  'x, y, z'
loop_
 _atom_site_type_symbol
 _atom_site_label
 _atom_site_symmetry_multiplicity
 _atom_site_fract_x
 _atom_site_fract_y
 _atom_site_fract_z
 _atom_site_occupancy
  La  La0  1  0.24830300  0.24872900  0.25138100  1
  La  La1  1  0.24837000  0.24914400  0.74914400  1
  La  La2  1  0.24796400  0.75083700  0.25083700  1
  La  La3  1  0.24830300  0.75138100  0.74872900  1
  La  La4  1  0.75117800  0.75080800  0.25080800  1
  Sm  Sm5  1  0.75233700  0.24849800  0.25157700  1
  Sm  Sm6  1  0.75210400  0.24883200  0.74883200  1
  Sm  Sm7  1  0.75233700  0.75157700  0.74849800  1
  Co  Co8  1  0.99864800  0.00026100  0.99966400  1
  Co  Co9  1  0.99925800  0.00036600  0.50036600  1
  Co  Co10  1  0.99797500  0.49937600  0.99937600  1
  Co  Co11  1  0.99864800  0.49966400  0.50026100  1
  Co  Co12  1  0.50066100  0.00035600  0.00004300  1
  Co  Co13  1  0.50181200  0.00082200  0.50082200  1
  Co  Co14  1  0.50066100  0.50004300  0.50035600  1
  Cu  Cu15  1  0.50051500  0.49968600  0.99968600  1
  O  O16  1  0.24960400  0.99988700  0.99987400  1
  O  O17  1  0.24516000  0.99975200  0.49975200  1
  O  O18  1  0.24448900  0.49926300  0.99926300  1
  O  O19  1  0.24960400  0.49987400  0.49988700  1
  O  O20  1  0.75012600  0.00300300  0.99737300  1
  O  O21  1  0.75530700  0.00263000  0.50263000  1
  O  O22  1  0.75463100  0.49846000  0.99846000  1
  O  O23  1  0.75012600  0.49737300  0.50300300  1
  O  O24  1  0.99527500  0.24514700  0.99974300  1
  O  O25  1  0.99388200  0.24987800  0.50010200  1
  O  O26  1  0.99684500  0.75469600  0.99718000  1
  O  O27  1  0.99693000  0.75014300  0.50314000  1
  O  O28  1  0.50686500  0.24739600  0.00000500  1
  O  O29  1  0.50364600  0.25315500  0.50165400  1
  O  O30  1  0.50398700  0.75257400  0.99636800  1
  O  O31  1  0.50351000  0.74731800  0.50087900  1
  O  O32  1  0.99693000  0.00314000  0.25014300  1
  O  O33  1  0.99388200  0.00010200  0.74987800  1
  O  O34  1  0.99684500  0.49718000  0.25469600  1
  O  O35  1  0.99527500  0.49974300  0.74514700  1
  O  O36  1  0.50351000  0.00087900  0.24731800  1
  O  O37  1  0.50364600  0.00165400  0.75315500  1
  O  O38  1  0.50398700  0.49636800  0.25257400  1
  O  O39  1  0.50686500  0.50000500  0.74739600  1
",Rotate all surrounding atoms within 3.832718847686629 angstrom of the center atom at index 2 by 60.655119221232596 degree around the axis [0. 1. 0.] in the cif file. The rotation should following the right-hand rule.,"<cif>
# generated using pymatgen
data_La5Sm3Co7CuO24
_symmetry_space_group_name_H-M   'P 1'
_cell_length_a   7.63239995
_cell_length_b   7.65897053
_cell_length_c   7.65897053
_cell_angle_alpha   89.84434592
_cell_angle_beta   90.04023968
_cell_angle_gamma   90.04023968
_symmetry_Int_Tables_number   1
_chemical_formula_structural   La5Sm3Co7CuO24
_chemical_formula_sum   'La5 Sm3 Co7 Cu1 O24'
_cell_volume   447.71340816
_cell_formula_units_Z   1
loop_
 _symmetry_equiv_pos_site_id
 _symmetry_equiv_pos_as_xyz
  1  'x, y, z'
loop_
 _atom_site_type_symbol
 _atom_site_label
 _atom_site_symmetry_multiplicity
 _atom_site_fract_x
 _atom_site_fract_y
 _atom_site_fract_z
 _atom_site_occupancy
  La  La0  1  0.24860600  0.24872900  0.25080800  1
  La  La1  1  0.24837000  0.24914400  0.74914400  1
  La  La2  1  0.24796400  0.75083700  0.25083700  1
  La  La3  1  0.68336900  0.75138100  0.49429800  1
  La  La4  1  0.00456400  0.75080800  0.68316100  1
  Sm  Sm5  1  0.75233700  0.24849800  0.25157700  1
  Sm  Sm6  1  0.75210400  0.24883200  0.74883200  1
  Sm  Sm7  1  0.75233700  0.75157700  0.74849800  1
  Co  Co8  1  0.90596400  0.00026100  0.34456700  1
  Co  Co9  1  0.34446400  0.00036600  0.58933700  1
  Co  Co10  1  0.90546400  0.49937600  0.34484700  1
  Co  Co11  1  0.34396400  0.49966400  0.58983700  1
  Co  Co12  1  0.15226400  0.00035600  0.90823700  1
  Co  Co13  1  0.59116400  0.00082200  0.15263700  1
  Co  Co14  1  0.58986400  0.50004300  0.15343700  1
  Cu  Cu15  1  0.15186400  0.49968600  0.90803700  1
  O  O16  1  0.02886400  0.99988700  0.12633700  1
  O  O17  1  0.46456400  0.99975200  0.37523700  1
  O  O18  1  0.02606400  0.49926300  0.13053700  1
  O  O19  1  0.46696400  0.49987400  0.37143700  1
  O  O20  1  0.75012600  0.00300300  0.99737300  1
  O  O21  1  0.75530700  0.00263000  0.50263000  1
  O  O22  1  0.75463100  0.49846000  0.99846000  1
  O  O23  1  0.75012600  0.49737300  0.50300300  1
  O  O24  1  0.99527500  0.24514700  0.99974300  1
  O  O25  1  0.99388200  0.24987800  0.50010200  1
  O  O26  1  0.90296400  0.75469600  0.34513700  1
  O  O27  1  0.34586400  0.75014300  0.59273700  1
  O  O28  1  0.50686500  0.24739600  0.00000500  1
  O  O29  1  0.50364600  0.25315500  0.50165400  1
  O  O30  1  0.15086400  0.75257400  0.90383700  1
  O  O31  1  0.59236400  0.74731800  0.15133700  1
  O  O32  1  0.12436400  0.00314000  0.46873700  1
  O  O33  1  0.99388200  0.00010200  0.74987800  1
  O  O34  1  0.12826400  0.49718000  0.47123700  1
  O  O35  1  0.99527500  0.49974300  0.74514700  1
  O  O36  1  0.37026400  0.00087900  0.02703700  1
  O  O37  1  0.50364600  0.00165400  0.75315500  1
  O  O38  1  0.37506400  0.49636800  0.02913700  1
  O  O39  1  0.50686500  0.50000500  0.74739600  1
</cif>
","data_image0
_chemical_formula_structural       La5Sm3Co7CuO24
_chemical_formula_sum              ""La5 Sm3 Co7 Cu1 O24""
_cell_length_a       7.63239995
_cell_length_b       7.658970530000001
_cell_length_c       7.65897053
_cell_angle_alpha    89.84434592
_cell_angle_beta     90.04023968
_cell_angle_gamma    90.04023968

_space_group_name_H-M_alt    ""P 1""
_space_group_IT_number       1

loop_
  _space_group_symop_operation_xyz
  'x, y, z'

loop_
  _atom_site_type_symbol
  _atom_site_label
  _atom_site_symmetry_multiplicity
  _atom_site_fract_x
  _atom_site_fract_y
  _atom_site_fract_z
  _atom_site_occupancy
  La  La1       1.0  0.24842510758411865  0.2487313873585499  0.2505020605623467  1.0000
  La  La2       1.0  0.24836999999999995  0.24914400000000006  0.749144  1.0000
  La  La3       1.0  0.24796399999999993  0.750837  0.250837  1.0000
  La  La4       1.0  0.6836453228084208  0.7520705886036828  0.4948473115625835  1.0000
  La  La5       1.0  0.49423916628991815  0.7519952688932822  0.8136983528191507  1.0000
  Sm  Sm1       1.0  0.7523369999999998  0.24849800000000005  0.251577  1.0000
  Sm  Sm2       1.0  0.7521039999999998  0.24883200000000005  0.7488320000000003  1.0000
  Sm  Sm3       1.0  0.7523369999999998  0.751577  0.748498  1.0000
  Co  Co1       1.0  0.2701324918454939  0.0030693865757361618  0.965717206469396  1.0000
  Co  Co2       1.0  0.8336860414162947  0.0024850909352684913  0.7201930364021198  1.0000
  Co  Co3       1.0  0.26973075728124574  0.5021815702907407  0.9664660611766529  1.0000
  Co  Co4       1.0  0.8334752817879503  0.501780676155763  0.7209770712481001  1.0000
  Co  Co5       1.0  0.15200366555378006  0.0006065228466183947  0.9078095104209175  1.0000
  Co  Co6       1.0  0.59060770914113  0.0017680213643064718  0.15253100449141163  1.0000
  Co  Co7       1.0  0.5898163534460891  0.5009848308379966  0.15360780535747653  1.0000
  Cu  Cu1       1.0  0.026517811245880374  0.5013182659521163  0.3987444622641324  1.0000
  O   O1        1.0  0.9040526252501222  0.0009266819722044684  0.617100541837278  1.0000
  O   O2        1.0  0.46441161573733974  8.932213227241803e-05  0.3755621395074773  1.0000
  O   O3        1.0  0.90083448038812  0.500290600574696  0.6209374772900625  1.0000
  O   O4        1.0  0.46652497819753325  0.500222825515152  0.3714620082239032  1.0000
  O   O5        1.0  0.750126  0.003003  0.9973730000000001  1.0000
  O   O6        1.0  0.755307  0.00263  0.50263  1.0000
  O   O7        1.0  0.754631  0.49846  0.99846  1.0000
  O   O8        1.0  0.750126  0.4973730000000001  0.503003  1.0000
  O   O9        1.0  0.9952749999999998  0.245147  0.999743  1.0000
  O   O10       1.0  0.9938819999999998  0.24987800000000004  0.500102  1.0000
  O   O11       1.0  0.26734865919498496  0.7574954415804669  0.9665264315747785  1.0000
  O   O12       1.0  0.835242837333914  0.7522591889526666  0.7240354418816431  1.0000
  O   O13       1.0  0.506865  0.24739600000000006  5e-06  1.0000
  O   O14       1.0  0.503646  0.253155  0.501654  1.0000
  O   O15       1.0  0.02540587557677232  0.7542094472931021  0.39425520708867073  1.0000
  O   O16       1.0  0.5917572604358722  0.7482668652589519  0.15154098490543322  1.0000
  O   O17       1.0  0.6136729724975166  0.00490743207577115  0.5994381635236589  1.0000
  O   O18       1.0  0.9938819999999998  0.00010199999999999996  0.749878  1.0000
  O   O19       1.0  0.617791722235599  0.4989527086835209  0.602048506586585  1.0000
  O   O20       1.0  0.9952749999999998  0.4997430000000001  0.745147  1.0000
  O   O21       1.0  0.3696942574595909  0.001478327199971365  0.026667309657032283  1.0000
  O   O22       1.0  0.503646  0.0016540000000000003  0.753155  1.0000
  O   O23       1.0  0.37470352910808147  0.49697489994840494  0.029135296415289315  1.0000
  O   O24       1.0  0.506865  0.500005  0.7473960000000002  1.0000
"
"# generated using pymatgen
data_CeSe2
_symmetry_space_group_name_H-M   'P 1'
_cell_length_a   7.80584129
_cell_length_b   7.80584129
_cell_length_c   13.99195175
_cell_angle_alpha   93.79166708
_cell_angle_beta   93.79166708
_cell_angle_gamma   139.72306439
_symmetry_Int_Tables_number   1
_chemical_formula_structural   CeSe2
_chemical_formula_sum   'Ce6 Se12'
_cell_volume   540.89398372
_cell_formula_units_Z   6
loop_
 _symmetry_equiv_pos_site_id
 _symmetry_equiv_pos_as_xyz
  1  'x, y, z'
loop_
 _atom_site_type_symbol
 _atom_site_label
 _atom_site_symmetry_multiplicity
 _atom_site_fract_x
 _atom_site_fract_y
 _atom_site_fract_z
 _atom_site_occupancy
  Ce  Ce0  1  0.52869000  0.02869100  0.50000000  1
  Ce  Ce1  1  0.27869100  0.27869100  0.00000000  1
  Ce  Ce2  1  0.99861500  0.85141100  0.72276400  1
  Ce  Ce3  1  0.12864700  0.27585000  0.27723600  1
  Ce  Ce4  1  0.10141100  0.74861500  0.22276400  1
  Ce  Ce5  1  0.52585000  0.87864700  0.77723600  1
  Se  Se6  1  0.09590900  0.59794900  0.61613500  1
  Se  Se7  1  0.98181300  0.47977300  0.38386500  1
  Se  Se8  1  0.84794900  0.84590900  0.11613500  1
  Se  Se9  1  0.72977300  0.73181300  0.88386500  1
  Se  Se10  1  0.25637100  0.09924000  0.39725500  1
  Se  Se11  1  0.70198400  0.85911600  0.60274500  1
  Se  Se12  1  0.34924000  0.00637100  0.89725500  1
  Se  Se13  1  0.10911600  0.45198400  0.10274500  1
  Se  Se14  1  0.53483800  0.25710100  0.67796900  1
  Se  Se15  1  0.57913200  0.85687000  0.32203100  1
  Se  Se16  1  0.50710100  0.28483800  0.17796900  1
  Se  Se17  1  0.10687000  0.32913200  0.82203100  1
",Rotate all surrounding atoms within 3.072757160491968 angstrom of the center atom at index 17 by 102.26116086744673 degree around the axis [ 0.  0. -1.] in the cif file. The rotation should following the right-hand rule.,"<cif>
# generated using pymatgen
data_CeSe2
_symmetry_space_group_name_H-M   'P 1'
_cell_length_a   7.80584129
_cell_length_b   7.80584129
_cell_length_c   13.99195175
_cell_angle_alpha   93.79166708
_cell_angle_beta   93.79166708
_cell_angle_gamma   139.72306439
_symmetry_Int_Tables_number   1
_chemical_formula_structural   CeSe2
_chemical_formula_sum   'Ce6 Se12'
_cell_volume   540.89398372
_cell_formula_units_Z   6
loop_
 _symmetry_equiv_pos_site_id
 _symmetry_equiv_pos_as_xyz
  1  'x, y, z'
loop_
 _atom_site_type_symbol
 _atom_site_label
 _atom_site_symmetry_multiplicity
 _atom_site_fract_x
 _atom_site_fract_y
 _atom_site_fract_z
 _atom_site_occupancy
  Ce  Ce0  1  0.52869000  0.02869100  0.50000000  1
  Ce  Ce1  1  0.87194700  0.16154500  0.99992400  1
  Ce  Ce2  1  0.99861500  0.85141100  0.72276400  1
  Ce  Ce3  1  0.12864700  0.27585000  0.27723600  1
  Ce  Ce4  1  0.10141100  0.74861500  0.22276400  1
  Ce  Ce5  1  0.52585000  0.87864700  0.77723600  1
  Se  Se6  1  0.09590900  0.59794900  0.61613500  1
  Se  Se7  1  0.98181300  0.47977300  0.38386500  1
  Se  Se8  1  0.84794900  0.84590900  0.11613500  1
  Se  Se9  1  0.72977300  0.73181300  0.88386500  1
  Se  Se10  1  0.25637100  0.09924000  0.39725500  1
  Se  Se11  1  0.70198400  0.85911600  0.60274500  1
  Se  Se12  1  0.34924000  0.00637100  0.89725500  1
  Se  Se13  1  0.10911600  0.45198400  0.10274500  1
  Se  Se14  1  0.53483800  0.25710100  0.67796900  1
  Se  Se15  1  0.57913200  0.85687000  0.32203100  1
  Se  Se16  1  0.50710100  0.28483800  0.17796900  1
  Se  Se17  1  0.10687000  0.32913200  0.82203100  1
</cif>","data_image0
_chemical_formula_structural       Ce6Se12
_chemical_formula_sum              ""Ce6 Se12""
_cell_length_a       7.80584129
_cell_length_b       7.805841290000001
_cell_length_c       13.99195175
_cell_angle_alpha    93.79166708
_cell_angle_beta     93.79166708
_cell_angle_gamma    139.72306439

_space_group_name_H-M_alt    ""P 1""
_space_group_IT_number       1

loop_
  _space_group_symop_operation_xyz
  'x, y, z'

loop_
  _atom_site_type_symbol
  _atom_site_label
  _atom_site_symmetry_multiplicity
  _atom_site_fract_x
  _atom_site_fract_y
  _atom_site_fract_z
  _atom_site_occupancy
  Ce  Ce1       1.0  0.5286900000000002  0.02869100000000001  0.5  1.0000
  Ce  Ce2       1.0  0.44497536759634393  0.3763722945141251  0.0  1.0000
  Ce  Ce3       1.0  0.9986149999999999  0.8514110000000001  0.7227640000000001  1.0000
  Ce  Ce4       1.0  0.128647  0.27585000000000004  0.277236  1.0000
  Ce  Ce5       1.0  0.10141100000000011  0.7486150000000001  0.222764  1.0000
  Ce  Ce6       1.0  0.34621329667407513  0.17764664586215384  0.777236  1.0000
  Se  Se1       1.0  0.09590899999999995  0.597949  0.616135  1.0000
  Se  Se2       1.0  0.981813  0.479773  0.3838650000000001  1.0000
  Se  Se3       1.0  0.847949  0.8459090000000002  0.116135  1.0000
  Se  Se4       1.0  0.7297730000000001  0.7318130000000002  0.883865  1.0000
  Se  Se5       1.0  0.256371  0.09924000000000004  0.397255  1.0000
  Se  Se6       1.0  0.7019839999999998  0.859116  0.602745  1.0000
  Se  Se7       1.0  0.3492400000000001  0.006371000000000064  0.8972550000000002  1.0000
  Se  Se8       1.0  0.109116  0.451984  0.102745  1.0000
  Se  Se9       1.0  0.5348379999999998  0.257101  0.677969  1.0000
  Se  Se10      1.0  0.5791319999999999  0.8568700000000001  0.322031  1.0000
  Se  Se11      1.0  0.507101  0.28483800000000004  0.177969  1.0000
  Se  Se12      1.0  0.10687000000000003  0.3291320000000001  0.822031  1.0000
"
"# generated using pymatgen
data_Er2Ni2Sn
_symmetry_space_group_name_H-M   'P 1'
_cell_length_a   7.25842329
_cell_length_b   7.25842328
_cell_length_c   3.60367490
_cell_angle_alpha   90.00000000
_cell_angle_beta   90.00000000
_cell_angle_gamma   90.00000000
_symmetry_Int_Tables_number   1
_chemical_formula_structural   Er2Ni2Sn
_chemical_formula_sum   'Er4 Ni4 Sn2'
_cell_volume   189.85856194
_cell_formula_units_Z   2
loop_
 _symmetry_equiv_pos_site_id
 _symmetry_equiv_pos_as_xyz
  1  'x, y, z'
loop_
 _atom_site_type_symbol
 _atom_site_label
 _atom_site_symmetry_multiplicity
 _atom_site_fract_x
 _atom_site_fract_y
 _atom_site_fract_z
 _atom_site_occupancy
  Er  Er0  1  0.67389456  0.17389148  0.50000000  1
  Er  Er1  1  0.32610815  0.82610477  0.50000000  1
  Er  Er2  1  0.17389456  0.32610852  0.50000000  1
  Er  Er3  1  0.82610815  0.67389523  0.50000000  1
  Ni  Ni4  1  0.87911048  0.37910761  0.00000000  1
  Ni  Ni5  1  0.12088759  0.62088386  -0.00000000  1
  Ni  Ni6  1  0.37911048  0.12089239  0.00000000  1
  Ni  Ni7  1  0.62088759  0.87911614  -0.00000000  1
  Sn  Sn8  1  0.49999922  0.50000382  -0.00000000  1
  Sn  Sn9  1  -0.00000078  -0.00000382  -0.00000000  1
",Rotate all surrounding atoms within 2.975129802976895 angstrom of the center atom at index 3 by 56.99366619138651 degree around the axis [ 0. -1.  0.] in the cif file. The rotation should following the right-hand rule.,"<cif>
# generated using pymatgen
data_Er2Ni2Sn
_symmetry_space_group_name_H-M   'P 1'
_cell_length_a   7.25842329
_cell_length_b   7.25842328
_cell_length_c   3.60367490
_cell_angle_alpha   90.00000000
_cell_angle_beta   90.00000000
_cell_angle_gamma   90.00000000
_symmetry_Int_Tables_number   1
_chemical_formula_structural   Er2Ni2Sn
_chemical_formula_sum   'Er4 Ni4 Sn2'
_cell_volume   189.85856194
_cell_formula_units_Z   2
loop_
 _symmetry_equiv_pos_site_id
 _symmetry_equiv_pos_as_xyz
  1  'x, y, z'
loop_
 _atom_site_type_symbol
 _atom_site_label
 _atom_site_symmetry_multiplicity
 _atom_site_fract_x
 _atom_site_fract_y
 _atom_site_fract_z
 _atom_site_occupancy
  Er  Er0  1  0.67389456  0.17389148  0.50000000  1
  Er  Er1  1  0.32610815  0.82610477  0.50000000  1
  Er  Er2  1  0.17389456  0.32610852  0.50000000  1
  Er  Er3  1  0.82610815  0.67389523  0.50000000  1
  Ni  Ni4  1  0.06317754  0.37910761  0.31171609  1
  Ni  Ni5  1  0.19483644  0.62088386  0.72016165  1
  Ni  Ni6  1  0.37911048  0.12089239  0.00000000  1
  Ni  Ni7  1  0.92256328  0.87911614  0.87548780  1
  Sn  Sn8  1  0.49999922  0.50000382  -0.00000000  1
  Sn  Sn9  1  -0.00000078  -0.00000382  -0.00000000  1
</cif>
","data_image0
_chemical_formula_structural       Er4Ni4Sn2
_chemical_formula_sum              ""Er4 Ni4 Sn2""
_cell_length_a       7.25842329
_cell_length_b       7.25842328
_cell_length_c       3.6036749
_cell_angle_alpha    90.0
_cell_angle_beta     90.0
_cell_angle_gamma    90.0

_space_group_name_H-M_alt    ""P 1""
_space_group_IT_number       1

loop_
  _space_group_symop_operation_xyz
  'x, y, z'

loop_
  _atom_site_type_symbol
  _atom_site_label
  _atom_site_symmetry_multiplicity
  _atom_site_fract_x
  _atom_site_fract_y
  _atom_site_fract_z
  _atom_site_occupancy
  Er  Er1       1.0  0.67389456  0.17389148  0.5  1.0000
  Er  Er2       1.0  0.32610815  0.82610477  0.5  1.0000
  Er  Er3       1.0  0.17389456  0.32610852  0.5  1.0000
  Er  Er4       1.0  0.82610815  0.6738952299999997  0.5  1.0000
  Ni  Ni1       1.0  0.06315758169954577  0.37910761  0.31716068257453744  1.0000
  Ni  Ni2       1.0  0.650129505089624  0.62088386  0.03644184170472464  1.0000
  Ni  Ni3       1.0  0.37911048  0.12089238999999999  0.0  1.0000
  Ni  Ni4       1.0  0.9224953766936334  0.8791161399999998  0.8809948470022915  1.0000
  Sn  Sn1       1.0  0.49999922  0.50000382  0.0  1.0000
  Sn  Sn2       1.0  0.99999922  0.99999618  0.0  1.0000
"
"# generated using pymatgen
data_MgCd2
_symmetry_space_group_name_H-M   'P 1'
_cell_length_a   3.12560930
_cell_length_b   16.13918309
_cell_length_c   5.03347860
_cell_angle_alpha   90.00000000
_cell_angle_beta   90.00000000
_cell_angle_gamma   90.00000000
_symmetry_Int_Tables_number   1
_chemical_formula_structural   MgCd2
_chemical_formula_sum   'Mg4 Cd8'
_cell_volume   253.91272444
_cell_formula_units_Z   4
loop_
 _symmetry_equiv_pos_site_id
 _symmetry_equiv_pos_as_xyz
  1  'x, y, z'
loop_
 _atom_site_type_symbol
 _atom_site_label
 _atom_site_symmetry_multiplicity
 _atom_site_fract_x
 _atom_site_fract_y
 _atom_site_fract_z
 _atom_site_occupancy
  Mg  Mg0  1  0.50000000  0.05755825  0.25000000  1
  Mg  Mg1  1  0.00000000  0.44244175  0.75000000  1
  Mg  Mg2  1  0.00000000  0.55755825  0.25000000  1
  Mg  Mg3  1  0.50000000  0.94244175  0.75000000  1
  Cd  Cd4  1  0.50000000  0.39177364  0.25000000  1
  Cd  Cd5  1  -0.00000000  0.22096685  0.25000000  1
  Cd  Cd6  1  0.50000000  0.27903315  0.75000000  1
  Cd  Cd7  1  -0.00000000  0.10822636  0.75000000  1
  Cd  Cd8  1  -0.00000000  0.89177364  0.25000000  1
  Cd  Cd9  1  0.50000000  0.72096685  0.25000000  1
  Cd  Cd10  1  0.00000000  0.77903315  0.75000000  1
  Cd  Cd11  1  0.50000000  0.60822636  0.75000000  1
",Rotate all surrounding atoms within 3.8455441243695834 angstrom of the center atom at index 6 by 100.13562522505103 degree around the axis [1. 0. 0.] in the cif file. The rotation should following the right-hand rule.,,"data_image0
_chemical_formula_structural       Mg4Cd8
_chemical_formula_sum              ""Mg4 Cd8""
_cell_length_a       3.1256093
_cell_length_b       16.13918309
_cell_length_c       5.0334786
_cell_angle_alpha    90.0
_cell_angle_beta     90.0
_cell_angle_gamma    90.0

_space_group_name_H-M_alt    ""P 1""
_space_group_IT_number       1

loop_
  _space_group_symop_operation_xyz
  'x, y, z'

loop_
  _atom_site_type_symbol
  _atom_site_label
  _atom_site_symmetry_multiplicity
  _atom_site_fract_x
  _atom_site_fract_y
  _atom_site_fract_z
  _atom_site_occupancy
  Mg  Mg1       1.0  0.5  0.05755825  0.25  1.0000
  Mg  Mg2       1.0  0.0  0.2502766950976332  0.2657712941100594  1.0000
  Mg  Mg3       1.0  0.0  0.55755825  0.25  1.0000
  Mg  Mg4       1.0  0.5  0.94244175  0.75  1.0000
  Cd  Cd1       1.0  0.5  0.4126993031296406  0.19383548893439873  1.0000
  Cd  Cd2       1.0  0.0  0.44275768288231604  0.6547130735836455  1.0000
  Cd  Cd3       1.0  0.5  0.27903315  0.75  1.0000
  Cd  Cd4       1.0  0.0  0.3090915297526754  0.2108775846492468  1.0000
  Cd  Cd5       1.0  0.0  0.89177364  0.25  1.0000
  Cd  Cd6       1.0  0.5  0.72096685  0.25  1.0000
  Cd  Cd7       1.0  0.0  0.77903315  0.75  1.0000
  Cd  Cd8       1.0  0.5  0.60822636  0.75  1.0000
"
"# generated using pymatgen
data_Y3(CuSn)4
_symmetry_space_group_name_H-M   'P 1'
_cell_length_a   8.40591175
_cell_length_b   8.40591175
_cell_length_c   8.40591175
_cell_angle_alpha   149.27449258
_cell_angle_beta   131.25863165
_cell_angle_gamma   58.72917385
_symmetry_Int_Tables_number   1
_chemical_formula_structural   Y3(CuSn)4
_chemical_formula_sum   'Y3 Cu4 Sn4'
_cell_volume   226.35498588
_cell_formula_units_Z   1
loop_
 _symmetry_equiv_pos_site_id
 _symmetry_equiv_pos_as_xyz
  1  'x, y, z'
loop_
 _atom_site_type_symbol
 _atom_site_label
 _atom_site_symmetry_multiplicity
 _atom_site_fract_x
 _atom_site_fract_y
 _atom_site_fract_z
 _atom_site_occupancy
  Y  Y0  1  0.50000000  -0.00000000  0.50000000  1
  Y  Y1  1  0.86832510  0.86832510  0.00000000  1
  Y  Y2  1  0.13167490  0.13167490  -0.00000000  1
  Cu  Cu3  1  0.48440617  0.67136704  0.81303813  1
  Cu  Cu4  1  0.85832891  0.67136704  0.18696187  1
  Cu  Cu5  1  0.14167109  0.32863296  0.81303813  1
  Cu  Cu6  1  0.51559383  0.32863296  0.18696187  1
  Sn  Sn7  1  0.28369616  0.78369616  0.50000000  1
  Sn  Sn8  1  0.71630384  0.21630384  0.50000000  1
  Sn  Sn9  1  0.79761297  0.50000000  0.29761297  1
  Sn  Sn10  1  0.20238703  0.50000000  0.70238703  1
",Rotate all surrounding atoms within 2.6284674798663876 angstrom of the center atom at index 4 by 168.83803086809328 degree around the axis [ 0. -1.  0.] in the cif file. The rotation should following the right-hand rule.,"<cif>
# generated using pymatgen
data_Y3(CuSn)4
_symmetry_space_group_name_H-M   'P 1'
_cell_length_a   8.40591175
_cell_length_b   8.40591175
_cell_length_c   8.40591175
_cell_angle_alpha   149.27449258
_cell_angle_beta   131.25863165
_cell_angle_gamma   58.72917385
_symmetry_Int_Tables_number   1
_chemical_formula_structural   Y3(CuSn)4
_chemical_formula_sum   'Y3 Cu4 Sn4'
_cell_volume   226.35498588
_cell_formula_units_Z   1
loop_
 _symmetry_equiv_pos_site_id
 _symmetry_equiv_pos_as_xyz
  1  'x, y, z'
loop_
 _atom_site_type_symbol
 _atom_site_label
 _atom_site_symmetry_multiplicity
 _atom_site_fract_x
 _atom_site_fract_y
 _atom_site_fract_z
 _atom_site_occupancy
  Y   Y0   1   0.50000000   -0.00000000   0.50000000   1
  Y   Y1   1   0.86832510    0.86832510   0.00000000   1
  Y   Y2   1   0.13167490    0.13167490  -0.00000000   1
  Cu  Cu3  1   0.48440617    0.67136704   0.81303813   1
  Cu  Cu4  1   0.85832891    0.67136704   0.18696187   1
  Cu  Cu5  1   0.14167109    0.32863296   0.81303813   1
  Cu  Cu6  1   0.51559383    0.32863296   0.18696187   1
  Sn  Sn7  1   0.28369616    0.78369616   0.50000000   1
  Sn  Sn8  1   0.71630384    0.21630384   0.50000000   1
  Sn  Sn9  1   0.13912700    0.27582000   0.98161800   1
  Sn  Sn10 1   0.20238703    0.50000000   0.70238703   1
</cif>","data_image0
_chemical_formula_structural       Y3Cu4Sn4
_chemical_formula_sum              ""Y3 Cu4 Sn4""
_cell_length_a       8.40591175
_cell_length_b       8.40591175
_cell_length_c       8.40591175
_cell_angle_alpha    149.27449258
_cell_angle_beta     131.25863164999998
_cell_angle_gamma    58.729173850000016

_space_group_name_H-M_alt    ""P 1""
_space_group_IT_number       1

loop_
  _space_group_symop_operation_xyz
  'x, y, z'

loop_
  _atom_site_type_symbol
  _atom_site_label
  _atom_site_symmetry_multiplicity
  _atom_site_fract_x
  _atom_site_fract_y
  _atom_site_fract_z
  _atom_site_occupancy
  Y   Y1        1.0  0.5  0.0  0.5  1.0000
  Y   Y2        1.0  0.8683250999999998  0.8683251  0.0  1.0000
  Y   Y3        1.0  0.1316749  0.1316749  0.0  1.0000
  Cu  Cu1       1.0  0.5273276500420669  0.5512022278166545  0.23112779307777565  1.0000
  Cu  Cu2       1.0  0.85832891  0.67136704  0.18696187  1.0000
  Cu  Cu3       1.0  0.14167109000000008  0.32863296000000003  0.81303813  1.0000
  Cu  Cu4       1.0  0.51559383  0.32863296  0.18696187  1.0000
  Sn  Sn1       1.0  0.2836961599999999  0.78369616  0.5  1.0000
  Sn  Sn2       1.0  0.71630384  0.21630384  0.5  1.0000
  Sn  Sn3       1.0  0.1369299716826804  0.27632816071885924  0.9817408851167181  1.0000
  Sn  Sn4       1.0  0.20238703  0.5  0.70238703  1.0000
"
"# generated using pymatgen
data_NbCr2
_symmetry_space_group_name_H-M   'P 1'
_cell_length_a   4.88823248
_cell_length_b   4.88823248
_cell_length_c   8.04548990
_cell_angle_alpha   90.00000000
_cell_angle_beta   90.00000000
_cell_angle_gamma   119.99999372
_symmetry_Int_Tables_number   1
_chemical_formula_structural   NbCr2
_chemical_formula_sum   'Nb4 Cr8'
_cell_volume   166.48950314
_cell_formula_units_Z   4
loop_
 _symmetry_equiv_pos_site_id
 _symmetry_equiv_pos_as_xyz
  1  'x, y, z'
loop_
 _atom_site_type_symbol
 _atom_site_label
 _atom_site_symmetry_multiplicity
 _atom_site_fract_x
 _atom_site_fract_y
 _atom_site_fract_z
 _atom_site_occupancy
  Nb  Nb0  1  0.33333300  0.66666700  0.44098777  1
  Nb  Nb1  1  0.66666700  0.33333300  0.55901223  1
  Nb  Nb2  1  0.66666700  0.33333300  0.94098777  1
  Nb  Nb3  1  0.33333300  0.66666700  0.05901223  1
  Cr  Cr4  1  -0.00000000  0.00000000  0.50000000  1
  Cr  Cr5  1  -0.00000000  0.00000000  0.00000000  1
  Cr  Cr6  1  0.83041702  0.16958298  0.25000000  1
  Cr  Cr7  1  0.83041702  0.66083404  0.25000000  1
  Cr  Cr8  1  0.33916596  0.16958298  0.25000000  1
  Cr  Cr9  1  0.16958298  0.83041702  0.75000000  1
  Cr  Cr10  1  0.16958298  0.33916596  0.75000000  1
  Cr  Cr11  1  0.66083404  0.83041702  0.75000000  1
",Rotate all surrounding atoms within 3.23930666699515 angstrom of the center atom at index 7 by 246.06799488732622 degree around the axis [ 0. -1.  0.] in the cif file. The rotation should following the right-hand rule.,"<cif>
# generated using pymatgen
data_NbCr2
_symmetry_space_group_name_H-M   'P 1'
_cell_length_a   4.88823248
_cell_length_b   4.88823248
_cell_length_c   8.04548990
_cell_angle_alpha   90.00000000
_cell_angle_beta   90.00000000
_cell_angle_gamma   119.99999372
_symmetry_Int_Tables_number   1
_chemical_formula_structural   NbCr2
_chemical_formula_sum   'Nb4 Cr8'
_cell_volume   166.48950314
_cell_formula_units_Z   4
loop_
 _symmetry_equiv_pos_site_id
 _symmetry_equiv_pos_as_xyz
  1  'x, y, z'
loop_
 _atom_site_type_symbol
 _atom_site_label
 _atom_site_symmetry_multiplicity
 _atom_site_fract_x
 _atom_site_fract_y
 _atom_site_fract_z
 _atom_site_occupancy
  Nb  Nb0  1  0.32305800  0.66666700  0.45018900  1
  Nb  Nb1  1  0.13094500  0.33302500  0.12460000  1
  Nb  Nb2  1  0.20123000  0.33302500  0.37540000  1
  Nb  Nb3  1  0.74833300  0.66666700  0.60460000  1
  Cr  Cr4  1  0.87599500  0.00000000  0.14857300  1
  Cr  Cr5  1  0.12358200  0.00000000  0.35155900  1
  Cr  Cr6  1  0.48490600  0.16979100  0.11360300  1
  Cr  Cr7  1  0.83041702  0.66083404  0.25000000  1
  Cr  Cr8  1  0.68406700  0.16979100  0.38670000  1
  Cr  Cr9  1  0.16958298  0.83041702  0.75000000  1
  Cr  Cr10  1  0.16958298  0.33916596  0.75000000  1
  Cr  Cr11  1  0.66083404  0.83041702  0.75000000  1
</cif>","data_image0
_chemical_formula_structural       Nb4Cr8
_chemical_formula_sum              ""Nb4 Cr8""
_cell_length_a       4.88823248
_cell_length_b       4.88823248
_cell_length_c       8.0454899
_cell_angle_alpha    90.0
_cell_angle_beta     90.0
_cell_angle_gamma    119.99999372000002

_space_group_name_H-M_alt    ""P 1""
_space_group_IT_number       1

loop_
  _space_group_symop_operation_xyz
  'x, y, z'

loop_
  _atom_site_type_symbol
  _atom_site_label
  _atom_site_symmetry_multiplicity
  _atom_site_fract_x
  _atom_site_fract_y
  _atom_site_fract_z
  _atom_site_occupancy
  Nb  Nb1       1.0  0.32347955140014295  0.666667  0.45019545084883505  1.0000
  Nb  Nb2       1.0  0.1315406794067755  0.333333  0.12464824222104673  1.0000
  Nb  Nb3       1.0  0.7061801572492352  0.333333  0.969699016105024  1.0000
  Nb  Nb4       1.0  0.7488400735576829  0.666667  0.605144676964858  1.0000
  Cr  Cr1       1.0  0.07892323733277817  0.0  0.4262567661642289  1.0000
  Cr  Cr2       1.0  0.32672915987632667  0.0  0.629082876595309  1.0000
  Cr  Cr3       1.0  0.48515301380148435  0.16958297999999997  0.11359444892584813  1.0000
  Cr  Cr4       1.0  0.83041702  0.66083404  0.25  1.0000
  Cr  Cr5       1.0  0.6844300972913746  0.16958297999999997  0.38640560286580505  1.0000
  Cr  Cr6       1.0  0.16958297999999994  0.83041702  0.75  1.0000
  Cr  Cr7       1.0  0.16958298  0.33916596  0.75  1.0000
  Cr  Cr8       1.0  0.6608340399999999  0.83041702  0.75  1.0000
"
"# generated using pymatgen
data_NpSb2
_symmetry_space_group_name_H-M   'P 1'
_cell_length_a   4.35069070
_cell_length_b   4.35069070
_cell_length_c   17.24798700
_cell_angle_alpha   90.00000000
_cell_angle_beta   90.00000000
_cell_angle_gamma   90.40688543
_symmetry_Int_Tables_number   1
_chemical_formula_structural   NpSb2
_chemical_formula_sum   'Np4 Sb8'
_cell_volume   326.47045388
_cell_formula_units_Z   4
loop_
 _symmetry_equiv_pos_site_id
 _symmetry_equiv_pos_as_xyz
  1  'x, y, z'
loop_
 _atom_site_type_symbol
 _atom_site_label
 _atom_site_symmetry_multiplicity
 _atom_site_fract_x
 _atom_site_fract_y
 _atom_site_fract_z
 _atom_site_occupancy
  Np  Np0  1  0.36066500  0.36066500  0.89231700  1
  Np  Np1  1  0.63933500  0.63933500  0.10768300  1
  Np  Np2  1  0.13933500  0.13933500  0.39231700  1
  Np  Np3  1  0.86066500  0.86066500  0.60768300  1
  Sb  Sb4  1  0.35983400  0.35983400  0.56948500  1
  Sb  Sb5  1  0.64016600  0.64016600  0.43051500  1
  Sb  Sb6  1  0.14016600  0.14016600  0.06948500  1
  Sb  Sb7  1  0.85983400  0.85983400  0.93051500  1
  Sb  Sb8  1  0.37238900  0.87238900  0.75000000  1
  Sb  Sb9  1  0.12761100  0.62761100  0.25000000  1
  Sb  Sb10  1  0.62761100  0.12761100  0.25000000  1
  Sb  Sb11  1  0.87238900  0.37238900  0.75000000  1
",Rotate all surrounding atoms within 3.4162576679405237 angstrom of the center atom at index 2 by 130.6466251831677 degree around the axis [1. 0. 0.] in the cif file. The rotation should following the right-hand rule.,"<cif>
# modified CIF with rotated surrounding atoms
data_NpSb2
_symmetry_space_group_name_H-M   'P 1'
_cell_length_a   4.35069070
_cell_length_b   4.35069070
_cell_length_c   17.24798700
_cell_angle_alpha   90.00000000
_cell_angle_beta   90.00000000
_cell_angle_gamma   90.40688543
_symmetry_Int_Tables_number   1
_chemical_formula_structural   NpSb2
_chemical_formula_sum   'Np4 Sb8'
_cell_volume   326.47045388
_cell_formula_units_Z   4
loop_
 _symmetry_equiv_pos_site_id
 _symmetry_equiv_pos_as_xyz
  1  'x, y, z'
loop_
 _atom_site_type_symbol
 _atom_site_label
 _atom_site_symmetry_multiplicity
 _atom_site_fract_x
 _atom_site_fract_y
 _atom_site_fract_z
 _atom_site_occupancy
  Np  Np0  1  0.36066500  0.36066500  0.89231700  1
  Np  Np1  1  0.63933500  0.63933500  0.10768300  1
  Np  Np2  1  0.13933500  0.13933500  0.39231700  1
  Np  Np3  1  0.86066500  0.86066500  0.60768300  1
  Sb  Sb4  1  0.35355400  0.46403300  0.31921100  1
  Sb  Sb5  1  0.64509400  0.34982200  0.27168900  1
  Sb  Sb6  1  0.14016600  0.14016600  0.06948500  1
  Sb  Sb7  1  0.85983400  0.85983400  0.93051500  1
  Sb  Sb8  1  0.37238900  0.87238900  0.75000000  1
  Sb  Sb9  1  0.12519200  0.24904100  0.57825500  1
  Sb  Sb10  1  0.63099600  0.57442700  0.48240700  1
  Sb  Sb11  1  0.87238900  0.37238900  0.75000000  1
</cif>","data_image0
_chemical_formula_structural       Np4Sb8
_chemical_formula_sum              ""Np4 Sb8""
_cell_length_a       4.3506907
_cell_length_b       4.3506907
_cell_length_c       17.247987
_cell_angle_alpha    90.0
_cell_angle_beta     90.0
_cell_angle_gamma    90.40688543

_space_group_name_H-M_alt    ""P 1""
_space_group_IT_number       1

loop_
  _space_group_symop_operation_xyz
  'x, y, z'

loop_
  _atom_site_type_symbol
  _atom_site_label
  _atom_site_symmetry_multiplicity
  _atom_site_fract_x
  _atom_site_fract_y
  _atom_site_fract_z
  _atom_site_occupancy
  Np  Np1       1.0  0.360665  0.360665  0.892317  1.0000
  Np  Np2       1.0  0.6393349999999998  0.6393349999999998  0.107683  1.0000
  Np  Np3       1.0  0.139335  0.139335  0.392317  1.0000
  Np  Np4       1.0  0.860665  0.860665  0.607683  1.0000
  Sb  Sb1       1.0  0.35346358785754134  0.46277362254511734  0.31911089864834585  1.0000
  Sb  Sb2       1.0  0.6334766672897616  0.698196282534943  0.4632855207360455  1.0000
  Sb  Sb3       1.0  0.140166  0.140166  0.069485  1.0000
  Sb  Sb4       1.0  0.859834  0.8598339999999999  0.9305149999999999  1.0000
  Sb  Sb5       1.0  0.3723889999999999  0.872389  0.75  1.0000
  Sb  Sb6       1.0  0.12492496599293133  0.24937257109550748  0.5784687141384651  1.0000
  Sb  Sb7       1.0  0.6307885884848033  0.5750685053905044  0.482777365826913  1.0000
  Sb  Sb8       1.0  0.872389  0.3723889999999999  0.75  1.0000
"
"# generated using pymatgen
data_Mg14CdC
_symmetry_space_group_name_H-M   'P 1'
_cell_length_a   6.36074893
_cell_length_b   6.36074893
_cell_length_c   9.61843900
_cell_angle_alpha   90.00000000
_cell_angle_beta   90.00000000
_cell_angle_gamma   116.59568545
_symmetry_Int_Tables_number   1
_chemical_formula_structural   Mg14CdC
_chemical_formula_sum   'Mg14 Cd1 C1'
_cell_volume   347.97649993
_cell_formula_units_Z   1
loop_
 _symmetry_equiv_pos_site_id
 _symmetry_equiv_pos_as_xyz
  1  'x, y, z'
loop_
 _atom_site_type_symbol
 _atom_site_label
 _atom_site_symmetry_multiplicity
 _atom_site_fract_x
 _atom_site_fract_y
 _atom_site_fract_z
 _atom_site_occupancy
  Mg  Mg0  1  0.83912300  0.16087700  0.00000000  1
  Mg  Mg1  1  0.33815300  0.66184700  0.00000000  1
  Mg  Mg2  1  0.36735700  0.11599400  0.50000000  1
  Mg  Mg3  1  0.32401300  0.15942200  0.00000000  1
  Mg  Mg4  1  0.88400600  0.63264300  0.50000000  1
  Mg  Mg5  1  0.84057800  0.67598700  0.00000000  1
  Mg  Mg6  1  0.18086700  0.36693000  0.28866800  1
  Mg  Mg7  1  0.18086700  0.36693000  0.71133200  1
  Mg  Mg8  1  0.63307000  0.81913300  0.28866800  1
  Mg  Mg9  1  0.63307000  0.81913300  0.71133200  1
  Mg  Mg10  1  0.66207000  0.33793000  0.24483300  1
  Mg  Mg11  1  0.66207000  0.33793000  0.75516700  1
  Mg  Mg12  1  0.16673400  0.83326600  0.25897000  1
  Mg  Mg13  1  0.16673400  0.83326600  0.74103000  1
  Cd  Cd14  1  0.84815400  0.15184600  0.50000000  1
  C  C15  1  0.27314200  0.72685800  0.50000000  1
",Rotate all surrounding atoms within 3.2316500253994094 angstrom of the center atom at index 10 by 183.47921783914103 degree around the axis [-1.  0.  0.] in the cif file. The rotation should following the right-hand rule.,"<cif>
# generated using pymatgen
data_Mg14CdC
_symmetry_space_group_name_H-M   'P 1'
_cell_length_a   6.36074893
_cell_length_b   6.36074893
_cell_length_c   9.61843900
_cell_angle_alpha   90.00000000
_cell_angle_beta   90.00000000
_cell_angle_gamma   116.59568545
_symmetry_Int_Tables_number   1
_chemical_formula_structural   Mg14CdC
_chemical_formula_sum   'Mg14 Cd1 C1'
_cell_volume   347.97649993
_cell_formula_units_Z   1
loop_
 _symmetry_equiv_pos_site_id
 _symmetry_equiv_pos_as_xyz
  1  'x, y, z'
loop_
 _atom_site_type_symbol
 _atom_site_label
 _atom_site_symmetry_multiplicity
 _atom_site_fract_x
 _atom_site_fract_y
 _atom_site_fract_z
 _atom_site_occupancy
  Mg  Mg0  1  0.008750  0.539780  0.482853  1
  Mg  Mg1  1  0.338153  0.661847  0.000000  1
  Mg  Mg2  1  0.553930  0.533260  0.982180  1
  Mg  Mg3  1  0.494500  0.541230  0.482810  1
  Mg  Mg4  1  0.608000  0.017600  0.000720  1
  Mg  Mg5  1  0.549000  0.025600  0.501000  1
  Mg  Mg6  1  0.152500  0.304000  0.202000  1
  Mg  Mg7  1  0.180867  0.366930  0.711332  1
  Mg  Mg8  1  0.649000  0.853100  0.218000  1
  Mg  Mg9  1  0.633070  0.819133  0.711332  1
  Mg  Mg10  1  0.662070  0.337930  0.244833  1
  Mg  Mg11  1  0.662070  0.337930  0.755167  1
  Mg  Mg12  1  0.166734  0.833266  0.258970  1
  Mg  Mg13  1  0.166734  0.833266  0.741030  1
  Cd  Cd14  1  0.002950  0.497500  0.983460  1
  C  C15  1  0.273142  0.726858  0.500000  1
</cif>
","data_image0
_chemical_formula_structural       Mg14CdC
_chemical_formula_sum              ""Mg14 Cd1 C1""
_cell_length_a       6.36074893
_cell_length_b       6.360748930000001
_cell_length_c       9.618439
_cell_angle_alpha    90.0
_cell_angle_beta     90.0
_cell_angle_gamma    116.59568545

_space_group_name_H-M_alt    ""P 1""
_space_group_IT_number       1

loop_
  _space_group_symop_operation_xyz
  'x, y, z'

loop_
  _atom_site_type_symbol
  _atom_site_label
  _atom_site_symmetry_multiplicity
  _atom_site_fract_x
  _atom_site_fract_y
  _atom_site_fract_z
  _atom_site_occupancy
  Mg  Mg1       1.0  0.008756103813650107  0.5397830269826605  0.4828610261808099  1.0000
  Mg  Mg2       1.0  0.33815299999999987  0.6618469999999999  0.0  1.0000
  Mg  Mg3       1.0  0.5541680442351539  0.5332700444528773  0.9821719187353414  1.0000
  Mg  Mg4       1.0  0.49494768622249646  0.5412353452374056  0.4828088121139999  1.0000
  Mg  Mg5       1.0  0.6086443638584865  0.017573292565748407  0.0007123623115144364  1.0000
  Mg  Mg6       1.0  0.5494151487477831  0.025622438527870023  0.5013462412698212  1.0000
  Mg  Mg7       1.0  0.1529108066289049  0.3044848172988849  0.20211948607611105  1.0000
  Mg  Mg8       1.0  0.180867  0.36693  0.711332  1.0000
  Mg  Mg9       1.0  0.20059183410138592  0.8531152834497622  0.21834722329514414  1.0000
  Mg  Mg10      1.0  0.63307  0.819133  0.711332  1.0000
  Mg  Mg11      1.0  0.66207  0.33793  0.24483299999999997  1.0000
  Mg  Mg12      1.0  0.66207  0.33793  0.755167  1.0000
  Mg  Mg13      1.0  0.166734  0.8332659999999998  0.25897  1.0000
  Mg  Mg14      1.0  0.166734  0.8332659999999998  0.74103  1.0000
  Cd  Cd1       1.0  0.0028933380344946524  0.4974841241304585  0.9834585020503056  1.0000
  C   C1        1.0  0.27314199999999994  0.7268579999999998  0.5  1.0000
"
"# generated using pymatgen
data_CaSnS3
_symmetry_space_group_name_H-M   'P 1'
_cell_length_a   5.36415800
_cell_length_b   6.70065700
_cell_length_c   14.31541100
_cell_angle_alpha   90.00000000
_cell_angle_beta   90.00000000
_cell_angle_gamma   90.00000000
_symmetry_Int_Tables_number   1
_chemical_formula_structural   CaSnS3
_chemical_formula_sum   'Ca4 Sn4 S12'
_cell_volume   514.54429825
_cell_formula_units_Z   4
loop_
 _symmetry_equiv_pos_site_id
 _symmetry_equiv_pos_as_xyz
  1  'x, y, z'
loop_
 _atom_site_type_symbol
 _atom_site_label
 _atom_site_symmetry_multiplicity
 _atom_site_fract_x
 _atom_site_fract_y
 _atom_site_fract_z
 _atom_site_occupancy
  Ca  Ca0  1  0.22342600  0.34162700  0.87604400  1
  Ca  Ca1  1  0.27657400  0.65837300  0.37604400  1
  Ca  Ca2  1  0.72342600  0.15837300  0.12395600  1
  Ca  Ca3  1  0.77657400  0.84162700  0.62395600  1
  Sn  Sn4  1  0.71255400  0.82497100  0.90664800  1
  Sn  Sn5  1  0.78744600  0.17502900  0.40664800  1
  Sn  Sn6  1  0.21255400  0.67502900  0.09335200  1
  Sn  Sn7  1  0.28744600  0.32497200  0.59335200  1
  S  S8  1  0.23818200  0.77291500  0.92613500  1
  S  S9  1  0.26181800  0.22708500  0.42613500  1
  S  S10  1  0.73818200  0.72708500  0.07386500  1
  S  S11  1  0.76181800  0.27291500  0.57386500  1
  S  S12  1  0.75142900  0.58859800  0.78440200  1
  S  S13  1  0.74857100  0.41140200  0.28440200  1
  S  S14  1  0.25142900  0.91140200  0.21559800  1
  S  S15  1  0.24857100  0.08859800  0.71559800  1
  S  S16  1  0.73019700  0.17908400  0.91660800  1
  S  S17  1  0.76980300  0.82091600  0.41660800  1
  S  S18  1  0.23019700  0.32091600  0.08339200  1
  S  S19  1  0.26980300  0.67908400  0.58339200  1
",Rotate all surrounding atoms within 3.8666744722128876 angstrom of the center atom at index 2 by 160.58203233105684 degree around the axis [-1.  0.  0.] in the cif file. The rotation should following the right-hand rule.,"<cif>
# generated using pymatgen
data_CaSnS3
_symmetry_space_group_name_H-M   'P 1'
_cell_length_a   5.36415800
_cell_length_b   6.70065700
_cell_length_c   14.31541100
_cell_angle_alpha   90.00000000
_cell_angle_beta   90.00000000
_cell_angle_gamma   90.00000000
_symmetry_Int_Tables_number   1
_chemical_formula_structural   CaSnS3
_chemical_formula_sum   'Ca4 Sn4 S12'
_cell_volume   514.54429825
_cell_formula_units_Z   4
loop_
 _symmetry_equiv_pos_site_id
 _symmetry_equiv_pos_as_xyz
  1  'x, y, z'
loop_
 _atom_site_type_symbol
 _atom_site_label
 _atom_site_symmetry_multiplicity
 _atom_site_fract_x
 _atom_site_fract_y
 _atom_site_fract_z
 _atom_site_occupancy
  Ca  Ca0  1  0.223426  0.341627  0.876044  1
  Ca  Ca1  1  0.276574  0.658373  0.376044  1
  Ca  Ca2  1  0.723426  0.158373  0.123956  1
  Ca  Ca3  1  0.776574  0.841627  0.623956  1
  Sn  Sn4  1  0.712386  0.318299  0.380696  1
  Sn  Sn5  1  0.787446  0.175029  0.406648  1
  Sn  Sn6  1  0.212554  0.675029  0.093352  1
  Sn  Sn7  1  0.287446  0.324972  0.593352  1
  S  S8  1  0.238182  0.772915  0.926135  1
  S  S9  1  0.261818  0.227085  0.426135  1
  S  S10  1  0.737948  0.529460  0.238410  1
  S  S11  1  0.761818  0.272915  0.573865  1
  S  S12  1  0.751429  0.588598  0.784402  1
  S  S13  1  0.748571  0.033750  0.933300  1
  S  S14  1  0.251430  0.456404  0.075970  1
  S  S15  1  0.248571  0.088598  0.715598  1
  S  S16  1  0.730197  0.991544  0.316280  1
  S  S17  1  0.769803  0.820916  0.416608  1
  S  S18  1  0.230197  0.976256  0.136820  1
  S  S19  1  0.269803  0.679084  0.583392  1
</cif>
","data_image0
_chemical_formula_structural       Ca4Sn4S12
_chemical_formula_sum              ""Ca4 Sn4 S12""
_cell_length_a       5.364158
_cell_length_b       6.700657
_cell_length_c       14.315411
_cell_angle_alpha    90.0
_cell_angle_beta     90.0
_cell_angle_gamma    90.0

_space_group_name_H-M_alt    ""P 1""
_space_group_IT_number       1

loop_
  _space_group_symop_operation_xyz
  'x, y, z'

loop_
  _atom_site_type_symbol
  _atom_site_label
  _atom_site_symmetry_multiplicity
  _atom_site_fract_x
  _atom_site_fract_y
  _atom_site_fract_z
  _atom_site_occupancy
  Ca  Ca1       1.0  0.223426  0.341627  0.876044  1.0000
  Ca  Ca2       1.0  0.276574  0.6583730000000002  0.376044  1.0000
  Ca  Ca3       1.0  0.723426  0.158373  0.123956  1.0000
  Ca  Ca4       1.0  0.776574  0.841627  0.6239559999999998  1.0000
  Sn  Sn1       1.0  0.712554  0.08561262596777094  0.28205269329438887  1.0000
  Sn  Sn2       1.0  0.7874459999999999  0.17502900000000005  0.4066479999999999  1.0000
  Sn  Sn3       1.0  0.212554  0.675029  0.093352  1.0000
  Sn  Sn4       1.0  0.287446  0.324972  0.593352  1.0000
  S   S1        1.0  0.238182  0.7729150000000001  0.926135  1.0000
  S   S2        1.0  0.261818  0.227085  0.42613499999999993  1.0000
  S   S3        1.0  0.738182  0.5864322245085138  0.08269814441607885  1.0000
  S   S4        1.0  0.7618179999999999  0.272915  0.573865  1.0000
  S   S5        1.0  0.751429  0.588598  0.784402  1.0000
  S   S6        1.0  0.748571  0.03369622203176452  0.9332615393762433  1.0000
  S   S7        1.0  0.2514289999999999  0.5132677701986488  0.9203448148200234  1.0000
  S   S8        1.0  0.248571  0.088598  0.7155979999999998  1.0000
  S   S9        1.0  0.730197  0.7018348325126585  0.37316835287898853  1.0000
  S   S10       1.0  0.769803  0.820916  0.416608  1.0000
  S   S11       1.0  0.2301969999999999  0.9762644173335716  0.1369186752776718  1.0000
  S   S12       1.0  0.269803  0.6790840000000001  0.583392  1.0000
"
"# generated using pymatgen
data_Li9Mn7O16
_symmetry_space_group_name_H-M   'P 1'
_cell_length_a   3.02123000
_cell_length_b   6.50296103
_cell_length_c   15.72148632
_cell_angle_alpha   87.68139610
_cell_angle_beta   85.12212558
_cell_angle_gamma   76.74245269
_symmetry_Int_Tables_number   1
_chemical_formula_structural   Li9Mn7O16
_chemical_formula_sum   'Li9 Mn7 O16'
_cell_volume   299.48837179
_cell_formula_units_Z   1
loop_
 _symmetry_equiv_pos_site_id
 _symmetry_equiv_pos_as_xyz
  1  'x, y, z'
loop_
 _atom_site_type_symbol
 _atom_site_label
 _atom_site_symmetry_multiplicity
 _atom_site_fract_x
 _atom_site_fract_y
 _atom_site_fract_z
 _atom_site_occupancy
  Li  Li0  1  0.55050200  0.87906400  0.68485600  1
  Li  Li1  1  0.81246600  0.37487800  0.43694000  1
  Li  Li2  1  0.03972200  0.88069100  0.17903500  1
  Li  Li3  1  0.18753400  0.62512200  0.56306000  1
  Li  Li4  1  0.44949800  0.12093600  0.31514400  1
  Li  Li5  1  0.70082300  0.64137600  0.06581700  1
  Li  Li6  1  0.29917700  0.35862400  0.93418300  1
  Li  Li7  1  0.96027800  0.11930900  0.82096500  1
  Li  Li8  1  0.00000000  0.00000000  0.00000000  1
  Mn  Mn9  1  0.62909400  0.75745000  0.88036000  1
  Mn  Mn10  1  0.37090600  0.24255000  0.11964000  1
  Mn  Mn11  1  0.87869300  0.25205100  0.62576500  1
  Mn  Mn12  1  0.12130700  0.74794900  0.37423500  1
  Mn  Mn13  1  0.50000000  0.00000000  0.50000000  1
  Mn  Mn14  1  0.73125300  0.50359300  0.24624100  1
  Mn  Mn15  1  0.26874700  0.49640700  0.75375900  1
  O  O16  1  0.14056000  0.79181100  0.79324500  1
  O  O17  1  0.31963900  0.29809400  0.53183000  1
  O  O18  1  0.56671100  0.79894000  0.28375300  1
  O  O19  1  0.70114300  0.55091200  0.65969700  1
  O  O20  1  0.94370300  0.04837300  0.40642400  1
  O  O21  1  0.18627400  0.54797900  0.15682100  1
  O  O22  1  0.86935100  0.30643200  0.04406700  1
  O  O23  1  0.47558000  0.04024000  0.90208900  1
  O  O24  1  0.05629700  0.95162700  0.59357600  1
  O  O25  1  0.29885700  0.44908800  0.34030300  1
  O  O26  1  0.52442000  0.95976000  0.09791100  1
  O  O27  1  0.68036100  0.70190600  0.46817000  1
  O  O28  1  0.85944000  0.20818900  0.20675500  1
  O  O29  1  0.13064900  0.69356800  0.95593300  1
  O  O30  1  0.81372600  0.45202100  0.84317900  1
  O  O31  1  0.43328900  0.20106000  0.71624700  1
",Rotate all surrounding atoms within 2.4864192764952353 angstrom of the center atom at index 20 by 65.00969510403809 degree around the axis [-1.  0.  0.] in the cif file. The rotation should following the right-hand rule.,"<cif>
# generated using pymatgen
data_Li9Mn7O16
_symmetry_space_group_name_H-M   'P 1'
_cell_length_a   3.02123000
_cell_length_b   6.50296103
_cell_length_c   15.72148632
_cell_angle_alpha   87.68139610
_cell_angle_beta   85.12212558
_cell_angle_gamma   76.74245269
_symmetry_Int_Tables_number   1
_chemical_formula_structural   Li9Mn7O16
_chemical_formula_sum   'Li9 Mn7 O16'
_cell_volume   299.48837179
_cell_formula_units_Z   1
loop_
 _symmetry_equiv_pos_site_id
 _symmetry_equiv_pos_as_xyz
  1  'x, y, z'
loop_
 _atom_site_type_symbol
 _atom_site_label
 _atom_site_symmetry_multiplicity
 _atom_site_fract_x
 _atom_site_fract_y
 _atom_site_fract_z
 _atom_site_occupancy
  Li  Li0  1  0.67347000  0.75293000  0.54957000  1
  Li  Li1  1  0.81246600  0.37487800  0.43694000  1
  Li  Li2  1  0.03972200  0.88069100  0.17903500  1
  Li  Li3  1  0.30237000  0.36693000  0.59360000  1
  Li  Li4  1  0.44949800  0.12093600  0.31514400  1
  Li  Li5  1  0.70082300  0.64137600  0.06581700  1
  Li  Li6  1  0.29917700  0.35862400  0.93418300  1
  Li  Li7  1  0.96027800  0.11930900  0.82096500  1
  Li  Li8  1  0.00000000  0.00000000  0.00000000  1
  Mn  Mn9  1  0.62909400  0.75745000  0.88036000  1
  Mn  Mn10  1  0.37090600  0.24255000  0.11964000  1
  Mn  Mn11  1  0.77667000  0.34254000  0.75600000  1
  Mn  Mn12  1  0.12130700  0.74794900  0.37423500  1
  Mn  Mn13  1  0.50000000  0.00000000  0.50000000  1
  Mn  Mn14  1  0.73125300  0.50359300  0.24624100  1
  Mn  Mn15  1  0.16539000  0.73775000  0.71756000  1
  O  O16  1  0.14056000  0.79181100  0.79324500  1
  O  O17  1  0.31963900  0.29809400  0.53183000  1
  O  O18  1  0.56671100  0.79894000  0.28375300  1
  O  O19  1  0.70114300  0.55091200  0.65969700  1
  O  O20  1  0.94370300  0.04837300  0.40642400  1
  O  O21  1  0.18627400  0.54797900  0.15682100  1
  O  O22  1  0.86935100  0.30643200  0.04406700  1
  O  O23  1  0.47558000  0.04024000  0.90208900  1
  O  O24  1  0.05629700  0.95162700  0.59357600  1
  O  O25  1  0.29885700  0.44908800  0.34030300  1
  O  O26  1  0.52442000  0.95976000  0.09791100  1
  O  O27  1  0.68036100  0.70190600  0.46817000  1
  O  O28  1  0.85944000  0.20818900  0.20675500  1
  O  O29  1  0.13064900  0.69356800  0.95593300  1
  O  O30  1  0.81372600  0.45202100  0.84317900  1
  O  O31  1  0.43328900  0.20106000  0.71624700  1
</cif>
","data_image0
_chemical_formula_structural       Li9Mn7O16
_chemical_formula_sum              ""Li9 Mn7 O16""
_cell_length_a       3.02123
_cell_length_b       6.502961030000001
_cell_length_c       15.72148632
_cell_angle_alpha    87.6813961
_cell_angle_beta     85.12212558
_cell_angle_gamma    76.74245269

_space_group_name_H-M_alt    ""P 1""
_space_group_IT_number       1

loop_
  _space_group_symop_operation_xyz
  'x, y, z'

loop_
  _atom_site_type_symbol
  _atom_site_label
  _atom_site_symmetry_multiplicity
  _atom_site_fract_x
  _atom_site_fract_y
  _atom_site_fract_z
  _atom_site_occupancy
  Li  Li1       1.0  0.550502  0.8790639999999998  0.684856  1.0000
  Li  Li2       1.0  0.9295796972421132  0.2611723293056125  0.29910933527566547  1.0000
  Li  Li3       1.0  0.03972200000000009  0.8806909999999999  0.179035  1.0000
  Li  Li4       1.0  0.18753399999999998  0.625122  0.56306  1.0000
  Li  Li5       1.0  0.5582174774110404  0.8756521013433651  0.34306748651017166  1.0000
  Li  Li6       1.0  0.700823  0.641376  0.065817  1.0000
  Li  Li7       1.0  0.29917700000000014  0.358624  0.934183  1.0000
  Li  Li8       1.0  0.9602779999999999  0.119309  0.820965  1.0000
  Li  Li9       1.0  0.0  0.0  0.0  1.0000
  Mn  Mn1       1.0  0.6290939999999998  0.75745  0.8803599999999998  1.0000
  Mn  Mn2       1.0  0.3709060000000001  0.24254999999999993  0.11964  1.0000
  Mn  Mn3       1.0  0.878693  0.252051  0.625765  1.0000
  Mn  Mn4       1.0  0.4545168965618315  0.285403801701746  0.13717967549050558  1.0000
  Mn  Mn5       1.0  0.3999275730633039  0.23693854980588447  0.4618439753848127  1.0000
  Mn  Mn6       1.0  0.731253  0.503593  0.24624099999999993  1.0000
  Mn  Mn7       1.0  0.26874699999999996  0.496407  0.753759  1.0000
  O   O1        1.0  0.14056000000000005  0.791811  0.793245  1.0000
  O   O2        1.0  0.319639  0.298094  0.53183  1.0000
  O   O3        1.0  0.566711  0.79894  0.283753  1.0000
  O   O4        1.0  0.701143  0.5509119999999998  0.659697  1.0000
  O   O5        1.0  0.9437029999999997  0.048372999999999985  0.406424  1.0000
  O   O6        1.0  0.186274  0.547979  0.156821  1.0000
  O   O7        1.0  0.869351  0.306432  0.044067  1.0000
  O   O8        1.0  0.4755799999999999  0.04023999999999999  0.902089  1.0000
  O   O9        1.0  0.05629700000000006  0.951627  0.593576  1.0000
  O   O10       1.0  0.298857  0.449088  0.340303  1.0000
  O   O11       1.0  0.5244199999999998  0.95976  0.097911  1.0000
  O   O12       1.0  0.6803610000000001  0.7019059999999998  0.46817  1.0000
  O   O13       1.0  0.85944  0.208189  0.20675499999999994  1.0000
  O   O14       1.0  0.13064899999999996  0.693568  0.955933  1.0000
  O   O15       1.0  0.8137260000000002  0.4520209999999998  0.843179  1.0000
  O   O16       1.0  0.4332889999999999  0.20105999999999996  0.716247  1.0000
"
"# generated using pymatgen
data_Li9Mn2Co5O16
_symmetry_space_group_name_H-M   'P 1'
_cell_length_a   2.90557000
_cell_length_b   10.22991800
_cell_length_c   10.32855450
_cell_angle_alpha   70.06105042
_cell_angle_beta   90.00000000
_cell_angle_gamma   90.00000000
_symmetry_Int_Tables_number   1
_chemical_formula_structural   Li9Mn2Co5O16
_chemical_formula_sum   'Li9 Mn2 Co5 O16'
_cell_volume   288.60045186
_cell_formula_units_Z   1
loop_
 _symmetry_equiv_pos_site_id
 _symmetry_equiv_pos_as_xyz
  1  'x, y, z'
loop_
 _atom_site_type_symbol
 _atom_site_label
 _atom_site_symmetry_multiplicity
 _atom_site_fract_x
 _atom_site_fract_y
 _atom_site_fract_z
 _atom_site_occupancy
  Li  Li0  1  0.50000000  0.99538000  0.74669800  1
  Li  Li1  1  0.50000000  0.00028300  0.25583100  1
  Li  Li2  1  0.00000000  0.74514900  0.74169800  1
  Li  Li3  1  0.00000000  0.74537300  0.26216100  1
  Li  Li4  1  0.50000000  0.49773700  0.73751100  1
  Li  Li5  1  0.50000000  0.50549200  0.25984100  1
  Li  Li6  1  0.00000000  0.26245500  0.74010400  1
  Li  Li7  1  0.00000000  0.25179800  0.25497500  1
  Li  Li8  1  0.00000000  0.49870300  0.50406900  1
  Mn  Mn9  1  0.00000000  0.00137800  0.00006900  1
  Mn  Mn10  1  0.50000000  0.25581400  0.50449800  1
  Co  Co11  1  0.00000000  0.99501700  0.49893100  1
  Co  Co12  1  0.50000000  0.74382700  0.99946500  1
  Co  Co13  1  0.50000000  0.73498700  0.49192800  1
  Co  Co14  1  0.00000000  0.49466100  0.00046500  1
  Co  Co15  1  0.50000000  0.25708500  0.99990200  1
  O  O16  1  0.50000000  0.10845700  0.88737700  1
  O  O17  1  0.50000000  0.12542500  0.38937000  1
  O  O18  1  0.00000000  0.87559800  0.89037100  1
  O  O19  1  0.00000000  0.87090700  0.38633700  1
  O  O20  1  0.50000000  0.62121000  0.88552700  1
  O  O21  1  0.50000000  0.63511700  0.37762100  1
  O  O22  1  0.00000000  0.37113200  0.88102100  1
  O  O23  1  0.00000000  0.36081700  0.39128400  1
  O  O24  1  0.50000000  0.88339900  0.61327400  1
  O  O25  1  0.50000000  0.88942200  0.11117600  1
  O  O26  1  0.00000000  0.63664000  0.61364400  1
  O  O27  1  0.00000000  0.63528400  0.11430700  1
  O  O28  1  0.50000000  0.36190800  0.61700400  1
  O  O29  1  0.50000000  0.38215900  0.12154400  1
  O  O30  1  0.00000000  0.13414200  0.61153400  1
  O  O31  1  0.00000000  0.12324200  0.11046100  1
",Rotate all surrounding atoms within 2.738431465014632 angstrom of the center atom at index 9 by 56.402768827632585 degree around the axis [0. 0. 1.] in the cif file. The rotation should following the right-hand rule.,"<cif>
# generated using pymatgen
data_Li9Mn2Co5O16
_symmetry_space_group_name_H-M   'P 1'
_cell_length_a   2.90557000
_cell_length_b   10.22991800
_cell_length_c   10.32855450
_cell_angle_alpha   70.06105042
_cell_angle_beta   90.00000000
_cell_angle_gamma   90.00000000
_symmetry_Int_Tables_number   1
_chemical_formula_structural   Li9Mn2Co5O16
_chemical_formula_sum   'Li9 Mn2 Co5 O16'
_cell_volume   288.60045186
_cell_formula_units_Z   1
loop_
 _symmetry_equiv_pos_site_id
 _symmetry_equiv_pos_as_xyz
  1  'x, y, z'
loop_
 _atom_site_type_symbol
 _atom_site_label
 _atom_site_symmetry_multiplicity
 _atom_site_fract_x
 _atom_site_fract_y
 _atom_site_fract_z
 _atom_site_occupancy
  Li  Li0  1  0.50000000  0.99538000  0.74669800  1
  Li  Li1  1  0.50000000  0.00028300  0.25583100  1
  Li  Li2  1  0.00000000  0.74514900  0.74169800  1
  Li  Li3  1  0.00000000  0.74537300  0.26216100  1
  Li  Li4  1  0.50000000  0.49773700  0.73751100  1
  Li  Li5  1  0.50000000  0.50549200  0.25984100  1
  Li  Li6  1  0.00000000  0.26245500  0.74010400  1
  Li  Li7  1  0.00000000  0.25179800  0.25497500  1
  Li  Li8  1  0.00000000  0.49870300  0.50406900  1
  Mn  Mn9  1  0.00000000  0.00137800  0.00006900  1
  Mn  Mn10  1  0.50000000  0.25581400  0.50449800  1
  Co  Co11  1  0.00000000  0.99501700  0.49893100  1
  Co  Co12  1  0.50000000  0.74382700  0.99946500  1
  Co  Co13  1  0.50000000  0.73498700  0.49192800  1
  Co  Co14  1  0.00000000  0.49466100  0.00046500  1
  Co  Co15  1  0.50000000  0.25708500  0.99990200  1
  O  O16  1  0.52255500  0.95977800  0.88736700  1
  O  O17  1  0.50000000  0.12542500  0.38937000  1
  O  O18  1  0.47995800  0.94868800  0.89025400  1
  O  O19  1  0.00000000  0.87090700  0.38633700  1
  O  O20  1  0.50000000  0.62121000  0.88552700  1
  O  O21  1  0.50000000  0.63511700  0.37762100  1
  O  O22  1  0.00000000  0.37113200  0.88102100  1
  O  O23  1  0.00000000  0.36081700  0.39128400  1
  O  O24  1  0.50000000  0.88339900  0.61327400  1
  O  O25  1  0.93936700  0.80397800  0.11112000  1
  O  O26  1  0.00000000  0.63664000  0.61364400  1
  O  O27  1  0.00000000  0.63528400  0.11430700  1
  O  O28  1  0.50000000  0.36190800  0.61700400  1
  O  O29  1  0.50000000  0.38215900  0.12154400  1
  O  O30  1  0.00000000  0.13414200  0.61153400  1
  O  O31  1  0.53114000  0.05182000  0.11048500  1
</cif>
","data_image0
_chemical_formula_structural       Li9Mn2Co5O16
_chemical_formula_sum              ""Li9 Mn2 Co5 O16""
_cell_length_a       2.90557
_cell_length_b       10.229918
_cell_length_c       10.3285545
_cell_angle_alpha    70.06105041999999
_cell_angle_beta     90.0
_cell_angle_gamma    90.0

_space_group_name_H-M_alt    ""P 1""
_space_group_IT_number       1

loop_
  _space_group_symop_operation_xyz
  'x, y, z'

loop_
  _atom_site_type_symbol
  _atom_site_label
  _atom_site_symmetry_multiplicity
  _atom_site_fract_x
  _atom_site_fract_y
  _atom_site_fract_z
  _atom_site_occupancy
  Li  Li1       1.0  0.5  0.9953799999999999  0.746698  1.0000
  Li  Li2       1.0  0.5  0.00028299999999999793  0.255831  1.0000
  Li  Li3       1.0  0.0  0.745149  0.741698  1.0000
  Li  Li4       1.0  0.0  0.7453729999999998  0.262161  1.0000
  Li  Li5       1.0  0.5  0.497737  0.737511  1.0000
  Li  Li6       1.0  0.5  0.505492  0.259841  1.0000
  Li  Li7       1.0  0.0  0.26245500000000005  0.7401039999999999  1.0000
  Li  Li8       1.0  0.0  0.251798  0.254975  1.0000
  Li  Li9       1.0  0.0  0.4987030000000001  0.5040689999999999  1.0000
  Mn  Mn1       1.0  0.0  0.001378  6.9e-05  1.0000
  Mn  Mn2       1.0  0.5  0.255814  0.504498  1.0000
  Co  Co1       1.0  0.0  0.995017  0.498931  1.0000
  Co  Co2       1.0  0.5  0.743827  0.9994649999999999  1.0000
  Co  Co3       1.0  0.5  0.734987  0.4919279999999999  1.0000
  Co  Co4       1.0  0.0  0.49466099999999996  0.000465  1.0000
  Co  Co5       1.0  0.5  0.25708500000000006  0.9999019999999998  1.0000
  O   O1        1.0  0.06671211311896896  0.04246611780515521  0.887377  1.0000
  O   O2        1.0  0.5  0.12542499999999998  0.38937  1.0000
  O   O3        1.0  0.5372652864511092  0.3482144163076483  0.8903709999999999  1.0000
  O   O4        1.0  0.0  0.870907  0.38633699999999993  1.0000
  O   O5        1.0  0.5  0.62121  0.885527  1.0000
  O   O6        1.0  0.5  0.635117  0.377621  1.0000
  O   O7        1.0  0.0  0.371132  0.881021  1.0000
  O   O8        1.0  0.0  0.360817  0.391284  1.0000
  O   O9        1.0  0.5  0.883399  0.613274  1.0000
  O   O10       1.0  0.5601748632110533  0.5939815412281021  0.111176  1.0000
  O   O11       1.0  0.0  0.6366399999999999  0.613644  1.0000
  O   O12       1.0  0.0  0.635284  0.114307  1.0000
  O   O13       1.0  0.5  0.361908  0.6170039999999999  1.0000
  O   O14       1.0  0.5  0.382159  0.12154399999999999  1.0000
  O   O15       1.0  0.0  0.134142  0.611534  1.0000
  O   O16       1.0  0.5311509563870548  0.05183506031621716  0.11046099999999999  1.0000
"
"# generated using pymatgen
data_Li9Mn2Co5O16
_symmetry_space_group_name_H-M   'P 1'
_cell_length_a   6.60674540
_cell_length_b   6.60674540
_cell_length_c   15.41892274
_cell_angle_alpha   88.10155948
_cell_angle_beta   88.10155948
_cell_angle_gamma   25.58860747
_symmetry_Int_Tables_number   1
_chemical_formula_structural   Li9Mn2Co5O16
_chemical_formula_sum   'Li9 Mn2 Co5 O16'
_cell_volume   290.51468565
_cell_formula_units_Z   1
loop_
 _symmetry_equiv_pos_site_id
 _symmetry_equiv_pos_as_xyz
  1  'x, y, z'
loop_
 _atom_site_type_symbol
 _atom_site_label
 _atom_site_symmetry_multiplicity
 _atom_site_fract_x
 _atom_site_fract_y
 _atom_site_fract_z
 _atom_site_occupancy
  Li  Li0  1  0.69024600  0.69024600  0.93240900  1
  Li  Li1  1  0.06842400  0.06842400  0.80424300  1
  Li  Li2  1  0.43515800  0.43515800  0.68188700  1
  Li  Li3  1  0.30893200  0.30893200  0.06473900  1
  Li  Li4  1  0.93732800  0.93732800  0.19152500  1
  Li  Li5  1  0.56225500  0.56225500  0.31652600  1
  Li  Li6  1  0.81197600  0.81197600  0.56536400  1
  Li  Li7  1  0.18686300  0.18686300  0.44026400  1
  Li  Li8  1  0.74687800  0.74687800  0.74960900  1
  Mn  Mn9  1  0.00008500  0.00008500  0.99960400  1
  Mn  Mn10  1  0.36645800  0.36645800  0.87113500  1
  Co  Co11  1  0.13456500  0.13456500  0.63134700  1
  Co  Co12  1  0.50474400  0.50474400  0.50342600  1
  Co  Co13  1  0.87858500  0.87858500  0.37676200  1
  Co  Co14  1  0.25125700  0.25125700  0.25190200  1
  Co  Co15  1  0.62811500  0.62811500  0.12698100  1
  O  O16  1  0.52090200  0.52090200  0.91506400  1
  O  O17  1  0.90251000  0.90251000  0.79468000  1
  O  O18  1  0.27057900  0.27057900  0.65203800  1
  O  O19  1  0.15197200  0.15197200  0.03815900  1
  O  O20  1  0.77748500  0.77748500  0.16121700  1
  O  O21  1  0.40216100  0.40216100  0.28478700  1
  O  O22  1  0.64686400  0.64686400  0.53327100  1
  O  O23  1  0.02669400  0.02669500  0.40996800  1
  O  O24  1  0.84825900  0.84825900  0.95963200  1
  O  O25  1  0.22912600  0.22912600  0.84810000  1
  O  O26  1  0.59266600  0.59266600  0.71191700  1
  O  O27  1  0.47241300  0.47241300  0.08380300  1
  O  O28  1  0.09770900  0.09770900  0.21127800  1
  O  O29  1  0.72464600  0.72464600  0.33631700  1
  O  O30  1  0.97292700  0.97292700  0.58877100  1
  O  O31  1  0.35121600  0.35121600  0.46327500  1
",Rotate all surrounding atoms within 2.5823572581180247 angstrom of the center atom at index 21 by 291.55612819234193 degree around the axis [0. 0. 1.] in the cif file. The rotation should following the right-hand rule.,"<cif>
# generated using pymatgen
data_Li9Mn2Co5O16
_symmetry_space_group_name_H-M   'P 1'
_cell_length_a   6.60674540
_cell_length_b   6.60674540
_cell_length_c   15.41892274
_cell_angle_alpha   88.10155948
_cell_angle_beta   88.10155948
_cell_angle_gamma   25.58860747
_symmetry_Int_Tables_number   1
_chemical_formula_structural   Li9Mn2Co5O16
_chemical_formula_sum   'Li9 Mn2 Co5 O16'
_cell_volume   290.51468565
_cell_formula_units_Z   1
loop_
 _symmetry_equiv_pos_site_id
 _symmetry_equiv_pos_as_xyz
  1  'x, y, z'
loop_
 _atom_site_type_symbol
 _atom_site_label
 _atom_site_symmetry_multiplicity
 _atom_site_fract_x
 _atom_site_fract_y
 _atom_site_fract_z
 _atom_site_occupancy
  Li  Li0  1  0.69024600  0.69024600  0.93240900  1
  Li  Li1  1  0.06842400  0.06842400  0.80424300  1
  Li  Li2  1  0.43515800  0.43515800  0.68188700  1
  Li  Li3  1  0.30893200  0.30893200  0.06473900  1
  Li  Li4  1  0.93732800  0.93732800  0.19152500  1
  Li  Li5  1  0.12105100  0.79929100  0.31652600  1
  Li  Li6  1  0.81197600  0.81197600  0.56536400  1
  Li  Li7  1  0.18686300  0.18686300  0.44026400  1
  Li  Li8  1  0.74687800  0.74687800  0.74960900  1
  Mn  Mn9  1  0.00008500  0.00008500  0.99960400  1
  Mn  Mn10  1  0.36645800  0.36645800  0.87113500  1
  Co  Co11  1  0.13456500  0.13456500  0.63134700  1
  Co  Co12  1  0.50474400  0.50474400  0.50342600  1
  Co  Co13  1  0.87858500  0.87858500  0.37676200  1
  Co  Co14  1  0.72413100  0.97103100  0.25190200  1
  Co  Co15  1  0.62811500  0.62811500  0.12698100  1
  O  O16  1  0.52090200  0.52090200  0.91506400  1
  O  O17  1  0.90251000  0.90251000  0.79468000  1
  O  O18  1  0.27057900  0.27057900  0.65203800  1
  O  O19  1  0.15197200  0.15197200  0.03815900  1
  O  O20  1  0.77748500  0.77748500  0.16121700  1
  O  O21  1  0.40216100  0.40216100  0.28478700  1
  O  O22  1  0.64686400  0.64686400  0.53327100  1
  O  O23  1  0.02669400  0.02669500  0.40996800  1
  O  O24  1  0.84825900  0.84825900  0.95963200  1
  O  O25  1  0.22912600  0.22912600  0.84810000  1
  O  O26  1  0.59266600  0.59266600  0.71191700  1
  O  O27  1  0.47241300  0.47241300  0.08380300  1
  O  O28  1  0.09770900  0.09770900  0.21127800  1
  O  O29  1  0.72464600  0.72464600  0.33631700  1
  O  O30  1  0.97292700  0.97292700  0.58877100  1
  O  O31  1  0.35121600  0.35121600  0.46327500  1
</cif>
","data_image0
_chemical_formula_structural       Li9Mn2Co5O16
_chemical_formula_sum              ""Li9 Mn2 Co5 O16""
_cell_length_a       6.6067454
_cell_length_b       6.6067454
_cell_length_c       15.418922739999998
_cell_angle_alpha    88.10155948
_cell_angle_beta     88.10155948
_cell_angle_gamma    25.588607469999985

_space_group_name_H-M_alt    ""P 1""
_space_group_IT_number       1

loop_
  _space_group_symop_operation_xyz
  'x, y, z'

loop_
  _atom_site_type_symbol
  _atom_site_label
  _atom_site_symmetry_multiplicity
  _atom_site_fract_x
  _atom_site_fract_y
  _atom_site_fract_z
  _atom_site_occupancy
  Li  Li1       1.0  0.6902460000000005  0.690246  0.932409  1.0000
  Li  Li2       1.0  0.068424  0.068424  0.804243  1.0000
  Li  Li3       1.0  0.43515800000000004  0.435158  0.681887  1.0000
  Li  Li4       1.0  0.308932  0.308932  0.064739  1.0000
  Li  Li5       1.0  0.777462875689702  0.42490972743481903  0.191525  1.0000
  Li  Li6       1.0  0.12112259164291195  0.7992081343935465  0.316526  1.0000
  Li  Li7       1.0  0.8119759999999999  0.811976  0.565364  1.0000
  Li  Li8       1.0  0.186863  0.186863  0.440264  1.0000
  Li  Li9       1.0  0.7468780000000002  0.746878  0.749609  1.0000
  Mn  Mn1       1.0  8.499999999999368e-05  8.499999999999423e-05  0.9996040000000002  1.0000
  Mn  Mn2       1.0  0.36645800000000006  0.366458  0.871135  1.0000
  Co  Co1       1.0  0.134565  0.134565  0.6313470000000002  1.0000
  Co  Co2       1.0  0.504744  0.504744  0.503426  1.0000
  Co  Co3       1.0  0.5413712792655843  0.6083086813515037  0.376762  1.0000
  Co  Co4       1.0  0.7240527143570541  0.971072540764398  0.251902  1.0000
  Co  Co5       1.0  0.628115  0.628115  0.126981  1.0000
  O   O1        1.0  0.5209020000000003  0.5209019999999998  0.915064  1.0000
  O   O2        1.0  0.9025100000000005  0.90251  0.79468  1.0000
  O   O3        1.0  0.2705790000000001  0.270579  0.652038  1.0000
  O   O4        1.0  0.151972  0.151972  0.03815900000000001  1.0000
  O   O5        1.0  0.7774850000000004  0.777485  0.161217  1.0000
  O   O6        1.0  0.40216100000000005  0.40216099999999994  0.284787  1.0000
  O   O7        1.0  0.6468639999999999  0.646864  0.533271  1.0000
  O   O8        1.0  0.026694  0.026695  0.4099680000000001  1.0000
  O   O9        1.0  0.8482590000000002  0.848259  0.9596320000000003  1.0000
  O   O10       1.0  0.22912599999999997  0.229126  0.8481  1.0000
  O   O11       1.0  0.592666  0.592666  0.711917  1.0000
  O   O12       1.0  0.4724130000000001  0.472413  0.083803  1.0000
  O   O13       1.0  0.09770900000000002  0.097709  0.211278  1.0000
  O   O14       1.0  0.7246460000000005  0.7246459999999999  0.336317  1.0000
  O   O15       1.0  0.9729270000000004  0.972927  0.588771  1.0000
  O   O16       1.0  0.3512159999999999  0.35121600000000003  0.463275  1.0000
"
"# generated using pymatgen
data_Li9Mn2Co5O16
_symmetry_space_group_name_H-M   'P 1'
_cell_length_a   6.65725959
_cell_length_b   6.65725959
_cell_length_c   15.31258289
_cell_angle_alpha   87.55643628
_cell_angle_beta   87.55643628
_cell_angle_gamma   25.11513067
_symmetry_Int_Tables_number   1
_chemical_formula_structural   Li9Mn2Co5O16
_chemical_formula_sum   'Li9 Mn2 Co5 O16'
_cell_volume   287.76604929
_cell_formula_units_Z   1
loop_
 _symmetry_equiv_pos_site_id
 _symmetry_equiv_pos_as_xyz
  1  'x, y, z'
loop_
 _atom_site_type_symbol
 _atom_site_label
 _atom_site_symmetry_multiplicity
 _atom_site_fract_x
 _atom_site_fract_y
 _atom_site_fract_z
 _atom_site_occupancy
  Li  Li0  1  0.69255900  0.69255900  0.93272800  1
  Li  Li1  1  0.05955000  0.05955000  0.81256200  1
  Li  Li2  1  0.43492000  0.43492000  0.69487000  1
  Li  Li3  1  0.31387900  0.31387900  0.05946700  1
  Li  Li4  1  0.93446400  0.93446400  0.18465400  1
  Li  Li5  1  0.56405900  0.56405900  0.30927100  1
  Li  Li6  1  0.81286600  0.81286600  0.56832600  1
  Li  Li7  1  0.18895000  0.18895000  0.43504200  1
  Li  Li8  1  0.37387100  0.37387100  0.87630400  1
  Mn  Mn9  1  0.99155200  0.99155200  0.99834600  1
  Mn  Mn10  1  0.50231400  0.50231400  0.49875500  1
  Co  Co11  1  0.76420000  0.76420000  0.75794400  1
  Co  Co12  1  0.12900600  0.12900600  0.63128500  1
  Co  Co13  1  0.87424600  0.87424600  0.37339400  1
  Co  Co14  1  0.25026500  0.25026500  0.24928300  1
  Co  Co15  1  0.62432000  0.62432000  0.12420900  1
  O  O16  1  0.52850200  0.52850200  0.91906900  1
  O  O17  1  0.89884500  0.89884500  0.77731700  1
  O  O18  1  0.27474000  0.27474000  0.65903200  1
  O  O19  1  0.14270500  0.14270500  0.04028200  1
  O  O20  1  0.77743900  0.77743900  0.16408100  1
  O  O21  1  0.40169300  0.40169300  0.28769800  1
  O  O22  1  0.64436200  0.64436200  0.53441300  1
  O  O23  1  0.03120700  0.03120700  0.41667100  1
  O  O24  1  0.85535100  0.85535100  0.97265800  1
  O  O25  1  0.21775600  0.21775600  0.83649400  1
  O  O26  1  0.59612300  0.59612300  0.71009400  1
  O  O27  1  0.47076700  0.47076700  0.08479600  1
  O  O28  1  0.09827800  0.09827800  0.20830900  1
  O  O29  1  0.71954900  0.71954900  0.33824800  1
  O  O30  1  0.97297900  0.97297900  0.58083700  1
  O  O31  1  0.35868500  0.35868500  0.46356300  1
",Rotate all surrounding atoms within 2.428980050016671 angstrom of the center atom at index 14 by 121.39345689333692 degree around the axis [0. 0. 1.] in the cif file. The rotation should following the right-hand rule.,"<cif>
# generated using pymatgen
data_Li9Mn2Co5O16
_symmetry_space_group_name_H-M   'P 1'
_cell_length_a   6.65725959
_cell_length_b   6.65725959
_cell_length_c   15.31258289
_cell_angle_alpha   87.55643628
_cell_angle_beta   87.55643628
_cell_angle_gamma   25.11513067
_symmetry_Int_Tables_number   1
_chemical_formula_structural   Li9Mn2Co5O16
_chemical_formula_sum   'Li9 Mn2 Co5 O16'
_cell_volume   287.76604929
_cell_formula_units_Z   1
loop_
 _symmetry_equiv_pos_site_id
 _symmetry_equiv_pos_as_xyz
  1  'x, y, z'
loop_
 _atom_site_type_symbol
 _atom_site_label
 _atom_site_symmetry_multiplicity
 _atom_site_fract_x
 _atom_site_fract_y
 _atom_site_fract_z
 _atom_site_occupancy
  Li  Li0  1  0.69255900  0.69255900  0.93272800  1
  Li  Li1  1  0.05955000  0.05955000  0.81256200  1
  Li  Li2  1  0.43492000  0.43492000  0.69487000  1
  Li  Li3  1  0.31387900  0.31387900  0.05946700  1
  Li  Li4  1  0.93446400  0.93446400  0.18465400  1
  Li  Li5  1  0.56405900  0.56405900  0.30927100  1
  Li  Li6  1  0.81286600  0.81286600  0.56832600  1
  Li  Li7  1  0.18895000  0.18895000  0.43504200  1
  Li  Li8  1  0.37387100  0.37387100  0.87630400  1
  Mn  Mn9  1  0.99155200  0.99155200  0.99834600  1
  Mn  Mn10  1  0.50231400  0.50231400  0.49875500  1
  Co  Co11  1  0.76420000  0.76420000  0.75794400  1
  Co  Co12  1  0.12900600  0.12900600  0.63128500  1
  Co  Co13  1  0.87424600  0.87424600  0.37339400  1
  Co  Co14  1  0.25026500  0.25026500  0.24928300  1
  Co  Co15  1  0.62432000  0.62432000  0.12420900  1
  O  O16  1  0.52850200  0.52850200  0.91906900  1
  O  O17  1  0.89884500  0.89884500  0.77731700  1
  O  O18  1  0.27474000  0.27474000  0.65903200  1
  O  O19  1  0.14270500  0.14270500  0.04028200  1
  O  O20  1  0.77743900  0.77743900  0.16408100  1
  O  O21  1  0.58030000  0.75790000  0.28770000  1
  O  O22  1  0.64436200  0.64436200  0.53441300  1
  O  O23  1  0.03120700  0.03120700  0.41667100  1
  O  O24  1  0.85535100  0.85535100  0.97265800  1
  O  O25  1  0.21775600  0.21775600  0.83649400  1
  O  O26  1  0.59612300  0.59612300  0.71009400  1
  O  O27  1  0.47076700  0.47076700  0.08479600  1
  O  O28  1  0.92450000  0.74150000  0.20840000  1
  O  O29  1  0.71954900  0.71954900  0.33824800  1
  O  O30  1  0.97297900  0.97297900  0.58083700  1
  O  O31  1  0.35868500  0.35868500  0.46356300  1
</cif>
","data_image0
_chemical_formula_structural       Li9Mn2Co5O16
_chemical_formula_sum              ""Li9 Mn2 Co5 O16""
_cell_length_a       6.65725959
_cell_length_b       6.65725959
_cell_length_c       15.31258289
_cell_angle_alpha    87.55643628000001
_cell_angle_beta     87.55643628000001
_cell_angle_gamma    25.115130669999996

_space_group_name_H-M_alt    ""P 1""
_space_group_IT_number       1

loop_
  _space_group_symop_operation_xyz
  'x, y, z'

loop_
  _atom_site_type_symbol
  _atom_site_label
  _atom_site_symmetry_multiplicity
  _atom_site_fract_x
  _atom_site_fract_y
  _atom_site_fract_z
  _atom_site_occupancy
  Li  Li1       1.0  0.692559  0.692559  0.9327280000000002  1.0000
  Li  Li2       1.0  0.059549999999999985  0.05954999999999999  0.8125620000000002  1.0000
  Li  Li3       1.0  0.43492  0.4349199999999999  0.69487  1.0000
  Li  Li4       1.0  0.3138790000000003  0.313879  0.05946700000000001  1.0000
  Li  Li5       1.0  0.9344640000000002  0.9344639999999999  0.18465400000000004  1.0000
  Li  Li6       1.0  0.564059  0.564059  0.309271  1.0000
  Li  Li7       1.0  0.812866  0.812866  0.5683260000000002  1.0000
  Li  Li8       1.0  0.1889499999999999  0.18895  0.4350420000000001  1.0000
  Li  Li9       1.0  0.37387100000000006  0.373871  0.876304  1.0000
  Mn  Mn1       1.0  0.9915519999999997  0.991552  0.9983460000000002  1.0000
  Mn  Mn2       1.0  0.5023140000000001  0.5023139999999999  0.498755  1.0000
  Co  Co1       1.0  0.7641999999999999  0.7642  0.7579440000000002  1.0000
  Co  Co2       1.0  0.12900600000000004  0.129006  0.631285  1.0000
  Co  Co3       1.0  0.8742460000000001  0.874246  0.3733940000000001  1.0000
  Co  Co4       1.0  0.2502650000000001  0.250265  0.24928300000000006  1.0000
  Co  Co5       1.0  0.6243200000000001  0.62432  0.12420900000000003  1.0000
  O   O1        1.0  0.528502  0.528502  0.919069  1.0000
  O   O2        1.0  0.8988450000000001  0.898845  0.7773170000000001  1.0000
  O   O3        1.0  0.2747400000000001  0.27474  0.659032  1.0000
  O   O4        1.0  0.142705  0.142705  0.04028200000000001  1.0000
  O   O5        1.0  0.978910654722045  0.9857351625128823  0.16408100000000006  1.0000
  O   O6        1.0  0.580504162750942  0.7562505382220762  0.2876980000000001  1.0000
  O   O7        1.0  0.6443620000000001  0.6443619999999998  0.5344130000000002  1.0000
  O   O8        1.0  0.031206999999999995  0.031206999999999985  0.4166710000000001  1.0000
  O   O9        1.0  0.8553510000000001  0.855351  0.972658  1.0000
  O   O10       1.0  0.21775599999999987  0.217756  0.8364940000000002  1.0000
  O   O11       1.0  0.596123  0.596123  0.7100940000000002  1.0000
  O   O12       1.0  0.470767  0.470767  0.08479600000000002  1.0000
  O   O13       1.0  0.9231642184757147  0.7421240757505836  0.20830900000000005  1.0000
  O   O14       1.0  0.18292659112591303  0.8147643218524294  0.3382480000000001  1.0000
  O   O15       1.0  0.9729790000000001  0.9729789999999999  0.580837  1.0000
  O   O16       1.0  0.358685  0.358685  0.46356300000000006  1.0000
"
"# generated using pymatgen
data_Mg5Si6
_symmetry_space_group_name_H-M   'P 1'
_cell_length_a   4.31435700
_cell_length_b   6.91384432
_cell_length_c   7.57154759
_cell_angle_alpha   109.73979041
_cell_angle_beta   105.75632712
_cell_angle_gamma   92.59140044
_symmetry_Int_Tables_number   1
_chemical_formula_structural   Mg5Si6
_chemical_formula_sum   'Mg5 Si6'
_cell_volume   202.23997263
_cell_formula_units_Z   1
loop_
 _symmetry_equiv_pos_site_id
 _symmetry_equiv_pos_as_xyz
  1  'x, y, z'
loop_
 _atom_site_type_symbol
 _atom_site_label
 _atom_site_symmetry_multiplicity
 _atom_site_fract_x
 _atom_site_fract_y
 _atom_site_fract_z
 _atom_site_occupancy
  Mg  Mg0  1  0.50000000  0.50000000  0.50000000  1
  Mg  Mg1  1  0.14598900  0.43077200  0.80865800  1
  Mg  Mg2  1  0.85401100  0.56922800  0.19134200  1
  Mg  Mg3  1  0.08630500  0.87508700  0.66065600  1
  Mg  Mg4  1  0.91369500  0.12491300  0.33934400  1
  Si  Si5  1  0.46215400  0.82894100  0.38419500  1
  Si  Si6  1  0.53784600  0.17105900  0.61580500  1
  Si  Si7  1  0.30918500  0.23854100  0.10675900  1
  Si  Si8  1  0.27999300  0.86938600  0.07096500  1
  Si  Si9  1  0.69081500  0.76145900  0.89324100  1
  Si  Si10  1  0.72000700  0.13061400  0.92903500  1
",Rotate all surrounding atoms within 3.4217948720358837 angstrom of the center atom at index 1 by 133.57552982471398 degree around the axis [0. 0. 1.] in the cif file. The rotation should following the right-hand rule.,"<cif>
# generated using pymatgen
data_Mg5Si6
_symmetry_space_group_name_H-M   'P 1'
_cell_length_a   4.31435700
_cell_length_b   6.91384432
_cell_length_c   7.57154759
_cell_angle_alpha   109.73979041
_cell_angle_beta   105.75632712
_cell_angle_gamma   92.59140044
_symmetry_Int_Tables_number   1
_chemical_formula_structural   Mg5Si6
_chemical_formula_sum   'Mg5 Si6'
_cell_volume   202.23997263
_cell_formula_units_Z   1
loop_
 _symmetry_equiv_pos_site_id
 _symmetry_equiv_pos_as_xyz
  1  'x, y, z'
loop_
 _atom_site_type_symbol
 _atom_site_label
 _atom_site_symmetry_multiplicity
 _atom_site_fract_x
 _atom_site_fract_y
 _atom_site_fract_z
 _atom_site_occupancy
  Mg  Mg0  1  0.43752300  0.40726700  0.50000000  1
  Mg  Mg1  1  0.14598900  0.43077200  0.80865800  1
  Mg  Mg2  1  0.85401100  0.56922800  0.19134200  1
  Mg  Mg3  1  0.08630500  0.87508700  0.66065600  1
  Mg  Mg4  1  0.91369500  0.12491300  0.33934400  1
  Si  Si5  1  0.46215400  0.82894100  0.38419500  1
  Si  Si6  1  0.94349000  0.71216000  0.61580500  1
  Si  Si7  1  0.30918500  0.23854100  0.10675900  1
  Si  Si8  1  0.27999300  0.86938600  0.07096500  1
  Si  Si9  1  0.51224000  0.47529000  0.89324100  1
  Si  Si10  1  0.72000700  0.13061400  0.92903500  1
</cif>
","data_image0
_chemical_formula_structural       Mg5Si6
_chemical_formula_sum              ""Mg5 Si6""
_cell_length_a       4.314357
_cell_length_b       6.913844319999999
_cell_length_c       7.57154759
_cell_angle_alpha    109.73979041
_cell_angle_beta     105.75632712
_cell_angle_gamma    92.59140043999999

_space_group_name_H-M_alt    ""P 1""
_space_group_IT_number       1

loop_
  _space_group_symop_operation_xyz
  'x, y, z'

loop_
  _atom_site_type_symbol
  _atom_site_label
  _atom_site_symmetry_multiplicity
  _atom_site_fract_x
  _atom_site_fract_y
  _atom_site_fract_z
  _atom_site_occupancy
  Mg  Mg1       1.0  0.4374436755659624  0.407271163043212  0.4999999999999999  1.0000
  Mg  Mg2       1.0  0.14598899999999998  0.4307719999999998  0.8086579999999998  1.0000
  Mg  Mg3       1.0  0.7288983511319242  0.3837703260864239  0.19134199999999998  1.0000
  Mg  Mg4       1.0  0.08630499999999988  0.8750869999999997  0.6606559999999998  1.0000
  Mg  Mg5       1.0  0.39580686040517066  0.7957364557577388  0.33934400000000003  1.0000
  Si  Si1       1.0  0.46215399999999995  0.8289409999999999  0.3841949999999999  1.0000
  Si  Si2       1.0  0.9433321589654191  0.712094893859008  0.615805  1.0000
  Si  Si3       1.0  0.3624707597282909  0.33935947510552594  0.10675899999999985  1.0000
  Si  Si4       1.0  0.6026077389932671  0.8551096699040748  0.07096499999999996  1.0000
  Si  Si5       1.0  0.5124165914036336  0.47518285098089785  0.893241  1.0000
  Si  Si6       1.0  0.2722796121386573  0.959432656182349  0.9290349999999998  1.0000
"
"# generated using pymatgen
data_Y5O4F7
_symmetry_space_group_name_H-M   'P 1'
_cell_length_a   10.02437500
_cell_length_b   7.82757836
_cell_length_c   6.86105145
_cell_angle_alpha   108.37964015
_cell_angle_beta   90.00000000
_cell_angle_gamma   90.00000000
_symmetry_Int_Tables_number   1
_chemical_formula_structural   Y5O4F7
_chemical_formula_sum   'Y10 O8 F14'
_cell_volume   510.90032519
_cell_formula_units_Z   2
loop_
 _symmetry_equiv_pos_site_id
 _symmetry_equiv_pos_as_xyz
  1  'x, y, z'
loop_
 _atom_site_type_symbol
 _atom_site_label
 _atom_site_symmetry_multiplicity
 _atom_site_fract_x
 _atom_site_fract_y
 _atom_site_fract_z
 _atom_site_occupancy
  Y  Y0  1  0.20369100  0.22074800  0.02097200  1
  Y  Y1  1  0.16049300  0.67105700  0.93931600  1
  Y  Y2  1  0.72481900  0.36726900  0.56463500  1
  Y  Y3  1  0.34713800  0.29676700  0.51486200  1
  Y  Y4  1  0.47799200  0.95045300  0.07325100  1
  Y  Y5  1  0.65286200  0.79676700  0.51486200  1
  Y  Y6  1  0.52200800  0.45045300  0.07325100  1
  Y  Y7  1  0.27518100  0.86726900  0.56463500  1
  Y  Y8  1  0.83950700  0.17105700  0.93931600  1
  Y  Y9  1  0.79630900  0.72074800  0.02097200  1
  O  O10  1  0.40653500  0.00023900  0.40605300  1
  O  O11  1  0.31211100  0.45404000  0.92808000  1
  O  O12  1  0.41339800  0.23913400  0.17009000  1
  O  O13  1  0.26738800  0.92162200  0.92406900  1
  O  O14  1  0.73261200  0.42162200  0.92406900  1
  O  O15  1  0.58660200  0.73913400  0.17009000  1
  O  O16  1  0.59346500  0.50023900  0.40605300  1
  O  O17  1  0.68788900  0.95404000  0.92808000  1
  F  F18  1  0.16122900  0.24895300  0.34225900  1
  F  F19  1  0.98774400  0.85981000  0.07756100  1
  F  F20  1  0.01776600  0.02584700  0.80303100  1
  F  F21  1  0.80764200  0.21740100  0.26973600  1
  F  F22  1  0.78637500  0.64939000  0.67136000  1
  F  F23  1  0.75540400  0.08683000  0.59947300  1
  F  F24  1  0.53165100  0.30063700  0.69525200  1
  F  F25  1  0.46834900  0.80063700  0.69525200  1
  F  F26  1  0.24459600  0.58683000  0.59947300  1
  F  F27  1  0.19235800  0.71740100  0.26973600  1
  F  F28  1  0.21362500  0.14939000  0.67136000  1
  F  F29  1  0.01225600  0.35981000  0.07756100  1
  F  F30  1  0.98223400  0.52584700  0.80303100  1
  F  F31  1  0.83877100  0.74895300  0.34225900  1
",Rotate all surrounding atoms within 2.9284968698002127 angstrom of the center atom at index 2 by 92.56789921925875 degree around the axis [0. 0. 1.] in the cif file. The rotation should following the right-hand rule.,"<cif>
# generated using pymatgen
data_Y5O4F7
_symmetry_space_group_name_H-M   'P 1'
_cell_length_a   10.02437500
_cell_length_b   7.82757836
_cell_length_c   6.86105145
_cell_angle_alpha   108.37964015
_cell_angle_beta   90.00000000
_cell_angle_gamma   90.00000000
_symmetry_Int_Tables_number   1
_chemical_formula_structural   Y5O4F7
_chemical_formula_sum   'Y10 O8 F14'
_cell_volume   510.90032519
_cell_formula_units_Z   2
loop_
 _symmetry_equiv_pos_site_id
 _symmetry_equiv_pos_as_xyz
  1  'x, y, z'
loop_
 _atom_site_type_symbol
 _atom_site_label
 _atom_site_symmetry_multiplicity
 _atom_site_fract_x
 _atom_site_fract_y
 _atom_site_fract_z
 _atom_site_occupancy
  Y  Y0  1  0.20369100  0.22074800  0.02097200  1
  Y  Y1  1  0.16049300  0.67105700  0.93931600  1
  Y  Y2  1  0.72481900  0.36726900  0.56463500  1
  Y  Y3  1  0.34713800  0.29676700  0.51486200  1
  Y  Y4  1  0.47799200  0.95045300  0.07325100  1
  Y  Y5  1  0.65286200  0.79676700  0.51486200  1
  Y  Y6  1  0.52200800  0.45045300  0.07325100  1
  Y  Y7  1  0.27518100  0.86726900  0.56463500  1
  Y  Y8  1  0.83950700  0.17105700  0.93931600  1
  Y  Y9  1  0.79630900  0.72074800  0.02097200  1
  O  O10  1  0.40653500  0.00023900  0.40605300  1
  O  O11  1  0.31211100  0.45404000  0.92808000  1
  O  O12  1  0.41339800  0.23913400  0.17009000  1
  O  O13  1  0.26738800  0.92162200  0.92406900  1
  O  O14  1  0.75995000  0.47890000  0.92406900  1
  O  O15  1  0.58660200  0.73913400  0.17009000  1
  O  O16  1  0.59260000  0.14730000  0.40605300  1
  O  O17  1  0.68788900  0.95404000  0.92808000  1
  F  F18  1  0.16122900  0.24895300  0.34225900  1
  F  F19  1  0.98774400  0.85981000  0.07756100  1
  F  F20  1  0.01776600  0.02584700  0.80303100  1
  F  F21  1  0.77399900  0.39450000  0.26973600  1
  F  F22  1  0.52520000  0.46440000  0.67136000  1
  F  F23  1  0.94970000  0.42900000  0.59947300  1
  F  F24  1  0.81390000  0.16100000  0.69525200  1
  F  F25  1  0.46834900  0.80063700  0.69525200  1
  F  F26  1  0.24459600  0.58683000  0.59947300  1
  F  F27  1  0.19235800  0.71740100  0.26973600  1
  F  F28  1  0.21362500  0.14939000  0.67136000  1
  F  F29  1  0.01225600  0.35981000  0.07756100  1
  F  F30  1  0.64130000  0.75880000  0.80303100  1
  F  F31  1  0.83877100  0.74895300  0.34225900  1
</cif>
","data_image0
_chemical_formula_structural       Y10O8F14
_chemical_formula_sum              ""Y10 O8 F14""
_cell_length_a       10.024375
_cell_length_b       7.82757836
_cell_length_c       6.86105145
_cell_angle_alpha    108.37964014999999
_cell_angle_beta     90.0
_cell_angle_gamma    90.0

_space_group_name_H-M_alt    ""P 1""
_space_group_IT_number       1

loop_
  _space_group_symop_operation_xyz
  'x, y, z'

loop_
  _atom_site_type_symbol
  _atom_site_label
  _atom_site_symmetry_multiplicity
  _atom_site_fract_x
  _atom_site_fract_y
  _atom_site_fract_z
  _atom_site_occupancy
  Y   Y1        1.0  0.20369100000000004  0.220748  0.020971999999999994  1.0000
  Y   Y2        1.0  0.160493  0.671057  0.939316  1.0000
  Y   Y3        1.0  0.724819  0.367269  0.564635  1.0000
  Y   Y4        1.0  0.347138  0.2967669999999999  0.514862  1.0000
  Y   Y5        1.0  0.47799200000000003  0.9504529999999998  0.073251  1.0000
  Y   Y6        1.0  0.652862  0.796767  0.514862  1.0000
  Y   Y7        1.0  0.522008  0.4504529999999999  0.073251  1.0000
  Y   Y8        1.0  0.275181  0.8672689999999997  0.564635  1.0000
  Y   Y9        1.0  0.839507  0.17105700000000001  0.939316  1.0000
  Y   Y10       1.0  0.796309  0.7207479999999998  0.020971999999999994  1.0000
  O   O1        1.0  0.40653500000000004  0.00023900000000000177  0.406053  1.0000
  O   O2        1.0  0.3121110000000001  0.45403999999999983  0.9280799999999998  1.0000
  O   O3        1.0  0.41339800000000004  0.23913399999999996  0.17008999999999994  1.0000
  O   O4        1.0  0.267388  0.9216219999999997  0.924069  1.0000
  O   O5        1.0  0.759562611907386  0.4785942844496561  0.924069  1.0000
  O   O6        1.0  0.5866020000000001  0.739134  0.17008999999999994  1.0000
  O   O7        1.0  0.5927887529511064  0.1474699013444828  0.406053  1.0000
  O   O8        1.0  0.687889  0.9540399999999998  0.9280799999999998  1.0000
  F   F1        1.0  0.161229  0.24895299999999995  0.342259  1.0000
  F   F2        1.0  0.9877440000000001  0.8598099999999997  0.077561  1.0000
  F   F3        1.0  0.017766000000000004  0.02584699999999991  0.8030309999999999  1.0000
  F   F4        1.0  0.7744372959033246  0.39478896873417907  0.2697359999999999  1.0000
  F   F5        1.0  0.5249961537880635  0.4641994608593992  0.67136  1.0000
  F   F6        1.0  0.9497217267161828  0.4290227320295802  0.599473  1.0000
  F   F7        1.0  0.8136114966009464  0.16083952665693851  0.6952519999999998  1.0000
  F   F8        1.0  0.468349  0.8006369999999998  0.6952519999999998  1.0000
  F   F9        1.0  0.244596  0.58683  0.599473  1.0000
  F   F10       1.0  0.192358  0.717401  0.269736  1.0000
  F   F11       1.0  0.21362500000000004  0.14938999999999994  0.67136  1.0000
  F   F12       1.0  0.012256  0.35981  0.077561  1.0000
  F   F13       1.0  0.982234  0.5258469999999997  0.8030309999999999  1.0000
  F   F14       1.0  0.838771  0.7489529999999998  0.342259  1.0000
"
"# generated using pymatgen
data_V9(P2O7)8
_symmetry_space_group_name_H-M   'P 1'
_cell_length_a   10.82904230
_cell_length_b   9.82320788
_cell_length_c   12.93460720
_cell_angle_alpha   83.04192040
_cell_angle_beta   65.91705177
_cell_angle_gamma   109.48196845
_symmetry_Int_Tables_number   1
_chemical_formula_structural   V9(P2O7)8
_chemical_formula_sum   'V9 P16 O56'
_cell_volume   1130.11613222
_cell_formula_units_Z   1
loop_
 _symmetry_equiv_pos_site_id
 _symmetry_equiv_pos_as_xyz
  1  'x, y, z'
loop_
 _atom_site_type_symbol
 _atom_site_label
 _atom_site_symmetry_multiplicity
 _atom_site_fract_x
 _atom_site_fract_y
 _atom_site_fract_z
 _atom_site_occupancy
  V  V0  1  0.06021500  0.05470100  0.18673300  1
  V  V1  1  0.20588300  0.80964500  0.57292800  1
  V  V2  1  0.43753300  0.44620900  0.29871400  1
  V  V3  1  0.29293200  0.69990800  0.93232400  1
  V  V4  1  0.50000000  0.50000000  0.50000000  1
  V  V5  1  0.70706800  0.30009200  0.06767600  1
  V  V6  1  0.56246700  0.55379100  0.70128600  1
  V  V7  1  0.79411700  0.19035500  0.42707200  1
  V  V8  1  0.93978500  0.94529900  0.81326700  1
  P  P9  1  0.05237500  0.73148600  0.17103400  1
  P  P10  1  0.08986000  0.27317000  0.37090300  1
  P  P11  1  0.26562600  0.95875700  0.77017900  1
  P  P12  1  0.19207300  0.14093000  0.52420400  1
  P  P13  1  0.45145100  0.76480900  0.34144800  1
  P  P14  1  0.23109200  0.53823600  0.72910200  1
  P  P15  1  0.40652500  0.21832100  0.13261900  1
  P  P16  1  0.68532400  0.62763400  0.01475200  1
  P  P17  1  0.31467600  0.37236600  0.98524800  1
  P  P18  1  0.59347500  0.78167900  0.86738100  1
  P  P19  1  0.76890800  0.46176400  0.27089800  1
  P  P20  1  0.54854900  0.23519100  0.65855200  1
  P  P21  1  0.80792700  0.85907000  0.47579600  1
  P  P22  1  0.73437400  0.04124300  0.22982100  1
  P  P23  1  0.91014000  0.72683100  0.62909700  1
  P  P24  1  0.94762500  0.26851400  0.82896600  1
  O  O25  1  0.07690600  0.89463200  0.12045400  1
  O  O26  1  0.12703900  0.67957900  0.05659700  1
  O  O27  1  0.09173100  0.69436000  0.26292300  1
  O  O28  1  0.04782000  0.70504800  0.54249600  1
  O  O29  1  0.03079700  0.20310500  0.28990500  1
  O  O30  1  0.17748200  0.22163900  0.03792800  1
  O  O31  1  0.27894200  0.50650900  0.00915000  1
  O  O32  1  0.10859500  0.94463800  0.83758500  1
  O  O33  1  0.23871700  0.41024100  0.30984900  1
  O  O34  1  0.10535100  0.14691900  0.44815600  1
  O  O35  1  0.40528100  0.76212300  0.24976600  1
  O  O36  1  0.18122400  0.60775400  0.65156400  1
  O  O37  1  0.40598900  0.35779100  0.05471400  1
  O  O38  1  0.08570500  0.10789500  0.65371800  1
  O  O39  1  0.25142700  0.09139800  0.19464400  1
  O  O40  1  0.37759300  0.82791100  0.44239600  1
  O  O41  1  0.28363400  0.88686400  0.66695400  1
  O  O42  1  0.12443800  0.36345300  0.78949500  1
  O  O43  1  0.23260300  0.61031900  0.82611600  1
  O  O44  1  0.43997600  0.60424400  0.39972300  1
  O  O45  1  0.58570600  0.59858500  0.14707900  1
  O  O46  1  0.32573700  0.30104100  0.47294600  1
  O  O47  1  0.24234800  0.01589200  0.49481000  1
  O  O48  1  0.32336100  0.89588900  0.84494000  1
  O  O49  1  0.53584000  0.18385200  0.05089200  1
  O  O50  1  0.46391800  0.28430700  0.21608300  1
  O  O51  1  0.62914800  0.86550000  0.29276300  1
  O  O52  1  0.38825300  0.53983000  0.65380600  1
  O  O53  1  0.61174700  0.46017000  0.34619400  1
  O  O54  1  0.37085200  0.13450000  0.70723700  1
  O  O55  1  0.53608200  0.71569300  0.78391700  1
  O  O56  1  0.46416000  0.81614800  0.94910800  1
  O  O57  1  0.67663900  0.10411100  0.15506000  1
  O  O58  1  0.75765200  0.98410800  0.50519000  1
  O  O59  1  0.67426300  0.69895900  0.52705400  1
  O  O60  1  0.41429400  0.40141500  0.85292100  1
  O  O61  1  0.56002400  0.39575600  0.60027700  1
  O  O62  1  0.76739700  0.38968100  0.17388400  1
  O  O63  1  0.87556200  0.63654700  0.21050500  1
  O  O64  1  0.71636600  0.11313600  0.33304600  1
  O  O65  1  0.62240700  0.17208900  0.55760400  1
  O  O66  1  0.74857300  0.90860200  0.80535600  1
  O  O67  1  0.91429500  0.89210500  0.34628200  1
  O  O68  1  0.59401100  0.64220900  0.94528600  1
  O  O69  1  0.81877600  0.39224600  0.34843600  1
  O  O70  1  0.59471900  0.23787700  0.75023400  1
  O  O71  1  0.89464900  0.85308100  0.55184400  1
  O  O72  1  0.76128300  0.58975900  0.69015100  1
  O  O73  1  0.89140500  0.05536200  0.16241500  1
  O  O74  1  0.72105800  0.49349100  0.99085000  1
  O  O75  1  0.82251800  0.77836100  0.96207200  1
  O  O76  1  0.96920300  0.79689500  0.71009500  1
  O  O77  1  0.95218000  0.29495200  0.45750400  1
  O  O78  1  0.90826900  0.30564000  0.73707700  1
  O  O79  1  0.87296100  0.32042100  0.94340300  1
  O  O80  1  0.92309400  0.10536800  0.87954600  1
",Rotate all surrounding atoms within 2.781610384999836 angstrom of the center atom at index 2 by 113.1441761455919 degree around the axis [ 0. -1.  0.] in the cif file. The rotation should following the right-hand rule.,"<cif>
# generated using pymatgen
data_V9(P2O7)8
_symmetry_space_group_name_H-M   'P 1'
_cell_length_a   10.82904230
_cell_length_b   9.82320788
_cell_length_c   12.93460720
_cell_angle_alpha   83.04192040
_cell_angle_beta   65.91705177
_cell_angle_gamma   109.48196845
_symmetry_Int_Tables_number   1
_chemical_formula_structural   V9(P2O7)8
_chemical_formula_sum   'V9 P16 O56'
_cell_volume   1130.11613222
_cell_formula_units_Z   1
loop_
 _symmetry_equiv_pos_site_id
 _symmetry_equiv_pos_as_xyz
  1  'x, y, z'
loop_
 _atom_site_type_symbol
 _atom_site_label
 _atom_site_symmetry_multiplicity
 _atom_site_fract_x
 _atom_site_fract_y
 _atom_site_fract_z
 _atom_site_occupancy
  V  V0  1  0.06021500  0.05470100  0.18673300  1
  V  V1  1  0.20588300  0.80964500  0.57292800  1
  V  V2  1  0.43753300  0.44620900  0.29871400  1
  V  V3  1  0.29293200  0.69990800  0.93232400  1
  V  V4  1  0.50000000  0.50000000  0.50000000  1
  V  V5  1  0.70706800  0.30009200  0.06767600  1
  V  V6  1  0.56246700  0.55379100  0.70128600  1
  V  V7  1  0.79411700  0.19035500  0.42707200  1
  V  V8  1  0.93978500  0.94529900  0.81326700  1
  P  P9  1  0.05237500  0.73148600  0.17103400  1
  P  P10  1  0.08986000  0.27317000  0.37090300  1
  P  P11  1  0.26562600  0.95875700  0.77017900  1
  P  P12  1  0.19207300  0.14093000  0.52420400  1
  P  P13  1  0.45145100  0.76480900  0.34144800  1
  P  P14  1  0.23109200  0.53823600  0.72910200  1
  P  P15  1  0.40652500  0.21832100  0.13261900  1
  P  P16  1  0.68532400  0.62763400  0.01475200  1
  P  P17  1  0.31467600  0.37236600  0.98524800  1
  P  P18  1  0.59347500  0.78167900  0.86738100  1
  P  P19  1  0.76890800  0.46176400  0.27089800  1
  P  P20  1  0.54854900  0.23519100  0.65855200  1
  P  P21  1  0.80792700  0.85907000  0.47579600  1
  P  P22  1  0.73437400  0.04124300  0.22982100  1
  P  P23  1  0.91014000  0.72683100  0.62909700  1
  P  P24  1  0.94762500  0.26851400  0.82896600  1
  O  O25  1  0.07690600  0.89463200  0.12045400  1
  O  O26  1  0.12703900  0.67957900  0.05659700  1
  O  O27  1  0.09173100  0.69436000  0.26292300  1
  O  O28  1  0.04782000  0.70504800  0.54249600  1
  O  O29  1  0.03079700  0.20310500  0.28990500  1
  O  O30  1  0.17748200  0.22163900  0.03792800  1
  O  O31  1  0.27894200  0.50650900  0.00915000  1
  O  O32  1  0.10859500  0.94463800  0.83758500  1
  O  O33  1  0.58910600  0.47755800  0.13310000  1
  O  O34  1  0.10535100  0.14691900  0.44815600  1
  O  O35  1  0.40528100  0.76212300  0.24976600  1
  O  O36  1  0.18122400  0.60775400  0.65156400  1
  O  O37  1  0.40598900  0.35779100  0.05471400  1
  O  O38  1  0.08570500  0.10789500  0.65371800  1
  O  O39  1  0.25142700  0.09139800  0.19464400  1
  O  O40  1  0.37759300  0.82791100  0.44239600  1
  O  O41  1  0.28363400  0.88686400  0.66695400  1
  O  O42  1  0.12443800  0.36345300  0.78949500  1
  O  O43  1  0.23260300  0.61031900  0.82611600  1
  O  O44  1  0.42104700  0.65710700  0.26251700  1
  O  O45  1  0.54969500  0.50848200  0.38270100  1
  O  O46  1  0.32573700  0.30104100  0.47294600  1
  O  O47  1  0.24234800  0.01589200  0.49481000  1
  O  O48  1  0.32336100  0.89588900  0.84494000  1
  O  O49  1  0.53584000  0.18385200  0.05089200  1
  O  O50  1  0.40664000  0.22887600  0.36153000  1
  O  O51  1  0.62914800  0.86550000  0.29276300  1
  O  O52  1  0.38825300  0.53983000  0.65380600  1
  O  O53  1  0.23399800  0.42056000  0.45080000  1
  O  O54  1  0.37085200  0.13450000  0.70723700  1
  O  O55  1  0.53608200  0.71569300  0.78391700  1
  O  O56  1  0.46416000  0.81614800  0.94910800  1
  O  O57  1  0.67663900  0.10411100  0.15506000  1
  O  O58  1  0.75765200  0.98410800  0.50519000  1
  O  O59  1  0.67426300  0.69895900  0.52705400  1
  O  O60  1  0.41429400  0.40141500  0.85292100  1
  O  O61  1  0.56002400  0.39575600  0.60027700  1
  O  O62  1  0.76739700  0.38968100  0.17388400  1
  O  O63  1  0.87556200  0.63654700  0.21050500  1
  O  O64  1  0.71636600  0.11313600  0.33304600  1
  O  O65  1  0.62240700  0.17208900  0.55760400  1
  O  O66  1  0.74857300  0.90860200  0.80535600  1
  O  O67  1  0.91429500  0.89210500  0.34628200  1
  O  O68  1  0.59401100  0.64220900  0.94528600  1
  O  O69  1  0.81877600  0.39224600  0.34843600  1
  O  O70  1  0.59471900  0.23787700  0.75023400  1
  O  O71  1  0.89464900  0.85308100  0.55184400  1
  O  O72  1  0.76128300  0.58975900  0.69015100  1
  O  O73  1  0.89140500  0.05536200  0.16241500  1
  O  O74  1  0.72105800  0.49349100  0.99085000  1
  O  O75  1  0.82251800  0.77836100  0.96207200  1
  O  O76  1  0.96920300  0.79689500  0.71009500  1
  O  O77  1  0.95218000  0.29495200  0.45750400  1
  O  O78  1  0.90826900  0.30564000  0.73707700  1
  O  O79  1  0.87296100  0.32042100  0.94340300  1
  O  O80  1  0.92309400  0.10536800  0.87954600  1
</cif>
","data_image0
_chemical_formula_structural       V9P16O56
_chemical_formula_sum              ""V9 P16 O56""
_cell_length_a       10.8290423
_cell_length_b       9.82320788
_cell_length_c       12.9346072
_cell_angle_alpha    83.0419204
_cell_angle_beta     65.91705177
_cell_angle_gamma    109.48196844999998

_space_group_name_H-M_alt    ""P 1""
_space_group_IT_number       1

loop_
  _space_group_symop_operation_xyz
  'x, y, z'

loop_
  _atom_site_type_symbol
  _atom_site_label
  _atom_site_symmetry_multiplicity
  _atom_site_fract_x
  _atom_site_fract_y
  _atom_site_fract_z
  _atom_site_occupancy
  V   V1        1.0  0.06021499999999999  0.05470099999999999  0.186733  1.0000
  V   V2        1.0  0.205883  0.809645  0.572928  1.0000
  V   V3        1.0  0.43753299999999995  0.446209  0.298714  1.0000
  V   V4        1.0  0.292932  0.6999080000000001  0.9323239999999998  1.0000
  V   V5        1.0  0.5  0.5  0.5  1.0000
  V   V6        1.0  0.707068  0.300092  0.067676  1.0000
  V   V7        1.0  0.5624669999999998  0.553791  0.7012859999999999  1.0000
  V   V8        1.0  0.794117  0.190355  0.42707199999999995  1.0000
  V   V9        1.0  0.939785  0.9452990000000002  0.8132669999999999  1.0000
  P   P1        1.0  0.052374999999999984  0.731486  0.171034  1.0000
  P   P2        1.0  0.08986000000000008  0.27317000000000013  0.37090299999999987  1.0000
  P   P3        1.0  0.265626  0.9587570000000001  0.7701789999999998  1.0000
  P   P4        1.0  0.19207300000000002  0.14093000000000003  0.524204  1.0000
  P   P5        1.0  0.45145100000000005  0.7648090000000001  0.341448  1.0000
  P   P6        1.0  0.23109200000000002  0.538236  0.729102  1.0000
  P   P7        1.0  0.40652499999999997  0.218321  0.132619  1.0000
  P   P8        1.0  0.685324  0.627634  0.014751999999999998  1.0000
  P   P9        1.0  0.314676  0.372366  0.985248  1.0000
  P   P10       1.0  0.593475  0.781679  0.8673809999999998  1.0000
  P   P11       1.0  0.768908  0.46176400000000006  0.270898  1.0000
  P   P12       1.0  0.5485489999999997  0.23519100000000004  0.658552  1.0000
  P   P13       1.0  0.8079270000000002  0.8590699999999999  0.47579599999999994  1.0000
  P   P14       1.0  0.7343740000000001  0.04124300000000001  0.229821  1.0000
  P   P15       1.0  0.91014  0.726831  0.629097  1.0000
  P   P16       1.0  0.9476249999999999  0.26851400000000014  0.8289659999999998  1.0000
  O   O1        1.0  0.07690600000000002  0.8946320000000001  0.120454  1.0000
  O   O2        1.0  0.127039  0.679579  0.056597  1.0000
  O   O3        1.0  0.09173099999999998  0.69436  0.262923  1.0000
  O   O4        1.0  0.04782000000000003  0.7050480000000001  0.542496  1.0000
  O   O5        1.0  0.03079699999999999  0.203105  0.289905  1.0000
  O   O6        1.0  0.177482  0.221639  0.037928  1.0000
  O   O7        1.0  0.278942  0.506509  0.00915  1.0000
  O   O8        1.0  0.10859499999999994  0.9446380000000001  0.837585  1.0000
  O   O9        1.0  0.5888471486618106  0.47761154434132835  0.13307020989884796  1.0000
  O   O10       1.0  0.10535100000000006  0.14691900000000002  0.44815599999999994  1.0000
  O   O11       1.0  0.405281  0.762123  0.24976599999999996  1.0000
  O   O12       1.0  0.18122399999999997  0.6077540000000001  0.651564  1.0000
  O   O13       1.0  0.405989  0.357791  0.054714  1.0000
  O   O14       1.0  0.08570499999999999  0.10789499999999999  0.653718  1.0000
  O   O15       1.0  0.251427  0.09139800000000001  0.19464399999999998  1.0000
  O   O16       1.0  0.3775929999999999  0.827911  0.442396  1.0000
  O   O17       1.0  0.283634  0.886864  0.666954  1.0000
  O   O18       1.0  0.12443800000000005  0.363453  0.789495  1.0000
  O   O19       1.0  0.232603  0.610319  0.826116  1.0000
  O   O20       1.0  0.4206878063804887  0.6565675562864256  0.262427167458691  1.0000
  O   O21       1.0  0.5492525756071489  0.5085980329157048  0.38320277369905453  1.0000
  O   O22       1.0  0.27248331450148033  0.38780006523612937  0.24529216800711637  1.0000
  O   O23       1.0  0.2423479999999999  0.015891999999999996  0.49481  1.0000
  O   O24       1.0  0.323361  0.895889  0.84494  1.0000
  O   O25       1.0  0.5358399999999999  0.183852  0.050892  1.0000
  O   O26       1.0  0.40603817124952585  0.22862200483497508  0.3621991724059707  1.0000
  O   O27       1.0  0.629148  0.8655  0.29276299999999994  1.0000
  O   O28       1.0  0.38825300000000007  0.53983  0.653806  1.0000
  O   O29       1.0  0.23428263392730725  0.42033974444623534  0.4507076929655894  1.0000
  O   O30       1.0  0.37085200000000007  0.13450000000000006  0.7072369999999999  1.0000
  O   O31       1.0  0.536082  0.715693  0.783917  1.0000
  O   O32       1.0  0.46416  0.8161480000000001  0.949108  1.0000
  O   O33       1.0  0.6766389999999999  0.104111  0.15506  1.0000
  O   O34       1.0  0.757652  0.9841080000000001  0.50519  1.0000
  O   O35       1.0  0.674263  0.6989590000000001  0.527054  1.0000
  O   O36       1.0  0.41429399999999994  0.40141499999999997  0.852921  1.0000
  O   O37       1.0  0.560024  0.395756  0.6002769999999998  1.0000
  O   O38       1.0  0.767397  0.38968099999999994  0.173884  1.0000
  O   O39       1.0  0.8755619999999998  0.636547  0.21050499999999994  1.0000
  O   O40       1.0  0.7163659999999998  0.113136  0.333046  1.0000
  O   O41       1.0  0.6224070000000003  0.17208900000000002  0.557604  1.0000
  O   O42       1.0  0.7485729999999999  0.9086020000000001  0.8053559999999998  1.0000
  O   O43       1.0  0.914295  0.892105  0.3462819999999999  1.0000
  O   O44       1.0  0.5940110000000003  0.642209  0.9452859999999997  1.0000
  O   O45       1.0  0.8187760000000002  0.39224600000000004  0.348436  1.0000
  O   O46       1.0  0.5947189999999999  0.23787700000000006  0.750234  1.0000
  O   O47       1.0  0.8946489999999998  0.853081  0.551844  1.0000
  O   O48       1.0  0.761283  0.589759  0.6901509999999998  1.0000
  O   O49       1.0  0.8914049999999999  0.05536200000000001  0.16241499999999998  1.0000
  O   O50       1.0  0.7210579999999998  0.493491  0.99085  1.0000
  O   O51       1.0  0.8225180000000003  0.778361  0.962072  1.0000
  O   O52       1.0  0.969203  0.7968949999999999  0.7100949999999999  1.0000
  O   O53       1.0  0.95218  0.294952  0.4575039999999999  1.0000
  O   O54       1.0  0.9082689999999999  0.30564  0.737077  1.0000
  O   O55       1.0  0.872961  0.32042100000000007  0.943403  1.0000
  O   O56       1.0  0.9230940000000002  0.10536799999999995  0.879546  1.0000
"
"# generated using pymatgen
data_Sb3(PO4)4
_symmetry_space_group_name_H-M   'P 1'
_cell_length_a   8.53184200
_cell_length_b   9.21016431
_cell_length_c   13.14453227
_cell_angle_alpha   92.23709222
_cell_angle_beta   90.43438657
_cell_angle_gamma   90.13433487
_symmetry_Int_Tables_number   1
_chemical_formula_structural   Sb3(PO4)4
_chemical_formula_sum   'Sb9 P12 O48'
_cell_volume   1032.07248569
_cell_formula_units_Z   3
loop_
 _symmetry_equiv_pos_site_id
 _symmetry_equiv_pos_as_xyz
  1  'x, y, z'
loop_
 _atom_site_type_symbol
 _atom_site_label
 _atom_site_symmetry_multiplicity
 _atom_site_fract_x
 _atom_site_fract_y
 _atom_site_fract_z
 _atom_site_occupancy
  Sb  Sb0  1  0.64148100  0.27410400  0.11767500  1
  Sb  Sb1  1  0.14441700  0.90472400  0.52494300  1
  Sb  Sb2  1  0.85052200  0.42331300  0.81708000  1
  Sb  Sb3  1  0.00641100  0.82724100  0.84296500  1
  Sb  Sb4  1  0.49333400  0.67989500  0.16690600  1
  Sb  Sb5  1  0.99326900  0.49564800  0.48743000  1
  Sb  Sb6  1  0.42956800  0.33140300  0.83502200  1
  Sb  Sb7  1  0.03936100  0.14676200  0.17400000  1
  Sb  Sb8  1  0.55204000  0.00996300  0.49041200  1
  P  P9  1  0.81599300  0.79389000  0.61606900  1
  P  P10  1  0.29531700  0.67621100  0.38428800  1
  P  P11  1  0.70423000  0.98162100  0.25509700  1
  P  P12  1  0.17613700  0.52841800  0.71367700  1
  P  P13  1  0.20533600  0.19481500  0.40453700  1
  P  P14  1  0.81658700  0.12919500  0.94001800  1
  P  P15  1  0.79797600  0.49541900  0.27239600  1
  P  P16  1  0.28941700  0.02168900  0.74503800  1
  P  P17  1  0.19303200  0.84700400  0.06243800  1
  P  P18  1  0.29106300  0.37010700  0.07015900  1
  P  P19  1  0.70119400  0.64960700  0.95149100  1
  P  P20  1  0.71102500  0.31426500  0.59129700  1
  O  O21  1  0.70218200  0.03363100  0.36930900  1
  O  O22  1  0.70862000  0.32223400  0.71526900  1
  O  O23  1  0.10944700  0.98095900  0.76416600  1
  O  O24  1  0.10905400  0.64996700  0.41167600  1
  O  O25  1  0.90875100  0.59151100  0.22381500  1
  O  O26  1  0.28862100  0.19332600  0.75618300  1
  O  O27  1  0.18575900  0.83000900  0.93957600  1
  O  O28  1  0.16663700  0.51254800  0.59585000  1
  O  O29  1  0.37684200  0.82801000  0.08765300  1
  O  O30  1  0.91394300  0.91451800  0.56248100  1
  O  O31  1  0.29394200  0.85150400  0.40711100  1
  O  O32  1  0.61512300  0.83165400  0.25120300  1
  O  O33  1  0.37223600  0.19073600  0.44401100  1
  O  O34  1  0.16699800  0.01898500  0.08051900  1
  O  O35  1  0.89250300  0.34111500  0.56606400  1
  O  O36  1  0.69053700  0.14529100  0.57370300  1
  O  O37  1  0.91167600  0.23214200  0.87123900  1
  O  O38  1  0.34473400  0.49804900  0.74917200  1
  O  O39  1  0.12690000  0.35176300  0.11710200  1
  O  O40  1  0.86559400  0.16783400  0.05429700  1
  O  O41  1  0.12251300  0.34665600  0.40934500  1
  O  O42  1  0.64832800  0.82258100  0.58404800  1
  O  O43  1  0.31438600  0.66652500  0.26523200  1
  O  O44  1  0.37393100  0.52211900  0.08428500  1
  O  O45  1  0.58881200  0.70432900  0.87703500  1
  O  O46  1  0.71374400  0.47208700  0.94862500  1
  O  O47  1  0.88123700  0.64089900  0.58401800  1
  O  O48  1  0.86999400  0.97268300  0.91529900  1
  O  O49  1  0.59351600  0.40936100  0.54742500  1
  O  O50  1  0.88715700  0.67949400  0.92351500  1
  O  O51  1  0.09208500  0.09151900  0.46370700  1
  O  O52  1  0.67420300  0.68876800  0.06742900  1
  O  O53  1  0.87694800  0.97375000  0.22119000  1
  O  O54  1  0.41457100  0.94722000  0.79925500  1
  O  O55  1  0.80910000  0.50033200  0.39445600  1
  O  O56  1  0.08411900  0.75227800  0.11402000  1
  O  O57  1  0.40696700  0.59479000  0.44507700  1
  O  O58  1  0.39577000  0.25227700  0.11556500  1
  O  O59  1  0.12490100  0.68365000  0.74935000  1
  O  O60  1  0.61201100  0.52203400  0.24246600  1
  O  O61  1  0.27062900  0.34833600  0.95156400  1
  O  O62  1  0.60702200  0.08534800  0.18867500  1
  O  O63  1  0.64086900  0.15419900  0.93890600  1
  O  O64  1  0.83675900  0.81234600  0.73432600  1
  O  O65  1  0.07213000  0.41079300  0.76213000  1
  O  O66  1  0.80576700  0.32493800  0.24314000  1
  O  O67  1  0.20485800  0.14117100  0.29014500  1
  O  O68  1  0.30171700  0.99802300  0.62244700  1
",Rotate all surrounding atoms within 2.7858438131745675 angstrom of the center atom at index 44 by 294.74801113597545 degree around the axis [1. 0. 0.] in the cif file. The rotation should following the right-hand rule.,"<cif>
# generated using pymatgen
data_Sb3(PO4)4
_symmetry_space_group_name_H-M   'P 1'
_cell_length_a   8.53184200
_cell_length_b   9.21016431
_cell_length_c   13.14453227
_cell_angle_alpha   92.23709222
_cell_angle_beta   90.43438657
_cell_angle_gamma   90.13433487
_symmetry_Int_Tables_number   1
_chemical_formula_structural   Sb3(PO4)4
_chemical_formula_sum   'Sb9 P12 O48'
_cell_volume   1032.07248569
_cell_formula_units_Z   3
loop_
 _symmetry_equiv_pos_site_id
 _symmetry_equiv_pos_as_xyz
  1  'x, y, z'
loop_
 _atom_site_type_symbol
 _atom_site_label
 _atom_site_symmetry_multiplicity
 _atom_site_fract_x
 _atom_site_fract_y
 _atom_site_fract_z
 _atom_site_occupancy
  Sb  Sb0  1  0.64148100  0.27410400  0.11767500  1
  Sb  Sb1  1  0.14441700  0.90472400  0.52494300  1
  Sb  Sb2  1  0.85052200  0.42331300  0.81708000  1
  Sb  Sb3  1  0.00641100  0.82724100  0.84296500  1
  Sb  Sb4  1  0.49349600  0.54491500  0.21178200  1
  Sb  Sb5  1  0.99326900  0.49564800  0.48743000  1
  Sb  Sb6  1  0.42956800  0.33140300  0.83502200  1
  Sb  Sb7  1  0.03936100  0.14676200  0.17400000  1
  Sb  Sb8  1  0.55204000  0.00996300  0.49041200  1
  P  P9  1  0.81599300  0.79389000  0.61606900  1
  P  P10  1  0.29518600  0.82486000  0.31324400  1
  P  P11  1  0.70423000  0.98162100  0.25509700  1
  P  P12  1  0.17613700  0.52841800  0.71367700  1
  P  P13  1  0.20533600  0.19481500  0.40453700  1
  P  P14  1  0.81658700  0.12919500  0.94001800  1
  P  P15  1  0.79797600  0.49541900  0.27239600  1
  P  P16  1  0.28941700  0.02168900  0.74503800  1
  P  P17  1  0.19303200  0.84700400  0.06243800  1
  P  P18  1  0.29106300  0.37010700  0.07015900  1
  P  P19  1  0.70119400  0.64960700  0.95149100  1
  P  P20  1  0.71102500  0.31426500  0.59129700  1
  O  O21  1  0.70218200  0.03363100  0.36930900  1
  O  O22  1  0.70862000  0.32223400  0.71526900  1
  O  O23  1  0.10944700  0.98095900  0.76416600  1
  O  O24  1  0.10878700  0.84978000  0.34260000  1
  O  O25  1  0.90875100  0.59151100  0.22381500  1
  O  O26  1  0.28862100  0.19332600  0.75618300  1
  O  O27  1  0.18575900  0.83000900  0.93957600  1
  O  O28  1  0.16663700  0.51254800  0.59585000  1
  O  O29  1  0.37684200  0.82801000  0.08765300  1
  O  O30  1  0.91394300  0.91451800  0.56248100  1
  O  O31  1  0.29204900  0.92260000  0.21270000  1
  O  O32  1  0.61512300  0.83165400  0.25120300  1
  O  O33  1  0.37223600  0.19073600  0.44401100  1
  O  O34  1  0.16699800  0.01898500  0.08051900  1
  O  O35  1  0.89250300  0.34111500  0.56606400  1
  O  O36  1  0.69053700  0.14529100  0.57370300  1
  O  O37  1  0.91167600  0.23214200  0.87123900  1
  O  O38  1  0.34473400  0.49804900  0.74917200  1
  O  O39  1  0.12690000  0.35176300  0.11710200  1
  O  O40  1  0.86559400  0.16783400  0.05429700  1
  O  O41  1  0.12251300  0.34665600  0.40934500  1
  O  O42  1  0.64832800  0.82258100  0.58404800  1
  O  O43  1  0.31438600  0.66652500  0.26523200  1
  O  O44  1  0.37580000  0.37700000  0.27460000  1
  O  O45  1  0.58881200  0.70432900  0.87703500  1
  O  O46  1  0.71374400  0.47208700  0.94862500  1
  O  O47  1  0.88123700  0.64089900  0.58401800  1
  O  O48  1  0.86999400  0.97268300  0.91529900  1
  O  O49  1  0.59351600  0.40936100  0.54742500  1
  O  O50  1  0.88715700  0.67949400  0.92351500  1
  O  O51  1  0.09208500  0.09151900  0.46370700  1
  O  O52  1  0.67420300  0.68876800  0.06742900  1
  O  O53  1  0.87694800  0.97375000  0.22119000  1
  O  O54  1  0.41457100  0.94722000  0.79925500  1
  O  O55  1  0.80910000  0.50033200  0.39445600  1
  O  O56  1  0.08411900  0.75227800  0.11402000  1
  O  O57  1  0.40740000  0.87150000  0.39290000  1
  O  O58  1  0.39577000  0.25227700  0.11556500  1
  O  O59  1  0.12490100  0.68365000  0.74935000  1
  O  O60  1  0.61201100  0.52203400  0.24246600  1
  O  O61  1  0.27062900  0.34833600  0.95156400  1
  O  O62  1  0.60702200  0.08534800  0.18867500  1
  O  O63  1  0.64086900  0.15419900  0.93890600  1
  O  O64  1  0.83675900  0.81234600  0.73432600  1
  O  O65  1  0.07213000  0.41079300  0.76213000  1
  O  O66  1  0.80576700  0.32493800  0.24314000  1
  O  O67  1  0.20485800  0.14117100  0.29014500  1
  O  O68  1  0.30171700  0.99802300  0.62244700  1
</cif>
","data_image0
_chemical_formula_structural       Sb9P12O48
_chemical_formula_sum              ""Sb9 P12 O48""
_cell_length_a       8.531842
_cell_length_b       9.21016431
_cell_length_c       13.14453227
_cell_angle_alpha    92.23709222
_cell_angle_beta     90.43438656999999
_cell_angle_gamma    90.13433487000002

_space_group_name_H-M_alt    ""P 1""
_space_group_IT_number       1

loop_
  _space_group_symop_operation_xyz
  'x, y, z'

loop_
  _atom_site_type_symbol
  _atom_site_label
  _atom_site_symmetry_multiplicity
  _atom_site_fract_x
  _atom_site_fract_y
  _atom_site_fract_z
  _atom_site_occupancy
  Sb  Sb1       1.0  0.641481  0.274104  0.117675  1.0000
  Sb  Sb2       1.0  0.144417  0.904724  0.5249429999999999  1.0000
  Sb  Sb3       1.0  0.850522  0.423313  0.8170799999999998  1.0000
  Sb  Sb4       1.0  0.0064109999999999966  0.827241  0.8429649999999997  1.0000
  Sb  Sb5       1.0  0.49165851108997444  0.6897325601901564  0.021327909890259674  1.0000
  Sb  Sb6       1.0  0.993269  0.495648  0.48743  1.0000
  Sb  Sb7       1.0  0.429568  0.331403  0.8350219999999998  1.0000
  Sb  Sb8       1.0  0.03936099999999999  0.146762  0.17399999999999993  1.0000
  Sb  Sb9       1.0  0.55204  0.009962999999999996  0.4904119999999999  1.0000
  P   P1        1.0  0.8159929999999999  0.79389  0.616069  1.0000
  P   P2        1.0  0.295317  0.676211  0.3842879999999999  1.0000
  P   P3        1.0  0.7042299999999998  0.9816209999999999  0.255097  1.0000
  P   P4        1.0  0.17613699999999993  0.528418  0.7136769999999998  1.0000
  P   P5        1.0  0.205336  0.19481499999999996  0.404537  1.0000
  P   P6        1.0  0.816587  0.129195  0.9400179999999998  1.0000
  P   P7        1.0  0.797976  0.495419  0.27239599999999997  1.0000
  P   P8        1.0  0.289417  0.02168899999999999  0.7450379999999998  1.0000
  P   P9        1.0  0.193032  0.847004  0.06243799999999999  1.0000
  P   P10       1.0  0.2924747497400095  0.4455557703063948  0.17467648031772914  1.0000
  P   P11       1.0  0.701194  0.649607  0.9514909999999999  1.0000
  P   P12       1.0  0.711025  0.314265  0.591297  1.0000
  O   O1        1.0  0.702182  0.033630999999999994  0.3693089999999999  1.0000
  O   O2        1.0  0.70862  0.322234  0.7152689999999998  1.0000
  O   O3        1.0  0.109447  0.980959  0.764166  1.0000
  O   O4        1.0  0.109054  0.649967  0.41167599999999993  1.0000
  O   O5        1.0  0.908751  0.591511  0.22381499999999993  1.0000
  O   O6        1.0  0.288621  0.193326  0.7561829999999998  1.0000
  O   O7        1.0  0.185759  0.830009  0.9395759999999997  1.0000
  O   O8        1.0  0.166637  0.512548  0.5958499999999998  1.0000
  O   O9        1.0  0.376842  0.82801  0.08765299999999998  1.0000
  O   O10       1.0  0.913943  0.9145179999999999  0.5624809999999999  1.0000
  O   O11       1.0  0.293942  0.851504  0.4071109999999999  1.0000
  O   O12       1.0  0.615123  0.831654  0.251203  1.0000
  O   O13       1.0  0.372236  0.190736  0.444011  1.0000
  O   O14       1.0  0.166998  0.018985  0.08051899999999998  1.0000
  O   O15       1.0  0.892503  0.34111499999999995  0.5660639999999999  1.0000
  O   O16       1.0  0.690537  0.14529099999999998  0.5737029999999999  1.0000
  O   O17       1.0  0.911676  0.232142  0.871239  1.0000
  O   O18       1.0  0.344734  0.498049  0.7491719999999998  1.0000
  O   O19       1.0  0.12833163783005244  0.4994153207663052  0.20767642265025982  1.0000
  O   O20       1.0  0.865594  0.167834  0.054297  1.0000
  O   O21       1.0  0.122513  0.346656  0.409345  1.0000
  O   O22       1.0  0.648328  0.822581  0.5840479999999999  1.0000
  O   O23       1.0  0.31252669968098334  0.8121445193159771  0.07449440187751838  1.0000
  O   O24       1.0  0.37393099999999996  0.522119  0.08428499999999998  1.0000
  O   O25       1.0  0.588812  0.704329  0.8770349999999998  1.0000
  O   O26       1.0  0.7137439999999998  0.47208700000000003  0.9486249999999998  1.0000
  O   O27       1.0  0.881237  0.640899  0.5840179999999999  1.0000
  O   O28       1.0  0.869994  0.972683  0.9152989999999998  1.0000
  O   O29       1.0  0.593516  0.409361  0.547425  1.0000
  O   O30       1.0  0.887157  0.679494  0.9235149999999998  1.0000
  O   O31       1.0  0.092085  0.09151899999999999  0.46370699999999987  1.0000
  O   O32       1.0  0.674203  0.688768  0.067429  1.0000
  O   O33       1.0  0.8769479999999997  0.97375  0.22118999999999994  1.0000
  O   O34       1.0  0.414571  0.9472200000000001  0.7992549999999999  1.0000
  O   O35       1.0  0.8091  0.500332  0.394456  1.0000
  O   O36       1.0  0.084119  0.752278  0.11401999999999997  1.0000
  O   O37       1.0  0.40696699999999997  0.59479  0.4450769999999999  1.0000
  O   O38       1.0  0.3981017319247744  0.4593052537742235  0.27033450463368275  1.0000
  O   O39       1.0  0.12490100000000001  0.68365  0.74935  1.0000
  O   O40       1.0  0.612011  0.522034  0.242466  1.0000
  O   O41       1.0  0.2695103655325653  0.5804474113567968  0.588806588179225  1.0000
  O   O42       1.0  0.607022  0.085348  0.18867499999999995  1.0000
  O   O43       1.0  0.640869  0.154199  0.9389059999999999  1.0000
  O   O44       1.0  0.836759  0.812346  0.734326  1.0000
  O   O45       1.0  0.07213  0.410793  0.7621299999999999  1.0000
  O   O46       1.0  0.805767  0.324938  0.24313999999999994  1.0000
  O   O47       1.0  0.204858  0.141171  0.29014499999999993  1.0000
  O   O48       1.0  0.301717  0.998023  0.6224469999999998  1.0000
"
"# generated using pymatgen
data_NbFe7(PO4)12
_symmetry_space_group_name_H-M   'P 1'
_cell_length_a   8.80642100
_cell_length_b   8.83490697
_cell_length_c   12.30886837
_cell_angle_alpha   90.12726695
_cell_angle_beta   90.00015361
_cell_angle_gamma   90.17449645
_symmetry_Int_Tables_number   1
_chemical_formula_structural   NbFe7(PO4)12
_chemical_formula_sum   'Nb1 Fe7 P12 O48'
_cell_volume   957.67128631
_cell_formula_units_Z   1
loop_
 _symmetry_equiv_pos_site_id
 _symmetry_equiv_pos_as_xyz
  1  'x, y, z'
loop_
 _atom_site_type_symbol
 _atom_site_label
 _atom_site_symmetry_multiplicity
 _atom_site_fract_x
 _atom_site_fract_y
 _atom_site_fract_z
 _atom_site_occupancy
  Nb  Nb0  1  0.74709100  0.46513000  0.61813300  1
  Fe  Fe1  1  0.25062600  0.96411100  0.61918400  1
  Fe  Fe2  1  0.25253000  0.53286800  0.38244700  1
  Fe  Fe3  1  0.24844500  0.03490000  0.11879000  1
  Fe  Fe4  1  0.24956100  0.46461500  0.88168900  1
  Fe  Fe5  1  0.75098300  0.53760200  0.11906000  1
  Fe  Fe6  1  0.75210400  0.96332000  0.88081100  1
  Fe  Fe7  1  0.74999600  0.03841300  0.38065700  1
  P  P8  1  0.03443200  0.24785500  0.49854000  1
  P  P9  1  0.46960600  0.74967700  0.00044900  1
  P  P10  1  0.53094900  0.25046500  0.00078100  1
  P  P11  1  0.96869700  0.75117000  0.49867000  1
  P  P12  1  0.10812300  0.39379800  0.14415800  1
  P  P13  1  0.11030900  0.10638300  0.85624900  1
  P  P14  1  0.38504400  0.60532000  0.64585300  1
  P  P15  1  0.38874900  0.89421700  0.35539100  1
  P  P16  1  0.61018700  0.10270400  0.64402800  1
  P  P17  1  0.61028500  0.39394000  0.35262700  1
  P  P18  1  0.89200400  0.60940900  0.85824600  1
  P  P19  1  0.88951400  0.89464900  0.14477400  1
  O  O20  1  0.06529900  0.65452100  0.42223300  1
  O  O21  1  0.06581800  0.84018700  0.58060300  1
  O  O22  1  0.06371000  0.91107600  0.14370200  1
  O  O23  1  0.06457000  0.59055000  0.86150000  1
  O  O24  1  0.12827600  0.14257200  0.57034700  1
  O  O25  1  0.13976000  0.35136100  0.43397700  1
  O  O26  1  0.17888300  0.44644200  0.03631600  1
  O  O27  1  0.17688000  0.05530300  0.96582200  1
  O  O28  1  0.14775400  0.22643900  0.16372400  1
  O  O29  1  0.14769700  0.27457400  0.83722900  1
  O  O30  1  0.17342700  0.49512400  0.23381400  1
  O  O31  1  0.18272000  0.00548700  0.76900600  1
  O  O32  1  0.31999400  0.99691100  0.26855300  1
  O  O33  1  0.31152800  0.50459800  0.73115900  1
  O  O34  1  0.35537800  0.77434300  0.66446100  1
  O  O35  1  0.35047600  0.72663900  0.33474200  1
  O  O36  1  0.32913800  0.56007500  0.53231300  1
  O  O37  1  0.32313700  0.93989000  0.46669700  1
  O  O38  1  0.36533800  0.85204500  0.06818900  1
  O  O39  1  0.37106000  0.64476100  0.93021200  1
  O  O40  1  0.43623100  0.09215500  0.64025800  1
  O  O41  1  0.43759800  0.41307100  0.34725000  1
  O  O42  1  0.43313600  0.15626400  0.07926100  1
  O  O43  1  0.43556400  0.34218300  0.91949900  1
  O  O44  1  0.56543400  0.65831000  0.08173200  1
  O  O45  1  0.56744700  0.84318100  0.92161100  1
  O  O46  1  0.56104000  0.58104000  0.65091000  1
  O  O47  1  0.56232900  0.91348200  0.35791500  1
  O  O48  1  0.62869700  0.35500200  0.07182600  1
  O  O49  1  0.63530400  0.14793200  0.93315900  1
  O  O50  1  0.67684200  0.05897300  0.53331400  1
  O  O51  1  0.66702800  0.43717100  0.46870700  1
  O  O52  1  0.64963800  0.22731700  0.33126600  1
  O  O53  1  0.65208100  0.27279800  0.66587400  1
  O  O54  1  0.68926200  0.49867100  0.27145800  1
  O  O55  1  0.67677100  0.00274100  0.73262100  1
  O  O56  1  0.81879400  0.99626400  0.23183300  1
  O  O57  1  0.82708100  0.50789900  0.76418900  1
  O  O58  1  0.85298900  0.72671700  0.16511500  1
  O  O59  1  0.85352300  0.77459200  0.83343900  1
  O  O60  1  0.81900600  0.55612500  0.96401400  1
  O  O61  1  0.82496100  0.94274000  0.03402700  1
  O  O62  1  0.86037300  0.64694800  0.56492200  1
  O  O63  1  0.86923100  0.85751800  0.43166900  1
  O  O64  1  0.93655700  0.08939700  0.85751600  1
  O  O65  1  0.93425000  0.40862400  0.13853900  1
  O  O66  1  0.93771700  0.15585500  0.41823900  1
  O  O67  1  0.93103600  0.34358400  0.57470600  1
",Rotate all surrounding atoms within 2.9640370496390194 angstrom of the center atom at index 22 by 256.33038525623135 degree around the axis [-1.  0.  0.] in the cif file. The rotation should following the right-hand rule.,"<cif>
# generated using pymatgen
data_NbFe7(PO4)12
_symmetry_space_group_name_H-M   'P 1'
_cell_length_a   8.80642100
_cell_length_b   8.83490697
_cell_length_c   12.30886837
_cell_angle_alpha   90.12726695
_cell_angle_beta   90.00015361
_cell_angle_gamma   90.17449645
_symmetry_Int_Tables_number   1
_chemical_formula_structural   NbFe7(PO4)12
_chemical_formula_sum   'Nb1 Fe7 P12 O48'
_cell_volume   957.67128631
_cell_formula_units_Z   1
loop_
 _symmetry_equiv_pos_site_id
 _symmetry_equiv_pos_as_xyz
  1  'x, y, z'
loop_
 _atom_site_type_symbol
 _atom_site_label
 _atom_site_symmetry_multiplicity
 _atom_site_fract_x
 _atom_site_fract_y
 _atom_site_fract_z
 _atom_site_occupancy
  Nb  Nb0  1  0.74709100  0.46513000  0.61813300  1
  Fe  Fe1  1  0.25062600  0.96411100  0.61918400  1
  Fe  Fe2  1  0.25253000  0.53286800  0.38244700  1
  Fe  Fe3  1  0.24844500  0.73725700  0.52606300  1
  Fe  Fe4  1  0.24956100  0.46461500  0.88168900  1
  Fe  Fe5  1  0.75098300  0.53760200  0.11906000  1
  Fe  Fe6  1  0.75210400  0.96332000  0.88081100  1
  Fe  Fe7  1  0.74999600  0.03841300  0.38065700  1
  P   P8   1  0.03443200  0.24785500  0.49854000  1
  P   P9   1  0.46960600  0.74967700  0.00044900  1
  P   P10  1  0.53094900  0.25046500  0.00078100  1
  P   P11  1  0.96869700  0.75117000  0.49867000  1
  P   P12  1  0.10812300  0.39379800  0.14415800  1
  P   P13  1  0.11030900  0.10638300  0.85624900  1
  P   P14  1  0.38504400  0.60532000  0.64585300  1
  P   P15  1  0.38874900  0.89421700  0.35539100  1
  P   P16  1  0.61018700  0.10270400  0.64402800  1
  P   P17  1  0.61028500  0.39394000  0.35262700  1
  P   P18  1  0.89200400  0.60940900  0.85824600  1
  P   P19  1  0.88951400  0.90535300  0.13250100  1
  O   O20  1  0.06529900  0.65452100  0.42223300  1
  O   O21  1  0.06581800  0.84018700  0.58060300  1
  O   O22  1  0.06371000  0.91107600  0.14370200  1
  O   O23  1  0.06457000  0.59055000  0.86150000  1
  O   O24  1  0.12827600  0.14257200  0.57034700  1
  O   O25  1  0.13976000  0.35136100  0.43397700  1
  O   O26  1  0.17888300  0.44644200  0.03631600  1
  O   O27  1  0.17688000  0.59550000  0.74130000  1
  O   O28  1  0.14775400  0.72271000  0.67067000  1
  O   O29  1  0.14769700  0.27457400  0.83722900  1
  O   O30  1  0.17342700  0.49512400  0.23381400  1
  O   O31  1  0.18272000  0.00548700  0.76900600  1
  O   O32  1  0.31999400  0.76210000  0.23310000  1
  O   O33  1  0.31152800  0.50459800  0.73115900  1
  O   O34  1  0.35537800  0.77434300  0.66446100  1
  O   O35  1  0.35047600  0.72663900  0.33474200  1
  O   O36  1  0.32913800  0.56007500  0.53231300  1
  O   O37  1  0.32313700  0.93989000  0.46669700  1
  O   O38  1  0.36533800  0.99825000  0.08470000  1
  O   O39  1  0.37106000  0.64476100  0.93021200  1
  O   O40  1  0.43623100  0.09215500  0.64025800  1
  O   O41  1  0.43759800  0.41307100  0.34725000  1
  O   O42  1  0.43313600  0.15626400  0.07926100  1
  O   O43  1  0.43556400  0.34218300  0.91949900  1
  O   O44  1  0.56543400  0.65831000  0.08173200  1
  O   O45  1  0.56744700  0.84318100  0.92161100  1
  O   O46  1  0.56104000  0.58104000  0.65091000  1
  O   O47  1  0.56232900  0.91348200  0.35791500  1
  O   O48  1  0.62869700  0.35500200  0.07182600  1
  O   O49  1  0.63530400  0.14793200  0.93315900  1
  O   O50  1  0.67684200  0.05897300  0.53331400  1
  O   O51  1  0.66702800  0.43717100  0.46870700  1
  O   O52  1  0.64963800  0.22731700  0.33126600  1
  O   O53  1  0.65208100  0.27279800  0.66587400  1
  O   O54  1  0.68926200  0.49867100  0.27145800  1
  O   O55  1  0.67677100  0.00274100  0.73262100  1
  O   O56  1  0.81879400  0.81190000  0.22390000  1
  O   O57  1  0.82708100  0.50789900  0.76418900  1
  O   O58  1  0.85298900  0.83900000  0.02007000  1
  O   O59  1  0.85352300  0.77459200  0.83343900  1
  O   O60  1  0.81900600  0.55612500  0.96401400  1
  O   O61  1  0.82496100  0.06720000  0.13980000  1
  O   O62  1  0.86037300  0.64694800  0.56492200  1
  O   O63  1  0.86923100  0.85751800  0.43166900  1
  O   O64  1  0.93655700  0.08939700  0.85751600  1
  O   O65  1  0.93425000  0.40862400  0.13853900  1
  O   O66  1  0.93771700  0.15585500  0.41823900  1
  O   O67  1  0.93103600  0.34358400  0.57470600  1
</cif>","data_image0
_chemical_formula_structural       NbFe7P12O48
_chemical_formula_sum              ""Nb1 Fe7 P12 O48""
_cell_length_a       8.806421
_cell_length_b       8.83490697
_cell_length_c       12.308868369999999
_cell_angle_alpha    90.12726695
_cell_angle_beta     90.00015361
_cell_angle_gamma    90.17449645

_space_group_name_H-M_alt    ""P 1""
_space_group_IT_number       1

loop_
  _space_group_symop_operation_xyz
  'x, y, z'

loop_
  _atom_site_type_symbol
  _atom_site_label
  _atom_site_symmetry_multiplicity
  _atom_site_fract_x
  _atom_site_fract_y
  _atom_site_fract_z
  _atom_site_occupancy
  Nb  Nb1       1.0  0.747091  0.46513000000000004  0.618133  1.0000
  Fe  Fe1       1.0  0.2506259999999999  0.964111  0.619184  1.0000
  Fe  Fe2       1.0  0.25253  0.532868  0.38244700000000004  1.0000
  Fe  Fe3       1.0  0.2518497933207088  0.14997010042065573  0.5385672133536021  1.0000
  Fe  Fe4       1.0  0.24956099999999998  0.46461499999999994  0.881689  1.0000
  Fe  Fe5       1.0  0.750983  0.537602  0.11906  1.0000
  Fe  Fe6       1.0  0.752104  0.9633200000000001  0.880811  1.0000
  Fe  Fe7       1.0  0.749996  0.038413  0.380657  1.0000
  P   P1        1.0  0.03443199999999999  0.24785500000000002  0.49854  1.0000
  P   P2        1.0  0.469606  0.7496770000000003  0.000449  1.0000
  P   P3        1.0  0.5309489999999998  0.250465  0.000781  1.0000
  P   P4        1.0  0.968697  0.75117  0.49867  1.0000
  P   P5        1.0  0.108123  0.393798  0.144158  1.0000
  P   P6        1.0  0.110309  0.106383  0.856249  1.0000
  P   P7        1.0  0.385044  0.60532  0.645853  1.0000
  P   P8        1.0  0.388749  0.894217  0.355391  1.0000
  P   P9        1.0  0.610187  0.102704  0.644028  1.0000
  P   P10       1.0  0.610285  0.39394  0.352627  1.0000
  P   P11       1.0  0.892004  0.609409  0.858246  1.0000
  P   P12       1.0  0.8895714617436635  0.9134713956412903  0.13198958298593788  1.0000
  O   O1        1.0  0.065299  0.6545210000000001  0.42223299999999997  1.0000
  O   O2        1.0  0.06581799999999997  0.840187  0.580603  1.0000
  O   O3        1.0  0.06371  0.911076  0.143702  1.0000
  O   O4        1.0  0.06457  0.59055  0.8615000000000002  1.0000
  O   O5        1.0  0.128276  0.142572  0.570347  1.0000
  O   O6        1.0  0.13976  0.351361  0.433977  1.0000
  O   O7        1.0  0.178883  0.446442  0.036316  1.0000
  O   O8        1.0  0.17670044999188897  0.9985186320622559  0.35079576408687296  1.0000
  O   O9        1.0  0.1502509632481835  0.04428882995782124  0.6614373059442591  1.0000
  O   O10       1.0  0.147697  0.27457400000000004  0.837229  1.0000
  O   O11       1.0  0.173427  0.495124  0.233814  1.0000
  O   O12       1.0  0.18272  0.0054870000000000006  0.7690060000000001  1.0000
  O   O13       1.0  0.31915356035506354  0.7219588200583005  0.1737917178562857  1.0000
  O   O14       1.0  0.311528  0.5045980000000001  0.7311589999999999  1.0000
  O   O15       1.0  0.355378  0.774343  0.664461  1.0000
  O   O16       1.0  0.350476  0.726639  0.334742  1.0000
  O   O17       1.0  0.329138  0.560075  0.532313  1.0000
  O   O18       1.0  0.323137  0.93989  0.4666969999999999  1.0000
  O   O19       1.0  0.36587313305201763  0.027125069015408343  0.12054014462806283  1.0000
  O   O20       1.0  0.37106  0.644761  0.930212  1.0000
  O   O21       1.0  0.436231  0.092155  0.640258  1.0000
  O   O22       1.0  0.437598  0.413071  0.34725000000000006  1.0000
  O   O23       1.0  0.433136  0.156264  0.079261  1.0000
  O   O24       1.0  0.435564  0.342183  0.9194990000000001  1.0000
  O   O25       1.0  0.565434  0.65831  0.081732  1.0000
  O   O26       1.0  0.567447  0.843181  0.9216110000000001  1.0000
  O   O27       1.0  0.56104  0.58104  0.65091  1.0000
  O   O28       1.0  0.562329  0.9134820000000001  0.357915  1.0000
  O   O29       1.0  0.628697  0.35500200000000004  0.071826  1.0000
  O   O30       1.0  0.635304  0.147932  0.933159  1.0000
  O   O31       1.0  0.676842  0.05897299999999999  0.533314  1.0000
  O   O32       1.0  0.667028  0.437171  0.468707  1.0000
  O   O33       1.0  0.649638  0.22731699999999996  0.331266  1.0000
  O   O34       1.0  0.652081  0.272798  0.665874  1.0000
  O   O35       1.0  0.689262  0.49867100000000003  0.271458  1.0000
  O   O36       1.0  0.676771  0.0027409999999999995  0.732621  1.0000
  O   O37       1.0  0.8181080516108159  0.7718202082913774  0.1820975074182295  1.0000
  O   O38       1.0  0.827081  0.507899  0.764189  1.0000
  O   O39       1.0  0.8535950390195415  0.9252583857237636  0.010016978064124155  1.0000
  O   O40       1.0  0.8535229999999999  0.774592  0.833439  1.0000
  O   O41       1.0  0.8190059999999999  0.556125  0.964014  1.0000
  O   O42       1.0  0.8252958339563263  0.05213449393491021  0.19194100931728317  1.0000
  O   O43       1.0  0.8603729999999998  0.646948  0.564922  1.0000
  O   O44       1.0  0.869231  0.857518  0.431669  1.0000
  O   O45       1.0  0.936557  0.089397  0.857516  1.0000
  O   O46       1.0  0.9342499999999999  0.408624  0.138539  1.0000
  O   O47       1.0  0.937717  0.155855  0.418239  1.0000
  O   O48       1.0  0.9310359999999999  0.343584  0.574706  1.0000
"
"# generated using pymatgen
data_Na2CO3
_symmetry_space_group_name_H-M   'P 1'
_cell_length_a   5.28543200
_cell_length_b   5.29514711
_cell_length_c   6.28515564
_cell_angle_alpha   94.93002162
_cell_angle_beta   90.00000000
_cell_angle_gamma   119.93932648
_symmetry_Int_Tables_number   1
_chemical_formula_structural   Na2CO3
_chemical_formula_sum   'Na4 C2 O6'
_cell_volume   151.67852637
_cell_formula_units_Z   2
loop_
 _symmetry_equiv_pos_site_id
 _symmetry_equiv_pos_as_xyz
  1  'x, y, z'
loop_
 _atom_site_type_symbol
 _atom_site_label
 _atom_site_symmetry_multiplicity
 _atom_site_fract_x
 _atom_site_fract_y
 _atom_site_fract_z
 _atom_site_occupancy
  Na  Na0  1  0.00000000  0.00000000  0.00000000  1
  Na  Na1  1  0.00000000  0.00000000  0.50000000  1
  Na  Na2  1  0.67378500  0.34757000  0.77132900  1
  Na  Na3  1  0.32621500  0.65243000  0.22867100  1
  C  C4  1  0.66966500  0.33932900  0.24519300  1
  C  C5  1  0.33033500  0.66067100  0.75480700  1
  O  O6  1  0.81449000  0.20222900  0.26037200  1
  O  O7  1  0.38773900  0.20222900  0.26037200  1
  O  O8  1  0.18551000  0.79777100  0.73962800  1
  O  O9  1  0.61226100  0.79777100  0.73962800  1
  O  O10  1  0.80751700  0.61503300  0.21166700  1
  O  O11  1  0.19248300  0.38496700  0.78833300  1
",Rotate all surrounding atoms within 2.8257614857355655 angstrom of the center atom at index 1 by 140.1105570311001 degree around the axis [1. 0. 0.] in the cif file. The rotation should following the right-hand rule.,"<cif>
# generated using pymatgen and modified by CIF operation assistant
data_Na2CO3
_symmetry_space_group_name_H-M   'P 1'
_cell_length_a   5.28543200
_cell_length_b   5.29514711
_cell_length_c   6.28515564
_cell_angle_alpha   94.93002162
_cell_angle_beta   90.00000000
_cell_angle_gamma   119.93932648
_symmetry_Int_Tables_number   1
_chemical_formula_structural   Na2CO3
_chemical_formula_sum   'Na4 C2 O6'
_cell_volume   151.67852637
_cell_formula_units_Z   2
loop_
 _symmetry_equiv_pos_site_id
 _symmetry_equiv_pos_as_xyz
  1  'x, y, z'
loop_
 _atom_site_type_symbol
 _atom_site_label
 _atom_site_symmetry_multiplicity
 _atom_site_fract_x
 _atom_site_fract_y
 _atom_site_fract_z
 _atom_site_occupancy
  Na  Na0  1  0.00000000  0.00000000  0.00000000  1
  Na  Na1  1  0.00000000  0.00000000  0.50000000  1
  Na  Na2  1  0.67378500  0.34757000  0.77132900  1
  Na  Na3  1  0.32621500  0.65243000  0.22867100  1
  C   C4   1  0.66966500  0.33932900  0.24519300  1
  C   C5   1  0.33033500  0.66067100  0.75480700  1
  O   O6   1  0.81449000  0.20222900  0.26037200  1
  O   O7   1  0.32122300  0.06931000  0.79458500  1
  O   O8   1  0.18551000  0.79777100  0.73962800  1
  O   O9   1  0.61226100  0.79777100  0.73962800  1
  O   O10  1  0.80751700  0.61503300  0.21166700  1
  O   O11  1 -0.26253000 -0.52560000  0.44129300  1
</cif>
","data_image0
_chemical_formula_structural       Na4C2O6
_chemical_formula_sum              ""Na4 C2 O6""
_cell_length_a       5.285432
_cell_length_b       5.29514711
_cell_length_c       6.285155640000001
_cell_angle_alpha    94.93002162
_cell_angle_beta     90.0
_cell_angle_gamma    119.93932648

_space_group_name_H-M_alt    ""P 1""
_space_group_IT_number       1

loop_
  _space_group_symop_operation_xyz
  'x, y, z'

loop_
  _atom_site_type_symbol
  _atom_site_label
  _atom_site_symmetry_multiplicity
  _atom_site_fract_x
  _atom_site_fract_y
  _atom_site_fract_z
  _atom_site_occupancy
  Na  Na1       1.0  0.0  0.0  0.0  1.0000
  Na  Na2       1.0  0.0  0.0  0.5  1.0000
  Na  Na3       1.0  0.673785  0.34757  0.771329  1.0000
  Na  Na4       1.0  0.326215  0.65243  0.228671  1.0000
  C   C1        1.0  0.6696649999999998  0.3393290000000001  0.245193  1.0000
  C   C2        1.0  0.33033499999999993  0.6606710000000001  0.754807  1.0000
  O   O1        1.0  0.7480249211358653  0.06929884218521032  0.7943297817516217  1.0000
  O   O2        1.0  0.3212739211358654  0.06929884218521032  0.7943297817516217  1.0000
  O   O3        1.0  0.4002912576787181  0.22733351433528182  0.6761824804356767  1.0000
  O   O4        1.0  0.8270422576787181  0.22733351433528182  0.6761824804356767  1.0000
  O   O5        1.0  0.4109714723335513  0.8219419441509016  0.029042673639952277  1.0000
  O   O6        1.0  0.7373447064810321  0.47469041236959053  0.4414695885473461  1.0000
"
"# generated using pymatgen
data_MgF2
_symmetry_space_group_name_H-M   'P 1'
_cell_length_a   3.39760200
_cell_length_b   5.27153400
_cell_length_c   6.74447400
_cell_angle_alpha   90.00000000
_cell_angle_beta   90.00000000
_cell_angle_gamma   90.00000000
_symmetry_Int_Tables_number   1
_chemical_formula_structural   MgF2
_chemical_formula_sum   'Mg4 F8'
_cell_volume   120.79740378
_cell_formula_units_Z   4
loop_
 _symmetry_equiv_pos_site_id
 _symmetry_equiv_pos_as_xyz
  1  'x, y, z'
loop_
 _atom_site_type_symbol
 _atom_site_label
 _atom_site_symmetry_multiplicity
 _atom_site_fract_x
 _atom_site_fract_y
 _atom_site_fract_z
 _atom_site_occupancy
  Mg  Mg0  1  0.25000000  0.26301200  0.08457800  1
  Mg  Mg1  1  0.25000000  0.76301200  0.41542200  1
  Mg  Mg2  1  0.75000000  0.73698800  0.91542200  1
  Mg  Mg3  1  0.75000000  0.23698800  0.58457800  1
  F  F4  1  0.25000000  0.87557800  0.09994700  1
  F  F5  1  0.25000000  0.37557800  0.40005300  1
  F  F6  1  0.75000000  0.12442200  0.90005300  1
  F  F7  1  0.75000000  0.62442200  0.59994700  1
  F  F8  1  0.25000000  0.51424300  0.85861800  1
  F  F9  1  0.25000000  0.01424300  0.64138200  1
  F  F10  1  0.75000000  0.48575700  0.14138200  1
  F  F11  1  0.75000000  0.98575700  0.35861800  1
",Rotate all surrounding atoms within 3.87494064145017 angstrom of the center atom at index 3 by 271.9515159850424 degree around the axis [0. 0. 1.] in the cif file. The rotation should following the right-hand rule.,"<cif>
# generated using pymatgen
data_MgF2
_symmetry_space_group_name_H-M   'P 1'
_cell_length_a   3.39760200
_cell_length_b   5.27153400
_cell_length_c   6.74447400
_cell_angle_alpha   90.00000000
_cell_angle_beta   90.00000000
_cell_angle_gamma   90.00000000
_symmetry_Int_Tables_number   1
_chemical_formula_structural   MgF2
_chemical_formula_sum   'Mg4 F8'
_cell_volume   120.79740378
_cell_formula_units_Z   4
loop_
 _symmetry_equiv_pos_site_id
 _symmetry_equiv_pos_as_xyz
  1  'x, y, z'
loop_
 _atom_site_type_symbol
 _atom_site_label
 _atom_site_symmetry_multiplicity
 _atom_site_fract_x
 _atom_site_fract_y
 _atom_site_fract_z
 _atom_site_occupancy
  Mg  Mg0  1  0.77335000  0.55995000  0.08457800  1
  Mg  Mg1  1  0.54870000  0.57698000  0.41542200  1
  Mg  Mg2  1  0.52532000  0.25401500  0.91542200  1
  Mg  Mg3  1  0.75000000  0.23698800  0.58457800  1
  F  F4   1  0.25000000  0.87557800  0.09994700  1
  F  F5   1  0.94790000  0.56378000  0.40005300  1
  F  F6   1  0.57545000  0.23316000  0.90005300  1
  F  F7   1  0.35077000  0.25018000  0.59994700  1
  F  F8   1  0.16292400  0.56850200  0.85861800  1
  F  F9   1  0.38810000  0.55147500  0.64138200  1
  F  F10  1  0.13575000  0.24546000  0.14138200  1
  F  F11  1  0.75000000  0.98575700  0.35861800  1
</cif>
","data_image0
_chemical_formula_structural       Mg4F8
_chemical_formula_sum              ""Mg4 F8""
_cell_length_a       3.397602
_cell_length_b       5.271534
_cell_length_c       6.744474
_cell_angle_alpha    90.0
_cell_angle_beta     90.0
_cell_angle_gamma    90.0

_space_group_name_H-M_alt    ""P 1""
_space_group_IT_number       1

loop_
  _space_group_symop_operation_xyz
  'x, y, z'

loop_
  _atom_site_type_symbol
  _atom_site_label
  _atom_site_symmetry_multiplicity
  _atom_site_fract_x
  _atom_site_fract_y
  _atom_site_fract_z
  _atom_site_occupancy
  Mg  Mg1       1.0  0.7733271034751258  0.5599466331355492  0.08457799999999996  1.0000
  Mg  Mg2       1.0  0.5486498925217094  0.57697353018472  0.41542200000000007  1.0000
  Mg  Mg3       1.0  0.5253227890465835  0.25401489704917074  0.9154220000000002  1.0000
  Mg  Mg4       1.0  0.75  0.236988  0.584578  1.0000
  F   F1        1.0  0.24999999999999994  0.8755779999999999  0.099947  1.0000
  F   F2        1.0  0.9478770736187613  0.5637799325220231  0.400053  1.0000
  F   F3        1.0  0.5754500298563645  0.23315470061352608  0.900053  1.0000
  F   F4        1.0  0.350772818902948  0.2501815976626968  0.599947  1.0000
  F   F5        1.0  0.1628973427050504  0.5685020018806696  0.858618  1.0000
  F   F6        1.0  0.3875745536584667  0.551475104831499  0.641382  1.0000
  F   F7        1.0  0.13575254981665874  0.24545952830405032  0.141382  1.0000
  F   F8        1.0  0.9110753388632424  0.26248642535322103  0.3586180000000001  1.0000
"
"# generated using pymatgen
data_POsS
_symmetry_space_group_name_H-M   'P 1'
_cell_length_a   5.77709541
_cell_length_b   5.77159231
_cell_length_c   5.84023214
_cell_angle_alpha   69.36825589
_cell_angle_beta   90.00000000
_cell_angle_gamma   90.00000000
_symmetry_Int_Tables_number   1
_chemical_formula_structural   POsS
_chemical_formula_sum   'P4 Os4 S4'
_cell_volume   182.24190664
_cell_formula_units_Z   4
loop_
 _symmetry_equiv_pos_site_id
 _symmetry_equiv_pos_as_xyz
  1  'x, y, z'
loop_
 _atom_site_type_symbol
 _atom_site_label
 _atom_site_symmetry_multiplicity
 _atom_site_fract_x
 _atom_site_fract_y
 _atom_site_fract_z
 _atom_site_occupancy
  P  P0  1  0.12286536  0.84968460  0.87444676  1
  P  P1  1  0.62286536  0.15031540  0.62555324  1
  P  P2  1  0.87713464  0.15031540  0.12555324  1
  P  P3  1  0.37713464  0.84968460  0.37444676  1
  Os  Os4  1  0.49707641  0.72711364  0.79237546  1
  Os  Os5  1  0.99707641  0.27288636  0.70762454  1
  Os  Os6  1  0.50292359  0.27288636  0.20762454  1
  Os  Os7  1  0.00292359  0.72711364  0.29237546  1
  S  S8  1  0.87793705  0.66329925  0.69151973  1
  S  S9  1  0.37793705  0.33670075  0.80848027  1
  S  S10  1  0.12206295  0.33670075  0.30848027  1
  S  S11  1  0.62206295  0.66329925  0.19151973  1
",Rotate all surrounding atoms within 2.6751236726030925 angstrom of the center atom at index 5 by 48.45580212094491 degree around the axis [0. 1. 0.] in the cif file. The rotation should following the right-hand rule.,"<cif>
data_POsS
_symmetry_space_group_name_H-M   'P 1'
_cell_length_a   5.77709541
_cell_length_b   5.77159231
_cell_length_c   5.84023214
_cell_angle_alpha   69.36825589
_cell_angle_beta   90.00000000
_cell_angle_gamma   90.00000000
_symmetry_Int_Tables_number   1
_chemical_formula_structural   POsS
_chemical_formula_sum   'P4 Os4 S4'
_cell_volume   182.24190664
_cell_formula_units_Z   4
loop_
 _symmetry_equiv_pos_site_id
 _symmetry_equiv_pos_as_xyz
  1  'x, y, z'
loop_
 _atom_site_type_symbol
 _atom_site_label
 _atom_site_symmetry_multiplicity
 _atom_site_fract_x
 _atom_site_fract_y
 _atom_site_fract_z
 _atom_site_occupancy
  P  P0  1  0.198650  0.904800  0.719500  1
  P  P1  1  0.690520  0.035200  0.949070  1
  P  P2  1  0.213270  0.522400  0.079490  1
  P  P3  1  0.37713464  0.84968460  0.37444676  1
  Os  Os4  1  0.49707641  0.72711364  0.79237546  1
  Os  Os5  1  0.99707641  0.27288636  0.70762454  1
  Os  Os6  1  0.50292359  0.27288636  0.20762454  1
  Os  Os7  1  0.00292359  0.72711364  0.29237546  1
  S  S8  1  0.907000  0.627500  0.792000  1
  S  S9  1  0.321000  0.455700  0.473500  1
  S  S10  1  0.797500  0.324000  0.344100  1
  S  S11  1  0.62206295  0.66329925  0.19151973  1
</cif>","data_image0
_chemical_formula_structural       P4Os4S4
_chemical_formula_sum              ""P4 Os4 S4""
_cell_length_a       5.77709541
_cell_length_b       5.77159231
_cell_length_c       5.84023214
_cell_angle_alpha    69.36825588999999
_cell_angle_beta     90.0
_cell_angle_gamma    90.0

_space_group_name_H-M_alt    ""P 1""
_space_group_IT_number       1

loop_
  _space_group_symop_operation_xyz
  'x, y, z'

loop_
  _atom_site_type_symbol
  _atom_site_label
  _atom_site_symmetry_multiplicity
  _atom_site_fract_x
  _atom_site_fract_y
  _atom_site_fract_z
  _atom_site_occupancy
  P   P1        1.0  0.5354281360217744  0.6231345344812962  0.5098404102671577  1.0000
  P   P2        1.0  0.6907860622682179  0.034908310739591004  0.9492297374840627  1.0000
  P   P3        1.0  0.5053681038630676  0.04658489310000785  0.4164810103025301  1.0000
  P   P4        1.0  0.37713464  0.8496845999999999  0.37444676  1.0000
  Os  Os1       1.0  0.49707640999999997  0.7271136400000002  0.7923754599999999  1.0000
  Os  Os2       1.0  0.9970764099999998  0.27288636  0.70762454  1.0000
  Os  Os3       1.0  0.50292359  0.27288636  0.20762454  1.0000
  Os  Os4       1.0  0.00292359  0.72711364  0.2923754599999999  1.0000
  S   S1        1.0  0.9066596978985547  0.6277603717571603  0.7911938462771979  1.0000
  S   S2        1.0  0.6578803627754269  0.1741754410856915  0.26430688411031134  1.0000
  S   S3        1.0  0.13413654198628736  0.04195905582414403  0.13512757429248956  1.0000
  S   S4        1.0  0.62206295  0.66329925  0.19151972999999997  1.0000
"
"# generated using pymatgen
data_ErZnPt
_symmetry_space_group_name_H-M   'P 1'
_cell_length_a   4.04927948
_cell_length_b   6.88966051
_cell_length_c   8.12489684
_cell_angle_alpha   90.00000000
_cell_angle_beta   90.00000000
_cell_angle_gamma   90.00000000
_symmetry_Int_Tables_number   1
_chemical_formula_structural   ErZnPt
_chemical_formula_sum   'Er4 Zn4 Pt4'
_cell_volume   226.66967956
_cell_formula_units_Z   4
loop_
 _symmetry_equiv_pos_site_id
 _symmetry_equiv_pos_as_xyz
  1  'x, y, z'
loop_
 _atom_site_type_symbol
 _atom_site_label
 _atom_site_symmetry_multiplicity
 _atom_site_fract_x
 _atom_site_fract_y
 _atom_site_fract_z
 _atom_site_occupancy
  Er  Er0  1  0.25000000  0.04539683  0.31469168  1
  Er  Er1  1  0.25000000  0.54539683  0.18530832  1
  Er  Er2  1  0.75000000  0.95460317  0.68530932  1
  Er  Er3  1  0.75000000  0.45460317  0.81469068  1
  Zn  Zn4  1  0.25000000  0.63430892  0.56317366  1
  Zn  Zn5  1  0.25000000  0.13430892  0.93682634  1
  Zn  Zn6  1  0.75000000  0.36569108  0.43682734  1
  Zn  Zn7  1  0.75000000  0.86569108  0.06317266  1
  Pt  Pt8  1  0.25000000  0.24900652  0.62261890  1
  Pt  Pt9  1  0.25000000  0.74900652  0.87738110  1
  Pt  Pt10  1  0.75000000  0.75099348  0.37738210  1
  Pt  Pt11  1  0.75000000  0.25099348  0.12261790  1
",Rotate all surrounding atoms within 3.7498219416361853 angstrom of the center atom at index 0 by 69.19283580638783 degree around the axis [ 0. -1.  0.] in the cif file. The rotation should following the right-hand rule.,"<cif>
# generated using pymatgen
data_ErZnPt
_symmetry_space_group_name_H-M   'P 1'
_cell_length_a   4.04927948
_cell_length_b   6.88966051
_cell_length_c   8.12489684
_cell_angle_alpha   90.00000000
_cell_angle_beta   90.00000000
_cell_angle_gamma   90.00000000
_symmetry_Int_Tables_number   1
_chemical_formula_structural   ErZnPt
_chemical_formula_sum   'Er4 Zn4 Pt4'
_cell_volume   226.66967956
_cell_formula_units_Z   4
loop_
 _symmetry_equiv_pos_site_id
 _symmetry_equiv_pos_as_xyz
  1  'x, y, z'
loop_
 _atom_site_type_symbol
 _atom_site_label
 _atom_site_symmetry_multiplicity
 _atom_site_fract_x
 _atom_site_fract_y
 _atom_site_fract_z
 _atom_site_occupancy
  Er  Er0  1  0.25000000  0.04539683  0.31469168  1
  Er  Er1  1  0.49261600  0.54539683  0.26864000  1
  Er  Er2  1  0.73297000  0.95460317  0.67946000  1
  Er  Er3  1  0.75000000  0.45460317  0.81469068  1
  Zn  Zn4  1  0.78390000  0.63430892  0.40312000  1
  Zn  Zn5  1  0.95850000  0.13430892  0.18030000  1
  Zn  Zn6  1  0.19890000  0.36569108  0.59100000  1
  Zn  Zn7  1  0.89920000  0.86569108  0.45770000  1
  Pt  Pt8  1  0.67250000  0.24900652  0.42420000  1
  Pt  Pt9  1  0.25000000  0.74900652  0.87738110  1
  Pt  Pt10  1  0.31040000  0.75099348  0.56990000  1
  Pt  Pt11  1  0.78800000  0.25099348  0.47900000  1
</cif>","data_image0
_chemical_formula_structural       Er4Zn4Pt4
_chemical_formula_sum              ""Er4 Zn4 Pt4""
_cell_length_a       4.04927948
_cell_length_b       6.88966051
_cell_length_c       8.12489684
_cell_angle_alpha    90.0
_cell_angle_beta     90.0
_cell_angle_gamma    90.0

_space_group_name_H-M_alt    ""P 1""
_space_group_IT_number       1

loop_
  _space_group_symop_operation_xyz
  'x, y, z'

loop_
  _atom_site_type_symbol
  _atom_site_label
  _atom_site_symmetry_multiplicity
  _atom_site_fract_x
  _atom_site_fract_y
  _atom_site_fract_z
  _atom_site_occupancy
  Er  Er1       1.0  0.25  0.045396830000000006  0.31469168  1.0000
  Er  Er2       1.0  0.49267695037271203  0.54539683  0.26873162485369334  1.0000
  Er  Er3       1.0  0.7324656659374258  0.9546031700000002  0.6792816684506373  1.0000
  Er  Er4       1.0  0.7500000000000002  0.4546031700000001  0.81469068  1.0000
  Zn  Zn1       1.0  0.7839365964141506  0.63430892  0.4029584053630101  1.0000
  Zn  Zn2       1.0  0.08309768729174993  0.13430892  0.5356887485722548  1.0000
  Zn  Zn3       1.0  0.19852906952327473  0.36569108000000017  0.5910149430876274  1.0000
  Zn  Zn4       1.0  0.8993717299310089  0.86569108  0.4582838894306844  1.0000
  Pt  Pt1       1.0  0.672438567939902  0.24900652  0.42407477232538787  1.0000
  Pt  Pt2       1.0  0.25  0.7490065200000001  0.8773811  1.0000
  Pt  Pt3       1.0  0.3100270979975234  0.75099348  0.5698985761252494  1.0000
  Pt  Pt4       1.0  0.7878737014567602  0.25099348  0.4794002563930622  1.0000
"
"# generated using pymatgen
data_GdNi4B
_symmetry_space_group_name_H-M   'P 1'
_cell_length_a   5.00552851
_cell_length_b   5.00552851
_cell_length_c   6.96987900
_cell_angle_alpha   90.00000000
_cell_angle_beta   90.00000000
_cell_angle_gamma   120.00000678
_symmetry_Int_Tables_number   1
_chemical_formula_structural   GdNi4B
_chemical_formula_sum   'Gd2 Ni8 B2'
_cell_volume   151.23618720
_cell_formula_units_Z   2
loop_
 _symmetry_equiv_pos_site_id
 _symmetry_equiv_pos_as_xyz
  1  'x, y, z'
loop_
 _atom_site_type_symbol
 _atom_site_label
 _atom_site_symmetry_multiplicity
 _atom_site_fract_x
 _atom_site_fract_y
 _atom_site_fract_z
 _atom_site_occupancy
  Gd  Gd0  1  0.00000000  0.00000000  0.00000000  1
  Gd  Gd1  1  0.00000000  0.00000000  0.50000000  1
  Ni  Ni2  1  0.66666700  0.33333300  0.00000000  1
  Ni  Ni3  1  0.33333300  0.66666700  0.00000000  1
  Ni  Ni4  1  0.50000000  0.50000000  0.70732700  1
  Ni  Ni5  1  0.50000000  0.00000000  0.70732700  1
  Ni  Ni6  1  0.00000000  0.50000000  0.70732700  1
  Ni  Ni7  1  0.50000000  0.50000000  0.29267300  1
  Ni  Ni8  1  0.50000000  0.00000000  0.29267300  1
  Ni  Ni9  1  0.00000000  0.50000000  0.29267300  1
  B  B10  1  0.66666700  0.33333300  0.50000000  1
  B  B11  1  0.33333300  0.66666700  0.50000000  1
",Rotate all surrounding atoms within 3.9302645822934315 angstrom of the center atom at index 11 by 126.8391196692324 degree around the axis [1. 0. 0.] in the cif file. The rotation should following the right-hand rule.,"<cif>
# generated using pymatgen
data_GdNi4B
_symmetry_space_group_name_H-M   'P 1'
_cell_length_a   5.00552851
_cell_length_b   5.00552851
_cell_length_c   6.96987900
_cell_angle_alpha   90.00000000
_cell_angle_beta   90.00000000
_cell_angle_gamma   120.00000678
_symmetry_Int_Tables_number   1
_chemical_formula_structural   GdNi4B
_chemical_formula_sum   'Gd2 Ni8 B2'
_cell_volume   151.23618720
_cell_formula_units_Z   2
loop_
 _symmetry_equiv_pos_site_id
 _symmetry_equiv_pos_as_xyz
  1  'x, y, z'
loop_
 _atom_site_type_symbol
 _atom_site_label
 _atom_site_symmetry_multiplicity
 _atom_site_fract_x
 _atom_site_fract_y
 _atom_site_fract_z
 _atom_site_occupancy
  Gd  Gd0  1  0.00000000  0.00000000  0.00000000  1
  Gd  Gd1  1  0.26656400  0.53312800  0.33405000  1
  Ni  Ni2  1  0.98839000  0.97678000  0.79936000  1
  Ni  Ni3  1  0.33333300  0.66666700  0.00000000  1
  Ni  Ni4  1  0.73337500  0.96674800  0.45884000  1
  Ni  Ni5  1  0.63304600  0.26609300  0.20992000  1
  Ni  Ni6  1  0.00000000  0.50000000  0.70732700  1
  Ni  Ni7  1  0.50000000  0.50000000  0.70722000  1
  Ni  Ni8  1  0.89969300  0.79938600  0.45823000  1
  Ni  Ni9  1  0.00000000  0.50000000  0.29267300  1
  B   B10  1  0.66666700  0.33333300  0.50000000  1
  B   B11  1  0.06688000  0.13376000  0.66595000  1
</cif>
","data_image0
_chemical_formula_structural       Gd2Ni8B2
_chemical_formula_sum              ""Gd2 Ni8 B2""
_cell_length_a       5.00552851
_cell_length_b       5.00552851
_cell_length_c       6.969879
_cell_angle_alpha    90.0
_cell_angle_beta     90.0
_cell_angle_gamma    120.00000678

_space_group_name_H-M_alt    ""P 1""
_space_group_IT_number       1

loop_
  _space_group_symop_operation_xyz
  'x, y, z'

loop_
  _atom_site_type_symbol
  _atom_site_label
  _atom_site_symmetry_multiplicity
  _atom_site_fract_x
  _atom_site_fract_y
  _atom_site_fract_z
  _atom_site_occupancy
  Gd  Gd1       1.0  0.0  0.0  0.0  1.0000
  Gd  Gd2       1.0  0.5331904331539361  0.0663806477432185  0.16815970583794107  1.0000
  Ni  Ni1       1.0  0.666667  0.333333  0.0  1.0000
  Ni  Ni2       1.0  0.6550319577305337  0.31006478359069467  0.7997850859148709  1.0000
  Ni  Ni3       1.0  0.49990404861599974  0.49980809727133163  0.29273271700449227  1.0000
  Ni  Ni4       1.0  0.8997966735351391  0.7995931831862025  0.04385262082299617  1.0000
  Ni  Ni5       1.0  0.9999040486159997  0.49980809727133163  0.29273271700449227  1.0000
  Ni  Ni6       1.0  0.7666915678535932  0.03338302638536339  0.541346887034382  1.0000
  Ni  Ni7       1.0  0.16658419277273273  0.33316811230023435  0.29246679085288585  1.0000
  Ni  Ni8       1.0  0.26669156785359327  0.03338302638536339  0.541346887034382  1.0000
  B   B1        1.0  0.9332626164695931  0.8665241236566953  0.3340796040388744  1.0000
  B   B2        1.0  0.33333299999999993  0.666667  0.5  1.0000
"
"# generated using pymatgen
data_VO2
_symmetry_space_group_name_H-M   'P 1'
_cell_length_a   4.50495600
_cell_length_b   5.43380800
_cell_length_c   5.43648490
_cell_angle_alpha   67.98565538
_cell_angle_beta   90.00000000
_cell_angle_gamma   90.00000000
_symmetry_Int_Tables_number   1
_chemical_formula_structural   VO2
_chemical_formula_sum   'V4 O8'
_cell_volume   123.37720958
_cell_formula_units_Z   4
loop_
 _symmetry_equiv_pos_site_id
 _symmetry_equiv_pos_as_xyz
  1  'x, y, z'
loop_
 _atom_site_type_symbol
 _atom_site_label
 _atom_site_symmetry_multiplicity
 _atom_site_fract_x
 _atom_site_fract_y
 _atom_site_fract_z
 _atom_site_occupancy
  V  V0  1  0.50421600  0.74518400  0.75083300  1
  V  V1  1  0.00421600  0.75481600  0.24916700  1
  V  V2  1  0.49578400  0.25481600  0.24916700  1
  V  V3  1  0.99578400  0.24518400  0.75083300  1
  O  O4  1  0.29831500  0.40094000  0.89984500  1
  O  O5  1  0.79831500  0.09906000  0.10015500  1
  O  O6  1  0.70168500  0.59906000  0.10015500  1
  O  O7  1  0.20168500  0.90094000  0.89984500  1
  O  O8  1  0.79862900  0.60095000  0.59919400  1
  O  O9  1  0.29862900  0.89905000  0.40080600  1
  O  O10  1  0.20137100  0.39905000  0.40080600  1
  O  O11  1  0.70137100  0.10095000  0.59919400  1
",Rotate all surrounding atoms within 2.519869699552247 angstrom of the center atom at index 7 by 303.20555740927915 degree around the axis [0. 1. 0.] in the cif file. The rotation should following the right-hand rule.,"<cif>
# generated using pymatgen
data_VO2
_symmetry_space_group_name_H-M   'P 1'
_cell_length_a   4.50495600
_cell_length_b   5.43380800
_cell_length_c   5.43648490
_cell_angle_alpha   67.98565538
_cell_angle_beta   90.00000000
_cell_angle_gamma   90.00000000
_symmetry_Int_Tables_number   1
_chemical_formula_structural   VO2
_chemical_formula_sum   'V4 O8'
_cell_volume   123.37720958
_cell_formula_units_Z   4
loop_
 _symmetry_equiv_pos_site_id
 _symmetry_equiv_pos_as_xyz
  1  'x, y, z'
loop_
 _atom_site_type_symbol
 _atom_site_label
 _atom_site_symmetry_multiplicity
 _atom_site_fract_x
 _atom_site_fract_y
 _atom_site_fract_z
 _atom_site_occupancy
  V  V0  1  0.506530  0.009869  0.045200  1
  V  V1  1  0.766407  0.869550  0.943120  1
  V  V2  1  0.495784  0.254816  0.249167  1
  V  V3  1  0.229084  0.277300  0.664500  1
  O  O4  1  0.298315  0.400940  0.899845  1
  O  O5  1  0.798315  0.099060  0.100155  1
  O  O6  1  0.701685  0.599060  0.100155  1
  O  O7  1  0.201685  0.900940  0.899845  1
  O  O8  1  0.798629  0.600950  0.599194  1
  O  O9  1  0.298629  0.899050  0.400806  1
  O  O10  1  0.201371  0.399050  0.400806  1
  O  O11  1  0.701371  0.100950  0.599194  1
</cif>
","data_image0
_chemical_formula_structural       V4O8
_chemical_formula_sum              ""V4 O8""
_cell_length_a       4.504956
_cell_length_b       5.433808
_cell_length_c       5.436484900000001
_cell_angle_alpha    67.98565538
_cell_angle_beta     90.0
_cell_angle_gamma    90.0

_space_group_name_H-M_alt    ""P 1""
_space_group_IT_number       1

loop_
  _space_group_symop_operation_xyz
  'x, y, z'

loop_
  _atom_site_type_symbol
  _atom_site_label
  _atom_site_symmetry_multiplicity
  _atom_site_fract_x
  _atom_site_fract_y
  _atom_site_fract_z
  _atom_site_occupancy
  V   V1        1.0  0.5068554622174223  0.6350545489878596  0.04449323357405288  1.0000
  V   V2        1.0  0.7026459315037146  0.6998162972163986  0.39582373366659585  1.0000
  V   V3        1.0  0.495784  0.254816  0.249167  1.0000
  V   V4        1.0  0.7760599162536183  0.9971851214527501  0.4121221277580267  1.0000
  O   O1        1.0  0.298315  0.40093999999999996  0.899845  1.0000
  O   O2        1.0  0.7983149999999998  0.09905999999999998  0.10015500000000001  1.0000
  O   O3        1.0  0.701685  0.59906  0.10015500000000001  1.0000
  O   O4        1.0  0.201685  0.9009399999999999  0.899845  1.0000
  O   O5        1.0  0.7986289999999999  0.6009499999999999  0.599194  1.0000
  O   O6        1.0  0.298629  0.89905  0.400806  1.0000
  O   O7        1.0  0.201371  0.39905  0.400806  1.0000
  O   O8        1.0  0.701371  0.10094999999999997  0.599194  1.0000
"
"# generated using pymatgen
data_TaRh2
_symmetry_space_group_name_H-M   'P 1'
_cell_length_a   4.01400363
_cell_length_b   5.47646884
_cell_length_c   8.22014410
_cell_angle_alpha   90.00000000
_cell_angle_beta   90.00000000
_cell_angle_gamma   90.00000000
_symmetry_Int_Tables_number   1
_chemical_formula_structural   TaRh2
_chemical_formula_sum   'Ta4 Rh8'
_cell_volume   180.69985859
_cell_formula_units_Z   4
loop_
 _symmetry_equiv_pos_site_id
 _symmetry_equiv_pos_as_xyz
  1  'x, y, z'
loop_
 _atom_site_type_symbol
 _atom_site_label
 _atom_site_symmetry_multiplicity
 _atom_site_fract_x
 _atom_site_fract_y
 _atom_site_fract_z
 _atom_site_occupancy
  Ta  Ta0  1  0.75000000  0.16393746  0.60273190  1
  Ta  Ta1  1  0.75000000  0.66393746  0.89726810  1
  Ta  Ta2  1  0.25000000  0.83605017  0.39727085  1
  Ta  Ta3  1  0.25000000  0.33605017  0.10272915  1
  Rh  Rh4  1  0.75000000  0.14733375  0.92624983  1
  Rh  Rh5  1  0.75000000  0.64733375  0.57375017  1
  Rh  Rh6  1  0.25000000  0.85266182  0.07385057  1
  Rh  Rh7  1  0.25000000  0.35266182  0.42614943  1
  Rh  Rh8  1  0.75000000  0.08753737  0.26819965  1
  Rh  Rh9  1  0.75000000  0.58753737  0.23180035  1
  Rh  Rh10  1  0.25000000  0.91247843  0.73179251  1
  Rh  Rh11  1  0.25000000  0.41247843  0.76820749  1
",Rotate all surrounding atoms within 2.96661063193936 angstrom of the center atom at index 5 by 311.6177411258137 degree around the axis [0. 0. 1.] in the cif file. The rotation should following the right-hand rule.,,"data_image0
_chemical_formula_structural       Ta4Rh8
_chemical_formula_sum              ""Ta4 Rh8""
_cell_length_a       4.01400363
_cell_length_b       5.47646884
_cell_length_c       8.2201441
_cell_angle_alpha    90.0
_cell_angle_beta     90.0
_cell_angle_gamma    90.0

_space_group_name_H-M_alt    ""P 1""
_space_group_IT_number       1

loop_
  _space_group_symop_operation_xyz
  'x, y, z'

loop_
  _atom_site_type_symbol
  _atom_site_label
  _atom_site_symmetry_multiplicity
  _atom_site_fract_x
  _atom_site_fract_y
  _atom_site_fract_z
  _atom_site_occupancy
  Ta  Ta1       1.0  0.2569498505682496  0.32628236743358446  0.6027318999999998  1.0000
  Ta  Ta2       1.0  0.766935301047969  0.658361232340073  0.8972681  1.0000
  Ta  Ta3       1.0  0.6104063920267513  0.04664693221820615  0.39727085  1.0000
  Ta  Ta4       1.0  0.25  0.33605017  0.10272915  1.0000
  Rh  Rh1       1.0  0.75  0.14733375  0.9262498299999998  1.0000
  Rh  Rh2       1.0  0.75  0.64733375  0.57375017  1.0000
  Rh  Rh3       1.0  0.25  0.85266182  0.07385056999999999  1.0000
  Rh  Rh4       1.0  0.11736434116395447  0.7256008230641653  0.42614943  1.0000
  Rh  Rh5       1.0  0.75  0.08753737  0.26819965  1.0000
  Rh  Rh6       1.0  0.6890094324172868  0.6076195220081659  0.23180035  1.0000
  Rh  Rh7       1.0  0.6883609932377134  0.09740735187336202  0.73179251  1.0000
  Rh  Rh8       1.0  0.17837554275799392  0.7653284869668736  0.7682074899999998  1.0000
"
"# generated using pymatgen
data_Pr2In8Co
_symmetry_space_group_name_H-M   'P 1'
_cell_length_a   4.70149900
_cell_length_b   4.70149900
_cell_length_c   12.38498900
_cell_angle_alpha   90.00000000
_cell_angle_beta   90.00000000
_cell_angle_gamma   90.00000000
_symmetry_Int_Tables_number   1
_chemical_formula_structural   Pr2In8Co
_chemical_formula_sum   'Pr2 In8 Co1'
_cell_volume   273.75894677
_cell_formula_units_Z   1
loop_
 _symmetry_equiv_pos_site_id
 _symmetry_equiv_pos_as_xyz
  1  'x, y, z'
loop_
 _atom_site_type_symbol
 _atom_site_label
 _atom_site_symmetry_multiplicity
 _atom_site_fract_x
 _atom_site_fract_y
 _atom_site_fract_z
 _atom_site_occupancy
  Pr  Pr0  1  0.00000000  0.00000000  0.69537700  1
  Pr  Pr1  1  0.00000000  0.00000000  0.30462300  1
  In  In2  1  0.50000000  0.00000000  0.88356400  1
  In  In3  1  0.00000000  0.50000000  0.88356400  1
  In  In4  1  0.50000000  0.00000000  0.11643600  1
  In  In5  1  0.00000000  0.50000000  0.11643600  1
  In  In6  1  0.50000000  0.00000000  0.50000000  1
  In  In7  1  0.00000000  0.50000000  0.50000000  1
  In  In8  1  0.50000000  0.50000000  0.69750000  1
  In  In9  1  0.50000000  0.50000000  0.30250000  1
  Co  Co10  1  0.00000000  0.00000000  0.00000000  1
",Rotate all surrounding atoms within 3.639038058575089 angstrom of the center atom at index 2 by 142.92412033767138 degree around the axis [ 0. -1.  0.] in the cif file. The rotation should following the right-hand rule.,,"data_image0
_chemical_formula_structural       Pr2In8Co
_chemical_formula_sum              ""Pr2 In8 Co1""
_cell_length_a       4.701499
_cell_length_b       4.701499
_cell_length_c       12.384989
_cell_angle_alpha    90.0
_cell_angle_beta     90.0
_cell_angle_gamma    90.0

_space_group_name_H-M_alt    ""P 1""
_space_group_IT_number       1

loop_
  _space_group_symop_operation_xyz
  'x, y, z'

loop_
  _atom_site_type_symbol
  _atom_site_label
  _atom_site_symmetry_multiplicity
  _atom_site_fract_x
  _atom_site_fract_y
  _atom_site_fract_z
  _atom_site_occupancy
  Pr  Pr1       1.0  0.19778326018282244  0.0  0.9192777384073885  1.0000
  Pr  Pr2       1.0  0.0  0.0  0.304623  1.0000
  In  In1       1.0  0.5  0.0  0.883564  1.0000
  In  In2       1.0  0.8989188981121448  0.5  0.7691350370493282  1.0000
  In  In3       1.0  0.7182946768190932  0.0  0.4956077129419467  1.0000
  In  In4       1.0  0.0  0.5  0.116436  1.0000
  In  In5       1.0  0.5  0.0  0.5  1.0000
  In  In6       1.0  0.0  0.5  0.5  1.0000
  In  In7       1.0  0.7954927740190266  0.5  0.032012891716676206  1.0000
  In  In8       1.0  0.5  0.5  0.3025  1.0000
  Co  Co1       1.0  0.30212842485212255  0.0  0.47407579163244606  1.0000
"
"# generated using pymatgen
data_NdSbSe
_symmetry_space_group_name_H-M   'P 1'
_cell_length_a   4.21639574
_cell_length_b   4.22560286
_cell_length_c   18.33838904
_cell_angle_alpha   90.00000000
_cell_angle_beta   90.00000000
_cell_angle_gamma   90.00000000
_symmetry_Int_Tables_number   1
_chemical_formula_structural   NdSbSe
_chemical_formula_sum   'Nd4 Sb4 Se4'
_cell_volume   326.73166471
_cell_formula_units_Z   4
loop_
 _symmetry_equiv_pos_site_id
 _symmetry_equiv_pos_as_xyz
  1  'x, y, z'
loop_
 _atom_site_type_symbol
 _atom_site_label
 _atom_site_symmetry_multiplicity
 _atom_site_fract_x
 _atom_site_fract_y
 _atom_site_fract_z
 _atom_site_occupancy
  Nd  Nd0  1  0.75000000  0.23441948  0.85206102  1
  Nd  Nd1  1  0.75000000  0.26558052  0.35206102  1
  Nd  Nd2  1  0.25000000  0.76558052  0.14793898  1
  Nd  Nd3  1  0.25000000  0.73441948  0.64793898  1
  Sb  Sb4  1  0.25000000  0.23383814  0.50067160  1
  Sb  Sb5  1  0.25000000  0.26616186  0.00067160  1
  Sb  Sb6  1  0.75000000  0.76616186  0.49932840  1
  Sb  Sb7  1  0.75000000  0.73383814  0.99932840  1
  Se  Se8  1  0.75000000  0.23601904  0.68660183  1
  Se  Se9  1  0.75000000  0.26398096  0.18660183  1
  Se  Se10  1  0.25000000  0.76398096  0.31339817  1
  Se  Se11  1  0.25000000  0.73601904  0.81339817  1
",Rotate all surrounding atoms within 3.1805959757876145 angstrom of the center atom at index 1 by 126.62247845015146 degree around the axis [ 0.  0. -1.] in the cif file. The rotation should following the right-hand rule.,,"data_image0
_chemical_formula_structural       Nd4Sb4Se4
_chemical_formula_sum              ""Nd4 Sb4 Se4""
_cell_length_a       4.21639574
_cell_length_b       4.22560286
_cell_length_c       18.33838904
_cell_angle_alpha    90.0
_cell_angle_beta     90.0
_cell_angle_gamma    90.0

_space_group_name_H-M_alt    ""P 1""
_space_group_IT_number       1

loop_
  _space_group_symop_operation_xyz
  'x, y, z'

loop_
  _atom_site_type_symbol
  _atom_site_label
  _atom_site_symmetry_multiplicity
  _atom_site_fract_x
  _atom_site_fract_y
  _atom_site_fract_z
  _atom_site_occupancy
  Nd  Nd1       1.0  0.7500000000000002  0.23441948  0.85206102  1.0000
  Nd  Nd2       1.0  0.7500000000000002  0.26558052  0.35206102  1.0000
  Nd  Nd3       1.0  0.25  0.76558052  0.14793898  1.0000
  Nd  Nd4       1.0  0.25  0.73441948  0.64793898  1.0000
  Sb  Sb1       1.0  0.25  0.23383814  0.5006716  1.0000
  Sb  Sb2       1.0  0.25  0.26616186  0.0006716  1.0000
  Sb  Sb3       1.0  0.7500000000000002  0.76616186  0.49932839999999995  1.0000
  Sb  Sb4       1.0  0.7500000000000002  0.73383814  0.9993283999999999  1.0000
  Se  Se1       1.0  0.7500000000000002  0.23601904  0.68660183  1.0000
  Se  Se2       1.0  0.7487134162122295  0.26653472119098043  0.18660182999999997  1.0000
  Se  Se3       1.0  0.44915134250166355  0.3686822049195523  0.31339817  1.0000
  Se  Se4       1.0  0.25  0.73601904  0.81339817  1.0000
"
"# generated using pymatgen
data_Li6PClO5
_symmetry_space_group_name_H-M   'P 1'
_cell_length_a   5.89570219
_cell_length_b   5.89570219
_cell_length_c   5.89570290
_cell_angle_alpha   59.99999603
_cell_angle_beta   60.00000397
_cell_angle_gamma   60.00000000
_symmetry_Int_Tables_number   1
_chemical_formula_structural   Li6PClO5
_chemical_formula_sum   'Li6 P1 Cl1 O5'
_cell_volume   144.90776841
_cell_formula_units_Z   1
loop_
 _symmetry_equiv_pos_site_id
 _symmetry_equiv_pos_as_xyz
  1  'x, y, z'
loop_
 _atom_site_type_symbol
 _atom_site_label
 _atom_site_symmetry_multiplicity
 _atom_site_fract_x
 _atom_site_fract_y
 _atom_site_fract_z
 _atom_site_occupancy
  Li  Li0  1  0.98278900  0.51721100  0.98278900  1
  Li  Li1  1  0.51721100  0.98278900  0.98278900  1
  Li  Li2  1  0.51721100  0.51721100  0.98278900  1
  Li  Li3  1  0.51721100  0.98278900  0.51721100  1
  Li  Li4  1  0.98278900  0.98278900  0.51721100  1
  Li  Li5  1  0.98278900  0.51721100  0.51721100  1
  P  P6  1  0.50000000  0.50000000  0.50000000  1
  Cl  Cl7  1  0.00000000  0.00000000  0.00000000  1
  O  O8  1  0.82401200  0.39199600  0.39199600  1
  O  O9  1  0.39199600  0.82401200  0.39199600  1
  O  O10  1  0.39199600  0.39199600  0.39199600  1
  O  O11  1  0.39199600  0.39199600  0.82401200  1
  O  O12  1  0.75000000  0.75000000  0.75000000  1
",Rotate all surrounding atoms within 2.675396394777849 angstrom of the center atom at index 5 by 76.82432836530388 degree around the axis [0. 0. 1.] in the cif file. The rotation should following the right-hand rule.,,"data_image0
_chemical_formula_structural       Li6PClO5
_chemical_formula_sum              ""Li6 P1 Cl1 O5""
_cell_length_a       5.89570219
_cell_length_b       5.895702189999999
_cell_length_c       5.8957029
_cell_angle_alpha    59.999996030000005
_cell_angle_beta     60.000003970000016
_cell_angle_gamma    59.999999999999986

_space_group_name_H-M_alt    ""P 1""
_space_group_IT_number       1

loop_
  _space_group_symop_operation_xyz
  'x, y, z'

loop_
  _atom_site_type_symbol
  _atom_site_label
  _atom_site_symmetry_multiplicity
  _atom_site_fract_x
  _atom_site_fract_y
  _atom_site_fract_z
  _atom_site_occupancy
  Li  Li1       1.0  0.982789  0.517211  0.982789  1.0000
  Li  Li2       1.0  0.5172109999999996  0.9827889999999999  0.982789  1.0000
  Li  Li3       1.0  0.5172109999999998  0.517211  0.982789  1.0000
  Li  Li4       1.0  0.517211  0.9827889999999998  0.5172110000000001  1.0000
  Li  Li5       1.0  0.9827890000000004  0.9827889999999998  0.5172110000000001  1.0000
  Li  Li6       1.0  0.982789  0.517211  0.5172110000000001  1.0000
  P   P1        1.0  0.5  0.5  0.5  1.0000
  Cl  Cl1       1.0  0.0  0.0  0.0  1.0000
  O   O1        1.0  0.2792487677371227  0.20160110531788827  0.3919960000000001  1.0000
  O   O2        1.0  0.3919960000000001  0.8240119999999999  0.3919960000000001  1.0000
  O   O3        1.0  0.42363478469069005  0.7158838135913623  0.3919960000000001  1.0000
  O   O4        1.0  0.39199599999999973  0.391996  0.8240120000000001  1.0000
  O   O5        1.0  0.6080928372864366  0.5103630818559997  0.75  1.0000
"
"# generated using pymatgen
data_Ni(N4O3)2
_symmetry_space_group_name_H-M   'P 1'
_cell_length_a   5.54916189
_cell_length_b   5.54916189
_cell_length_c   5.54916189
_cell_angle_alpha   60.00000000
_cell_angle_beta   60.00000000
_cell_angle_gamma   60.00000000
_symmetry_Int_Tables_number   1
_chemical_formula_structural   Ni(N4O3)2
_chemical_formula_sum   'Ni1 N8 O6'
_cell_volume   120.82788858
_cell_formula_units_Z   1
loop_
 _symmetry_equiv_pos_site_id
 _symmetry_equiv_pos_as_xyz
  1  'x, y, z'
loop_
 _atom_site_type_symbol
 _atom_site_label
 _atom_site_symmetry_multiplicity
 _atom_site_fract_x
 _atom_site_fract_y
 _atom_site_fract_z
 _atom_site_occupancy
  Ni  Ni0  1  0.00000000  0.00000000  0.00000000  1
  N  N1  1  0.23882500  0.76117500  0.23882500  1
  N  N2  1  0.76117500  0.23882500  0.76117500  1
  N  N3  1  0.23882500  0.23882500  0.76117500  1
  N  N4  1  0.76117500  0.76117500  0.23882500  1
  N  N5  1  0.76117500  0.23882500  0.23882500  1
  N  N6  1  0.23882500  0.76117500  0.76117500  1
  N  N7  1  0.75000000  0.75000000  0.75000000  1
  N  N8  1  0.25000000  0.25000000  0.25000000  1
  O  O9  1  0.50000000  0.00000000  0.00000000  1
  O  O10  1  0.00000000  0.50000000  0.50000000  1
  O  O11  1  0.00000000  0.50000000  0.00000000  1
  O  O12  1  0.50000000  0.00000000  0.50000000  1
  O  O13  1  0.00000000  0.00000000  0.50000000  1
  O  O14  1  0.50000000  0.50000000  0.00000000  1
",Rotate all surrounding atoms within 2.6881792209196096 angstrom of the center atom at index 8 by 293.9339902825074 degree around the axis [0. 0. 1.] in the cif file. The rotation should following the right-hand rule.,,"data_image0
_chemical_formula_structural       NiN8O6
_chemical_formula_sum              ""Ni1 N8 O6""
_cell_length_a       5.54916189
_cell_length_b       5.54916189
_cell_length_c       5.54916189
_cell_angle_alpha    59.99999999999999
_cell_angle_beta     59.99999999999999
_cell_angle_gamma    59.99999999999999

_space_group_name_H-M_alt    ""P 1""
_space_group_IT_number       1

loop_
  _space_group_symop_operation_xyz
  'x, y, z'

loop_
  _atom_site_type_symbol
  _atom_site_label
  _atom_site_symmetry_multiplicity
  _atom_site_fract_x
  _atom_site_fract_y
  _atom_site_fract_z
  _atom_site_occupancy
  Ni  Ni1       1.0  0.0  0.0  0.0  1.0000
  N   N1        1.0  0.23882500000000007  0.7611749999999999  0.23882500000000004  1.0000
  N   N2        1.0  0.7611750000000002  0.238825  0.761175  1.0000
  N   N3        1.0  0.23882500000000007  0.238825  0.761175  1.0000
  N   N4        1.0  0.7611750000000002  0.7611749999999999  0.23882500000000004  1.0000
  N   N5        1.0  0.7611750000000002  0.238825  0.23882500000000004  1.0000
  N   N6        1.0  0.23882500000000023  0.761175  0.761175  1.0000
  N   N7        1.0  0.7500000000000002  0.7499999999999998  0.75  1.0000
  N   N8        1.0  0.25000000000000006  0.25  0.25  1.0000
  O   O1        1.0  0.1370943600368607  0.1981053701283668  0.0  1.0000
  O   O2        1.0  0.36290563996313935  0.30189462987163324  0.5  1.0000
  O   O3        1.0  0.19810537012836663  0.6648002698347727  0.0  1.0000
  O   O4        1.0  0.3018946298716335  0.8351997301652273  0.5  1.0000
  O   O5        1.0  0.8351997301652274  0.3629056399631393  0.5  1.0000
  O   O6        1.0  0.6648002698347728  0.13709436003686065  0.0  1.0000
"
"# generated using pymatgen
data_Fe(BO2)2
_symmetry_space_group_name_H-M   'P 1'
_cell_length_a   4.42432487
_cell_length_b   9.13841401
_cell_length_c   5.62321665
_cell_angle_alpha   90.00049574
_cell_angle_beta   90.00023423
_cell_angle_gamma   99.49599198
_symmetry_Int_Tables_number   1
_chemical_formula_structural   Fe(BO2)2
_chemical_formula_sum   'Fe4 B8 O16'
_cell_volume   224.23862963
_cell_formula_units_Z   4
loop_
 _symmetry_equiv_pos_site_id
 _symmetry_equiv_pos_as_xyz
  1  'x, y, z'
loop_
 _atom_site_type_symbol
 _atom_site_label
 _atom_site_symmetry_multiplicity
 _atom_site_fract_x
 _atom_site_fract_y
 _atom_site_fract_z
 _atom_site_occupancy
  Fe  Fe0  1  0.74993540  0.00000574  0.34881600  1
  Fe  Fe1  1  0.74993975  0.50000629  0.15117894  1
  Fe  Fe2  1  0.24993551  0.50000275  0.84882335  1
  Fe  Fe3  1  0.24994426  0.00000297  0.65117942  1
  B  B4  1  0.31164291  0.18639223  0.10773037  1
  B  B5  1  0.81166244  0.68637869  0.60771852  1
  B  B6  1  0.18837484  0.81360484  0.10775050  1
  B  B7  1  0.68834705  0.31361912  0.60772067  1
  B  B8  1  0.68836474  0.81361490  0.89229078  1
  B  B9  1  0.18835617  0.31361446  0.39225743  1
  B  B10  1  0.81165028  0.18638865  0.89227146  1
  B  B11  1  0.31165577  0.68638591  0.39226022  1
  O  O12  1  0.83442031  0.35314941  0.84771670  1
  O  O13  1  0.33444504  0.85315762  0.34772839  1
  O  O14  1  0.66561412  0.64684378  0.84775887  1
  O  O15  1  0.16559174  0.14683582  0.34774751  1
  O  O16  1  0.16560551  0.64683793  0.15225124  1
  O  O17  1  0.66559927  0.14683960  0.65223957  1
  O  O18  1  0.33442845  0.35315407  0.15227570  1
  O  O19  1  0.83443295  0.85315110  0.65228424  1
  O  O20  1  0.60548396  0.13925039  0.08665739  1
  O  O21  1  0.10547779  0.63925468  0.58668370  1
  O  O22  1  0.89452805  0.86075608  0.08668258  1
  O  O23  1  0.39452364  0.36074816  0.58668666  1
  O  O24  1  0.39454879  0.86075121  0.91330813  1
  O  O25  1  0.89451466  0.36075402  0.41331664  1
  O  O26  1  0.10547489  0.13925115  0.91331942  1
  O  O27  1  0.60549972  0.63924743  0.41334558  1
",Rotate all surrounding atoms within 3.0517491126736465 angstrom of the center atom at index 23 by 102.87212213209031 degree around the axis [0. 0. 1.] in the cif file. The rotation should following the right-hand rule.,,"data_image0
_chemical_formula_structural       Fe4B8O16
_chemical_formula_sum              ""Fe4 B8 O16""
_cell_length_a       4.42432487
_cell_length_b       9.138414009999998
_cell_length_c       5.62321665
_cell_angle_alpha    90.00049574
_cell_angle_beta     90.00023422999999
_cell_angle_gamma    99.49599198000001

_space_group_name_H-M_alt    ""P 1""
_space_group_IT_number       1

loop_
  _space_group_symop_operation_xyz
  'x, y, z'

loop_
  _atom_site_type_symbol
  _atom_site_label
  _atom_site_symmetry_multiplicity
  _atom_site_fract_x
  _atom_site_fract_y
  _atom_site_fract_z
  _atom_site_occupancy
  Fe  Fe1       1.0  0.7499354  5.739999999999999e-06  0.348816  1.0000
  Fe  Fe2       1.0  0.74993975  0.50000629  0.15117894  1.0000
  Fe  Fe3       1.0  0.11886505577880958  0.23782831510213803  0.84882335  1.0000
  Fe  Fe4       1.0  0.24994426  2.9700000000000004e-06  0.65117942  1.0000
  B   B1        1.0  0.31164291000000005  0.18639223  0.10773036999999999  1.0000
  B   B2        1.0  0.8116624399999999  0.68637869  0.60771852  1.0000
  B   B3        1.0  0.18837483999999993  0.81360484  0.1077505  1.0000
  B   B4        1.0  0.47319711504470535  0.5195378636097069  0.60772067  1.0000
  B   B5        1.0  0.68836474  0.8136149  0.8922907799999998  1.0000
  B   B6        1.0  0.5030561804391758  0.28027480772766794  0.39225743  1.0000
  B   B7        1.0  0.81165028  0.18638865  0.89227146  1.0000
  B   B8        1.0  0.31165577  0.68638591  0.39226022  1.0000
  O   O1        1.0  0.38377645152081935  0.5741878865483605  0.8477167  1.0000
  O   O2        1.0  0.33444504  0.85315762  0.34772839  1.0000
  O   O3        1.0  0.66561412  0.64684378  0.84775887  1.0000
  O   O4        1.0  0.8449035075829202  0.33373135053798003  0.34774751  1.0000
  O   O5        1.0  0.16560551  0.64683793  0.15225124  1.0000
  O   O6        1.0  0.8150469967978589  0.5730031344833031  0.65223957  1.0000
  O   O7        1.0  0.41360710158523883  0.33491849651341643  0.15227569999999993  1.0000
  O   O8        1.0  0.83443295  0.8531511  0.65228424  1.0000
  O   O9        1.0  0.60548396  0.13925039  0.08665739  1.0000
  O   O10       1.0  0.8431937971759748  0.11496942392245524  0.5866837  1.0000
  O   O11       1.0  0.89452805  0.86075608  0.08668258  1.0000
  O   O12       1.0  0.39452364  0.36074816  0.58668666  1.0000
  O   O13       1.0  0.39454879  0.86075121  0.91330813  1.0000
  O   O14       1.0  0.3646544637098905  0.6000089816270973  0.41331663999999996  1.0000
  O   O15       1.0  0.863988711693272  0.3078924148067379  0.91331942  1.0000
  O   O16       1.0  0.8133495407991923  0.35425009566146476  0.41334558  1.0000
"
"# generated using pymatgen
data_Fe5SiB2
_symmetry_space_group_name_H-M   'P 1'
_cell_length_a   5.50951100
_cell_length_b   5.50951100
_cell_length_c   6.44938653
_cell_angle_alpha   115.28585029
_cell_angle_beta   115.28585029
_cell_angle_gamma   90.00000000
_symmetry_Int_Tables_number   1
_chemical_formula_structural   Fe5SiB2
_chemical_formula_sum   'Fe10 Si2 B4'
_cell_volume   156.01620496
_cell_formula_units_Z   2
loop_
 _symmetry_equiv_pos_site_id
 _symmetry_equiv_pos_as_xyz
  1  'x, y, z'
loop_
 _atom_site_type_symbol
 _atom_site_label
 _atom_site_symmetry_multiplicity
 _atom_site_fract_x
 _atom_site_fract_y
 _atom_site_fract_z
 _atom_site_occupancy
  Fe  Fe0  1  0.03266800  0.53266800  0.72760900  1
  Fe  Fe1  1  0.69494100  0.19494100  0.72760900  1
  Fe  Fe2  1  0.19494100  0.03266800  0.72760900  1
  Fe  Fe3  1  0.53266800  0.69494100  0.72760900  1
  Fe  Fe4  1  0.96733200  0.46733200  0.27239100  1
  Fe  Fe5  1  0.30505900  0.80505900  0.27239100  1
  Fe  Fe6  1  0.80505900  0.96733200  0.27239100  1
  Fe  Fe7  1  0.46733200  0.30505900  0.27239100  1
  Fe  Fe8  1  0.50000000  0.50000000  0.00000000  1
  Fe  Fe9  1  0.00000000  0.00000000  0.00000000  1
  Si  Si10  1  0.25000000  0.25000000  0.50000000  1
  Si  Si11  1  0.75000000  0.75000000  0.50000000  1
  B  B12  1  0.38044700  0.88044700  0.00000000  1
  B  B13  1  0.61955300  0.11955300  0.00000000  1
  B  B14  1  0.11955300  0.38044700  0.00000000  1
  B  B15  1  0.88044700  0.61955300  0.00000000  1
",Rotate all surrounding atoms within 3.545215805931017 angstrom of the center atom at index 5 by 204.7693247617656 degree around the axis [0. 1. 0.] in the cif file. The rotation should following the right-hand rule.,,"data_image0
_chemical_formula_structural       Fe10Si2B4
_chemical_formula_sum              ""Fe10 Si2 B4""
_cell_length_a       5.509511
_cell_length_b       5.509511
_cell_length_c       6.449386529999999
_cell_angle_alpha    115.28585029
_cell_angle_beta     115.28585029
_cell_angle_gamma    90.0

_space_group_name_H-M_alt    ""P 1""
_space_group_IT_number       1

loop_
  _space_group_symop_operation_xyz
  'x, y, z'

loop_
  _atom_site_type_symbol
  _atom_site_label
  _atom_site_symmetry_multiplicity
  _atom_site_fract_x
  _atom_site_fract_y
  _atom_site_fract_z
  _atom_site_occupancy
  Fe  Fe1       1.0  0.26219254063402514  0.9861131408499543  0.6344994802486177  1.0000
  Fe  Fe2       1.0  0.8095625947710783  0.7971013481111248  0.9319298407467157  1.0000
  Fe  Fe3       1.0  0.15128719011389524  0.5225519852961147  0.7073771559036842  1.0000
  Fe  Fe4       1.0  0.9204679452912081  0.26066250366496446  0.8590521650916492  1.0000
  Fe  Fe5       1.0  0.8524290541370533  0.6160472072611705  0.5698213604980978  1.0000
  Fe  Fe6       1.0  0.305059  0.805059  0.272391  1.0000
  Fe  Fe7       1.0  0.963334404657183  0.07960836281500994  0.4969436848430314  1.0000
  Fe  Fe8       1.0  0.19415364947987013  0.3414978444461603  0.3452686756550665  1.0000
  Fe  Fe9       1.0  0.3088736396567426  0.8342189313794806  0.6684377413461949  1.0000
  Fe  Fe10      1.0  0.6505982349995596  0.22194256856447053  0.4438850565031635  1.0000
  Si  Si1       1.0  0.22817309505694763  0.9949419926480573  0.9898840779518421  1.0000
  Si  Si2       1.0  0.8864484997141306  0.6072183554630673  0.21443676279487348  1.0000
  B   B1        1.0  0.3905820407507821  0.18781997937223482  0.6147458470841171  1.0000
  B   B2        1.0  0.619553  0.119553  0.0  1.0000
  B   B3        1.0  0.5688898339055201  0.6292355205717164  0.4975769507652414  1.0000
  B   B4        1.0  0.048857445407965334  0.03920234218724494  0.8392985319271484  1.0000
"
"# generated using pymatgen
data_SrI2O
_symmetry_space_group_name_H-M   'P 1'
_cell_length_a   4.89361200
_cell_length_b   8.94823300
_cell_length_c   12.99666100
_cell_angle_alpha   90.00000000
_cell_angle_beta   90.00000000
_cell_angle_gamma   90.00000000
_symmetry_Int_Tables_number   1
_chemical_formula_structural   SrI2O
_chemical_formula_sum   'Sr4 I8 O4'
_cell_volume   569.11313297
_cell_formula_units_Z   4
loop_
 _symmetry_equiv_pos_site_id
 _symmetry_equiv_pos_as_xyz
  1  'x, y, z'
loop_
 _atom_site_type_symbol
 _atom_site_label
 _atom_site_symmetry_multiplicity
 _atom_site_fract_x
 _atom_site_fract_y
 _atom_site_fract_z
 _atom_site_occupancy
  Sr  Sr0  1  0.25000000  0.38556800  0.70292200  1
  Sr  Sr1  1  0.25000000  0.11443200  0.20292200  1
  Sr  Sr2  1  0.75000000  0.61443200  0.29707800  1
  Sr  Sr3  1  0.75000000  0.88556800  0.79707800  1
  I  I4  1  0.75000000  0.61945300  0.60872600  1
  I  I5  1  0.75000000  0.88054700  0.10872600  1
  I  I6  1  0.25000000  0.38054700  0.39127400  1
  I  I7  1  0.25000000  0.11945300  0.89127400  1
  I  I8  1  0.75000000  0.14498900  0.60223300  1
  I  I9  1  0.75000000  0.35501100  0.10223300  1
  I  I10  1  0.25000000  0.85501100  0.39776700  1
  I  I11  1  0.25000000  0.64498900  0.89776700  1
  O  O12  1  0.75000000  0.37536900  0.73385300  1
  O  O13  1  0.75000000  0.12463100  0.23385300  1
  O  O14  1  0.25000000  0.62463100  0.26614700  1
  O  O15  1  0.25000000  0.87536900  0.76614700  1
",Rotate all surrounding atoms within 2.874097847309089 angstrom of the center atom at index 0 by 126.23529378599642 degree around the axis [-1.  0.  0.] in the cif file. The rotation should following the right-hand rule.,,"data_image0
_chemical_formula_structural       Sr4I8O4
_chemical_formula_sum              ""Sr4 I8 O4""
_cell_length_a       4.893612
_cell_length_b       8.948233
_cell_length_c       12.996661
_cell_angle_alpha    90.0
_cell_angle_beta     90.0
_cell_angle_gamma    90.0

_space_group_name_H-M_alt    ""P 1""
_space_group_IT_number       1

loop_
  _space_group_symop_operation_xyz
  'x, y, z'

loop_
  _atom_site_type_symbol
  _atom_site_label
  _atom_site_symmetry_multiplicity
  _atom_site_fract_x
  _atom_site_fract_y
  _atom_site_fract_z
  _atom_site_occupancy
  Sr  Sr1       1.0  0.25  0.385568  0.702922  1.0000
  Sr  Sr2       1.0  0.25  0.11443199999999999  0.20292200000000002  1.0000
  Sr  Sr3       1.0  0.75  0.614432  0.297078  1.0000
  Sr  Sr4       1.0  0.75  0.885568  0.797078  1.0000
  I   I1        1.0  0.75  0.619453  0.608726  1.0000
  I   I2        1.0  0.75  0.880547  0.10872600000000002  1.0000
  I   I3        1.0  0.25  0.380547  0.39127400000000007  1.0000
  I   I4        1.0  0.25  0.119453  0.891274  1.0000
  I   I5        1.0  0.75  0.144989  0.602233  1.0000
  I   I6        1.0  0.75  0.355011  0.102233  1.0000
  I   I7        1.0  0.25  0.855011  0.39776700000000004  1.0000
  I   I8        1.0  0.25  0.644989  0.8977670000000002  1.0000
  O   O1        1.0  0.75  0.427833028729738  0.6903025533669735  1.0000
  O   O2        1.0  0.75  0.12463100000000002  0.233853  1.0000
  O   O3        1.0  0.25  0.624631  0.266147  1.0000
  O   O4        1.0  0.25  0.875369  0.7661470000000001  1.0000
"
"# generated using pymatgen
data_Ce3Bi4Au3
_symmetry_space_group_name_H-M   'P 1'
_cell_length_a   8.95451042
_cell_length_b   8.95451042
_cell_length_c   8.95451042
_cell_angle_alpha   109.47122063
_cell_angle_beta   109.47122063
_cell_angle_gamma   109.47122063
_symmetry_Int_Tables_number   1
_chemical_formula_structural   Ce3Bi4Au3
_chemical_formula_sum   'Ce6 Bi8 Au6'
_cell_volume   552.71804987
_cell_formula_units_Z   2
loop_
 _symmetry_equiv_pos_site_id
 _symmetry_equiv_pos_as_xyz
  1  'x, y, z'
loop_
 _atom_site_type_symbol
 _atom_site_label
 _atom_site_symmetry_multiplicity
 _atom_site_fract_x
 _atom_site_fract_y
 _atom_site_fract_z
 _atom_site_occupancy
  Ce  Ce0  1  0.87500000  0.25000000  0.12500000  1
  Ce  Ce1  1  0.62500000  0.75000000  0.37500000  1
  Ce  Ce2  1  0.25000000  0.12500000  0.87500000  1
  Ce  Ce3  1  0.75000000  0.37500000  0.62500000  1
  Ce  Ce4  1  0.12500000  0.87500000  0.25000000  1
  Ce  Ce5  1  0.37500000  0.62500000  0.75000000  1
  Bi  Bi6  1  0.68051100  0.50000000  0.00000000  1
  Bi  Bi7  1  0.50000000  0.00000000  0.68051100  1
  Bi  Bi8  1  0.00000000  0.68051100  0.50000000  1
  Bi  Bi9  1  0.81948900  0.81948900  0.81948900  1
  Bi  Bi10  1  0.50000000  0.00000000  0.18051100  1
  Bi  Bi11  1  0.18051100  0.50000000  0.00000000  1
  Bi  Bi12  1  0.00000000  0.18051100  0.50000000  1
  Bi  Bi13  1  0.31948900  0.31948900  0.31948900  1
  Au  Au14  1  0.37500000  0.25000000  0.62500000  1
  Au  Au15  1  0.12500000  0.75000000  0.87500000  1
  Au  Au16  1  0.25000000  0.62500000  0.37500000  1
  Au  Au17  1  0.75000000  0.87500000  0.12500000  1
  Au  Au18  1  0.62500000  0.37500000  0.25000000  1
  Au  Au19  1  0.87500000  0.12500000  0.75000000  1
",Rotate all surrounding atoms within 3.720378139159179 angstrom of the center atom at index 11 by 122.39096968982113 degree around the axis [ 0.  0. -1.] in the cif file. The rotation should following the right-hand rule.,,"data_image0
_chemical_formula_structural       Ce6Bi8Au6
_chemical_formula_sum              ""Ce6 Bi8 Au6""
_cell_length_a       8.95451042
_cell_length_b       8.95451042
_cell_length_c       8.95451042
_cell_angle_alpha    109.47122062999999
_cell_angle_beta     109.47122063
_cell_angle_gamma    109.47122063

_space_group_name_H-M_alt    ""P 1""
_space_group_IT_number       1

loop_
  _space_group_symop_operation_xyz
  'x, y, z'

loop_
  _atom_site_type_symbol
  _atom_site_label
  _atom_site_symmetry_multiplicity
  _atom_site_fract_x
  _atom_site_fract_y
  _atom_site_fract_z
  _atom_site_occupancy
  Ce  Ce1       1.0  0.43589559882878615  0.07057782553784805  0.12499999999999999  1.0000
  Ce  Ce2       1.0  0.20959802441738312  0.442509964868739  0.375  1.0000
  Ce  Ce3       1.0  0.19731688607352238  0.4597868203576909  0.875  1.0000
  Ce  Ce4       1.0  0.8867807418299744  0.6860843947690938  0.6249999999999999  1.0000
  Ce  Ce5       1.0  0.6800088797282388  0.7273846758970328  0.24999999999999997  1.0000
  Ce  Ce6       1.0  0.48219159710181625  0.09595910570873678  0.75  1.0000
  Bi  Bi1       1.0  0.680511  0.5  0.0  1.0000
  Bi  Bi2       1.0  0.5  0.0  0.680511  1.0000
  Bi  Bi3       1.0  0.0  0.680511  0.5  1.0000
  Bi  Bi4       1.0  0.8194890000000001  0.819489  0.819489  1.0000
  Bi  Bi5       1.0  0.5  0.0  0.180511  1.0000
  Bi  Bi6       1.0  0.180511  0.5  0.0  1.0000
  Bi  Bi7       1.0  1.239847822551483e-17  0.180511  0.5  1.0000
  Bi  Bi8       1.0  0.319489  0.3194890000000001  0.31948900000000013  1.0000
  Au  Au1       1.0  0.375  0.24999999999999997  0.625  1.0000
  Au  Au2       1.0  0.8613683104977875  0.4235231035085325  0.875  1.0000
  Au  Au3       1.0  0.4104831674965993  0.8080165342772866  0.375  1.0000
  Au  Au4       1.0  0.75  0.875  0.125  1.0000
  Au  Au5       1.0  0.625  0.375  0.25  1.0000
  Au  Au6       1.0  0.6172550295983348  0.7667162531493477  0.75  1.0000
"
"# generated using pymatgen
data_As2O3
_symmetry_space_group_name_H-M   'P 1'
_cell_length_a   9.91506500
_cell_length_b   6.51535400
_cell_length_c   8.45905202
_cell_angle_alpha   90.00000000
_cell_angle_beta   94.37362026
_cell_angle_gamma   90.00000000
_symmetry_Int_Tables_number   1
_chemical_formula_structural   As2O3
_chemical_formula_sum   'As8 O12'
_cell_volume   544.86480348
_cell_formula_units_Z   4
loop_
 _symmetry_equiv_pos_site_id
 _symmetry_equiv_pos_as_xyz
  1  'x, y, z'
loop_
 _atom_site_type_symbol
 _atom_site_label
 _atom_site_symmetry_multiplicity
 _atom_site_fract_x
 _atom_site_fract_y
 _atom_site_fract_z
 _atom_site_occupancy
  As  As0  1  0.89082900  0.72734400  0.82828000  1
  As  As1  1  0.10917100  0.22734400  0.67172000  1
  As  As2  1  0.10917100  0.27265600  0.17172000  1
  As  As3  1  0.89082900  0.77265600  0.32828000  1
  As  As4  1  0.69819400  0.73561600  0.11249800  1
  As  As5  1  0.30180600  0.23561600  0.38750200  1
  As  As6  1  0.30180600  0.26438400  0.88750200  1
  As  As7  1  0.69819400  0.76438400  0.61249800  1
  O  O8  1  0.68125600  0.98494300  0.75002800  1
  O  O9  1  0.31874400  0.48494300  0.74997200  1
  O  O10  1  0.31874400  0.01505700  0.24997200  1
  O  O11  1  0.68125600  0.51505700  0.25002800  1
  O  O12  1  0.83968400  0.61582900  0.01060100  1
  O  O13  1  0.16031600  0.11582900  0.48939900  1
  O  O14  1  0.16031600  0.38417100  0.98939900  1
  O  O15  1  0.83968400  0.88417100  0.51060100  1
  O  O16  1  0.80447300  0.51519400  0.35962900  1
  O  O17  1  0.19552700  0.01519400  0.14037100  1
  O  O18  1  0.19552700  0.48480600  0.64037100  1
  O  O19  1  0.80447300  0.98480600  0.85962900  1
",Rotate all surrounding atoms within 2.2130210055715738 angstrom of the center atom at index 8 by 150.29873984147076 degree around the axis [0. 0. 1.] in the cif file. The rotation should following the right-hand rule.,,"data_image0
_chemical_formula_structural       As8O12
_chemical_formula_sum              ""As8 O12""
_cell_length_a       9.915065
_cell_length_b       6.515354
_cell_length_c       8.45905202
_cell_angle_alpha    90.0
_cell_angle_beta     94.37362026
_cell_angle_gamma    90.0

_space_group_name_H-M_alt    ""P 1""
_space_group_IT_number       1

loop_
  _space_group_symop_operation_xyz
  'x, y, z'

loop_
  _atom_site_type_symbol
  _atom_site_label
  _atom_site_symmetry_multiplicity
  _atom_site_fract_x
  _atom_site_fract_y
  _atom_site_fract_z
  _atom_site_occupancy
  As  As1       1.0  0.890829  0.727344  0.82828  1.0000
  As  As2       1.0  0.109171  0.22734400000000002  0.6717199999999998  1.0000
  As  As3       1.0  0.109171  0.272656  0.17172  1.0000
  As  As4       1.0  0.890829  0.772656  0.32828  1.0000
  As  As5       1.0  0.698194  0.7356159999999999  0.112498  1.0000
  As  As6       1.0  0.301806  0.235616  0.387502  1.0000
  As  As7       1.0  0.301806  0.264384  0.8875019999999999  1.0000
  As  As8       1.0  0.7216341827589271  0.19604351493520333  0.612498  1.0000
  O   O1        1.0  0.681256  0.9849429999999999  0.7500279999999998  1.0000
  O   O2        1.0  0.318744  0.484943  0.749972  1.0000
  O   O3        1.0  0.318744  0.015057  0.249972  1.0000
  O   O4        1.0  0.681256  0.515057  0.250028  1.0000
  O   O5        1.0  0.8396839999999999  0.615829  0.010601  1.0000
  O   O6        1.0  0.160316  0.115829  0.4893989999999999  1.0000
  O   O7        1.0  0.16031599999999996  0.384171  0.9893989999999999  1.0000
  O   O8        1.0  0.8396839999999999  0.8841710000000002  0.510601  1.0000
  O   O9        1.0  0.804473  0.515194  0.359629  1.0000
  O   O10       1.0  0.195527  0.015194000000000001  0.140371  1.0000
  O   O11       1.0  0.195527  0.484806  0.6403709999999998  1.0000
  O   O12       1.0  0.5875965075413591  0.07259310029970978  0.859629  1.0000
"
"# generated using pymatgen
data_BeSO8
_symmetry_space_group_name_H-M   'P 1'
_cell_length_a   7.29002186
_cell_length_b   7.29002186
_cell_length_c   7.29002186
_cell_angle_alpha   101.84974650
_cell_angle_beta   101.84974650
_cell_angle_gamma   126.10793606
_symmetry_Int_Tables_number   1
_chemical_formula_structural   BeSO8
_chemical_formula_sum   'Be2 S2 O16'
_cell_volume   279.02146635
_cell_formula_units_Z   2
loop_
 _symmetry_equiv_pos_site_id
 _symmetry_equiv_pos_as_xyz
  1  'x, y, z'
loop_
 _atom_site_type_symbol
 _atom_site_label
 _atom_site_symmetry_multiplicity
 _atom_site_fract_x
 _atom_site_fract_y
 _atom_site_fract_z
 _atom_site_occupancy
  Be  Be0  1  0.00000000  0.50000000  0.50000000  1
  Be  Be1  1  0.50000000  0.00000000  0.50000000  1
  S  S2  1  0.00000000  0.00000000  0.00000000  1
  S  S3  1  0.50000000  0.50000000  0.00000000  1
  O  O4  1  0.12785900  0.10665000  0.23450900  1
  O  O5  1  0.87214100  0.89335000  0.76549100  1
  O  O6  1  0.37214100  0.60665000  0.97879100  1
  O  O7  1  0.62785900  0.39335000  0.02120900  1
  O  O8  1  0.10665000  0.87214100  0.97879100  1
  O  O9  1  0.89335000  0.12785900  0.02120900  1
  O  O10  1  0.60665000  0.62785900  0.23450900  1
  O  O11  1  0.39335000  0.37214100  0.76549100  1
  O  O12  1  0.89187500  0.21754500  0.50000000  1
  O  O13  1  0.71754500  0.39187500  0.50000000  1
  O  O14  1  0.21754500  0.71754500  0.32566900  1
  O  O15  1  0.39187500  0.89187500  0.67433100  1
  O  O16  1  0.10812500  0.78245500  0.50000000  1
  O  O17  1  0.28245500  0.60812500  0.50000000  1
  O  O18  1  0.78245500  0.28245500  0.67433100  1
  O  O19  1  0.60812500  0.10812500  0.32566900  1
",Rotate all surrounding atoms within 3.848572488262956 angstrom of the center atom at index 13 by 97.63926769696559 degree around the axis [0. 1. 0.] in the cif file. The rotation should following the right-hand rule.,,"data_image0
_chemical_formula_structural       Be2S2O16
_chemical_formula_sum              ""Be2 S2 O16""
_cell_length_a       7.29002186
_cell_length_b       7.29002186
_cell_length_c       7.29002186
_cell_angle_alpha    101.84974650000001
_cell_angle_beta     101.84974650000001
_cell_angle_gamma    126.10793606000001

_space_group_name_H-M_alt    ""P 1""
_space_group_IT_number       1

loop_
  _space_group_symop_operation_xyz
  'x, y, z'

loop_
  _atom_site_type_symbol
  _atom_site_label
  _atom_site_symmetry_multiplicity
  _atom_site_fract_x
  _atom_site_fract_y
  _atom_site_fract_z
  _atom_site_occupancy
  Be  Be1       1.0  0.3194389940175286  0.9343171751137218  0.36863435009312884  1.0000
  Be  Be2       1.0  0.47738597622940815  0.9925561856466798  0.48511237129566165  1.0000
  S   S1        1.0  0.0  0.0  0.0  1.0000
  S   S2        1.0  0.5  0.5  0.0  1.0000
  O   O1        1.0  0.6636328635693611  0.461109486118479  0.9434279721273399  1.0000
  O   O2        1.0  0.2863933819550346  0.851608810908423  0.6820086218297546  1.0000
  O   O3        1.0  0.372141  0.60665  0.9787909999999997  1.0000
  O   O4        1.0  0.4629465833623444  0.6602543946115024  0.5550177891404633  1.0000
  O   O5        1.0  0.9341946576532227  0.1525220361245887  0.539553072162468  1.0000
  O   O6        1.0  0.8933500000000002  0.127859  0.021209  1.0000
  O   O7        1.0  0.8525523437553568  0.8869020400361927  0.7525950799922753  1.0000
  O   O8        1.0  0.0974739017690387  0.4258162569907092  0.8728415139648191  1.0000
  O   O9        1.0  0.4239547948179944  0.06352061341242136  0.19195122687247546  1.0000
  O   O10       1.0  0.7175450000000002  0.391875  0.5  1.0000
  O   O11       1.0  0.2703652041574429  0.18104658785694272  0.25267217557054544  1.0000
  O   O12       1.0  0.5552406262367917  0.15787100448956215  0.20632300889686395  1.0000
  O   O13       1.0  0.5260714507064013  0.2491976836144809  0.43348536708461927  1.0000
  O   O14       1.0  0.23248124552439542  0.9208432970269022  0.1254365939570945  1.0000
  O   O15       1.0  0.6796610413669524  0.13167170916995935  0.37276441838654917  1.0000
  O   O16       1.0  0.3947856192876037  0.1548472925373399  0.4191135850602307  1.0000
"
"# generated using pymatgen
data_NaFeSO4F
_symmetry_space_group_name_H-M   'P 1'
_cell_length_a   6.77596200
_cell_length_b   8.79053200
_cell_length_c   7.35153319
_cell_angle_alpha   89.99997134
_cell_angle_beta   113.60226813
_cell_angle_gamma   89.99992713
_symmetry_Int_Tables_number   1
_chemical_formula_structural   NaFeSO4F
_chemical_formula_sum   'Na4 Fe4 S4 O16 F4'
_cell_volume   401.25822587
_cell_formula_units_Z   4
loop_
 _symmetry_equiv_pos_site_id
 _symmetry_equiv_pos_as_xyz
  1  'x, y, z'
loop_
 _atom_site_type_symbol
 _atom_site_label
 _atom_site_symmetry_multiplicity
 _atom_site_fract_x
 _atom_site_fract_y
 _atom_site_fract_z
 _atom_site_occupancy
  Na  Na0  1  0.50000400  0.83819300  0.75000500  1
  Na  Na1  1  0.99999800  0.33817900  0.75000900  1
  Na  Na2  1  0.49999600  0.16179700  0.25001000  1
  Na  Na3  1  0.00000200  0.66182000  0.25000800  1
  Fe  Fe4  1  0.49989500  0.50008600  0.99978300  1
  Fe  Fe5  1  0.99998100  0.99989600  0.49991000  1
  Fe  Fe6  1  0.00002400  0.99999700  0.99983000  1
  Fe  Fe7  1  0.50008600  0.50008800  0.50024500  1
  S  S8  1  0.50000100  0.18091800  0.75000800  1
  S  S9  1  0.99999200  0.68090300  0.75000700  1
  S  S10  1  0.50000100  0.81906900  0.25000800  1
  S  S11  1  0.99999300  0.31906200  0.25001000  1
  O  O12  1  0.39350400  0.27863100  0.85143200  1
  O  O13  1  0.89350600  0.77862600  0.85142400  1
  O  O14  1  0.60650100  0.27863600  0.64860700  1
  O  O15  1  0.10649700  0.77862900  0.64858200  1
  O  O16  1  0.60649500  0.72136900  0.14858300  1
  O  O17  1  0.10648900  0.22136300  0.14859000  1
  O  O18  1  0.39350400  0.72136100  0.35141500  1
  O  O19  1  0.89351800  0.22136600  0.35143600  1
  O  O20  1  0.66221600  0.08018300  0.89915800  1
  O  O21  1  0.16220300  0.58019200  0.89914700  1
  O  O22  1  0.33779100  0.08018900  0.60086300  1
  O  O23  1  0.83780300  0.58019300  0.60087000  1
  O  O24  1  0.33778600  0.91980900  0.10085900  1
  O  O25  1  0.83777800  0.41981400  0.10085600  1
  O  O26  1  0.66220700  0.91980300  0.39915600  1
  O  O27  1  0.16222300  0.41981800  0.39916500  1
  F  F28  1  0.49999700  0.58638200  0.75000700  1
  F  F29  1  0.99999700  0.08636100  0.75000100  1
  F  F30  1  0.50000400  0.41362800  0.25001700  1
  F  F31  1  0.00000500  0.91363800  0.25000100  1
",Rotate all surrounding atoms within 3.7258595586407512 angstrom of the center atom at index 27 by 310.524007112451 degree around the axis [0. 1. 0.] in the cif file. The rotation should following the right-hand rule.,,"data_image0
_chemical_formula_structural       Na4Fe4S4O16F4
_chemical_formula_sum              ""Na4 Fe4 S4 O16 F4""
_cell_length_a       6.775962
_cell_length_b       8.790532000000002
_cell_length_c       7.35153319
_cell_angle_alpha    89.99997134
_cell_angle_beta     113.60226813
_cell_angle_gamma    89.99992713000002

_space_group_name_H-M_alt    ""P 1""
_space_group_IT_number       1

loop_
  _space_group_symop_operation_xyz
  'x, y, z'

loop_
  _atom_site_type_symbol
  _atom_site_label
  _atom_site_symmetry_multiplicity
  _atom_site_fract_x
  _atom_site_fract_y
  _atom_site_fract_z
  _atom_site_occupancy
  Na  Na1       1.0  0.5000040000000001  0.838193  0.750005  1.0000
  Na  Na2       1.0  0.669075870509257  0.33817866135997177  0.15115210425943126  1.0000
  Na  Na3       1.0  0.6281190325689558  0.16179669606526764  0.6100422226031912  1.0000
  Na  Na4       1.0  0.1371783485923747  0.6618200187843544  0.22775660139014503  1.0000
  Fe  Fe1       1.0  0.4998949999999999  0.500086  0.9997829999999998  1.0000
  Fe  Fe2       1.0  0.9999809999999998  0.9998960000000001  0.4999099999999999  1.0000
  Fe  Fe3       1.0  2.4000000000041343e-05  0.999997  0.99983  1.0000
  Fe  Fe4       1.0  0.40299870532396104  0.5000878401528884  0.6895952278806907  1.0000
  S   S1        1.0  0.17813136048647943  0.18091798408227092  0.7688636777659572  1.0000
  S   S2        1.0  0.9999919999999999  0.6809030000000001  0.750007  1.0000
  S   S3        1.0  0.500001  0.819069  0.250008  1.0000
  S   S4        1.0  0.11906444258037596  0.31906137334239254  0.9923303314652243  1.0000
  O   O1        1.0  0.982281842301514  0.2786311112451453  0.7196542443167249  1.0000
  O   O2        1.0  0.893506  0.778626  0.851424  1.0000
  O   O3        1.0  0.3739631187826611  0.2786358569305012  0.8180829571353636  1.0000
  O   O4        1.0  0.10649699999999987  0.778629  0.6485819999999998  1.0000
  O   O5        1.0  0.606495  0.721369  0.148583  1.0000
  O   O6        1.0  0.3330126581151437  0.22136289163175585  0.2769598624764406  1.0000
  O   O7        1.0  0.4322915098588248  0.721360823213478  0.560831159596166  1.0000
  O   O8        1.0  0.9232347319825086  0.22136550049242706  0.9431381075459527  1.0000
  O   O9        1.0  0.662216  0.080183  0.8991579999999999  1.0000
  O   O10       1.0  0.162203  0.580192  0.899147  1.0000
  O   O11       1.0  0.15308672031483428  0.08018900286680292  0.597467068817063  1.0000
  O   O12       1.0  0.6440405486182991  0.5801926801379131  0.9797693022120963  1.0000
  O   O13       1.0  0.337786  0.9198089999999999  0.10085899999999998  1.0000
  O   O14       1.0  0.0940229868058533  0.4198133921247527  0.8209272950578431  1.0000
  O   O15       1.0  0.662207  0.919803  0.3991559999999999  1.0000
  O   O16       1.0  0.162223  0.41981800000000014  0.399165  1.0000
  F   F1        1.0  0.17812832077736152  0.5863819840838449  0.7688608133080282  1.0000
  F   F2        1.0  0.9999969999999999  0.086361  0.7500009999999998  1.0000
  F   F3        1.0  0.6281205802993293  0.4136276960638682  0.6100508803912412  1.0000
  F   F4        1.0  5.000000000002031e-06  0.9136379999999998  0.250001  1.0000
"
"# generated using pymatgen
data_Bi14Mo5
_symmetry_space_group_name_H-M   'P 1'
_cell_length_a   14.89873481
_cell_length_b   14.89873481
_cell_length_c   7.35459181
_cell_angle_alpha   78.71455044
_cell_angle_beta   78.71455044
_cell_angle_gamma   19.10547631
_symmetry_Int_Tables_number   1
_chemical_formula_structural   Bi14Mo5
_chemical_formula_sum   'Bi14 Mo5'
_cell_volume   523.70850115
_cell_formula_units_Z   1
loop_
 _symmetry_equiv_pos_site_id
 _symmetry_equiv_pos_as_xyz
  1  'x, y, z'
loop_
 _atom_site_type_symbol
 _atom_site_label
 _atom_site_symmetry_multiplicity
 _atom_site_fract_x
 _atom_site_fract_y
 _atom_site_fract_z
 _atom_site_occupancy
  Bi  Bi0  1  0.51856400  0.51856400  0.76384600  1
  Bi  Bi1  1  0.48143600  0.48143600  0.23615400  1
  Bi  Bi2  1  0.25814500  0.25814500  0.83767300  1
  Bi  Bi3  1  0.74185500  0.74185500  0.16232700  1
  Bi  Bi4  1  0.67380700  0.67380700  0.84342000  1
  Bi  Bi5  1  0.32619300  0.32619300  0.15658000  1
  Bi  Bi6  1  0.09777400  0.09777400  0.81244700  1
  Bi  Bi7  1  0.90222600  0.90222600  0.18755300  1
  Bi  Bi8  1  0.94177700  0.94177700  0.72029400  1
  Bi  Bi9  1  0.05822300  0.05822300  0.27970600  1
  Bi  Bi10  1  0.37353100  0.37353100  0.65406800  1
  Bi  Bi11  1  0.62646900  0.62646900  0.34593200  1
  Bi  Bi12  1  0.80475000  0.80475000  0.56663100  1
  Bi  Bi13  1  0.19525000  0.19525000  0.43336900  1
  Mo  Mo14  1  0.00000000  0.00000000  0.00000000  1
  Mo  Mo15  1  0.41981700  0.41981700  0.96146500  1
  Mo  Mo16  1  0.58018300  0.58018300  0.03853500  1
  Mo  Mo17  1  0.83747500  0.83747500  0.90644400  1
  Mo  Mo18  1  0.16252500  0.16252500  0.09355600  1
",Rotate all surrounding atoms within 3.4646691073870057 angstrom of the center atom at index 14 by 126.44241390995724 degree around the axis [ 0. -1.  0.] in the cif file. The rotation should following the right-hand rule.,,"data_image0
_chemical_formula_structural       Bi14Mo5
_chemical_formula_sum              ""Bi14 Mo5""
_cell_length_a       14.89873481
_cell_length_b       14.89873481
_cell_length_c       7.35459181
_cell_angle_alpha    78.71455044
_cell_angle_beta     78.71455044
_cell_angle_gamma    19.10547631000002

_space_group_name_H-M_alt    ""P 1""
_space_group_IT_number       1

loop_
  _space_group_symop_operation_xyz
  'x, y, z'

loop_
  _atom_site_type_symbol
  _atom_site_label
  _atom_site_symmetry_multiplicity
  _atom_site_fract_x
  _atom_site_fract_y
  _atom_site_fract_z
  _atom_site_occupancy
  Bi  Bi1       1.0  0.4670663338865588  0.48965312564434715  0.34590746603530165  1.0000
  Bi  Bi2       1.0  0.8000794998064267  0.4209190990400718  0.45453832346690737  1.0000
  Bi  Bi3       1.0  0.258145  0.258145  0.8376730000000002  1.0000
  Bi  Bi4       1.0  0.7418549999999999  0.741855  0.16232700000000003  1.0000
  Bi  Bi5       1.0  0.673807  0.673807  0.84342  1.0000
  Bi  Bi6       1.0  0.326193  0.326193  0.15658  1.0000
  Bi  Bi7       1.0  0.3954700049248583  0.13991230276089203  0.9640782519808505  1.0000
  Bi  Bi8       1.0  0.8716758287681277  0.7706599219235267  0.8363675375213582  1.0000
  Bi  Bi9       1.0  0.5308014769145006  0.8417872262943209  0.7333840766162987  1.0000
  Bi  Bi10      1.0  0.7363443567784852  0.06878499839009782  0.06706171288591038  1.0000
  Bi  Bi11      1.0  0.373531  0.373531  0.654068  1.0000
  Bi  Bi12      1.0  0.6264690000000002  0.626469  0.345932  1.0000
  Bi  Bi13      1.0  0.8047499999999997  0.8047500000000001  0.566631  1.0000
  Bi  Bi14      1.0  0.19525  0.19525  0.4333690000000001  1.0000
  Mo  Mo1       1.0  0.0  0.0  0.0  1.0000
  Mo  Mo2       1.0  0.4198170000000001  0.4198169999999999  0.9614650000000002  1.0000
  Mo  Mo3       1.0  0.580183  0.5801830000000001  0.038535000000000014  1.0000
  Mo  Mo4       1.0  0.837475  0.8374750000000001  0.9064440000000002  1.0000
  Mo  Mo5       1.0  0.16252500000000003  0.162525  0.09355600000000003  1.0000
"
"# generated using pymatgen
data_Pr2Si5Pt3
_symmetry_space_group_name_H-M   'P 1'
_cell_length_a   8.30438094
_cell_length_b   8.30438094
_cell_length_c   8.30438094
_cell_angle_alpha   136.60902836
_cell_angle_beta   105.49342727
_cell_angle_gamma   90.35461959
_symmetry_Int_Tables_number   1
_chemical_formula_structural   Pr2Si5Pt3
_chemical_formula_sum   'Pr4 Si10 Pt6'
_cell_volume   361.35671286
_cell_formula_units_Z   2
loop_
 _symmetry_equiv_pos_site_id
 _symmetry_equiv_pos_as_xyz
  1  'x, y, z'
loop_
 _atom_site_type_symbol
 _atom_site_label
 _atom_site_symmetry_multiplicity
 _atom_site_fract_x
 _atom_site_fract_y
 _atom_site_fract_z
 _atom_site_occupancy
  Pr  Pr0  1  0.86118200  0.62771700  0.23346500  1
  Pr  Pr1  1  0.13881800  0.37228300  0.76653500  1
  Pr  Pr2  1  0.39425200  0.12771700  0.26653500  1
  Pr  Pr3  1  0.60574800  0.87228300  0.73346500  1
  Si  Si4  1  0.50000000  0.75000000  0.25000000  1
  Si  Si5  1  0.50000000  0.25000000  0.75000000  1
  Si  Si6  1  0.22905800  0.97905800  0.75000000  1
  Si  Si7  1  0.77094200  0.52094200  0.75000000  1
  Si  Si8  1  0.77094200  0.02094200  0.25000000  1
  Si  Si9  1  0.22905800  0.47905800  0.25000000  1
  Si  Si10  1  0.03476100  0.88552400  0.14923700  1
  Si  Si11  1  0.96523900  0.11447600  0.85076300  1
  Si  Si12  1  0.73628700  0.38552400  0.35076300  1
  Si  Si13  1  0.26371300  0.61447600  0.64923700  1
  Pt  Pt14  1  0.00000000  0.75000000  0.75000000  1
  Pt  Pt15  1  0.00000000  0.25000000  0.25000000  1
  Pt  Pt16  1  0.25398800  0.86356400  0.39042500  1
  Pt  Pt17  1  0.74601200  0.13643600  0.60957500  1
  Pt  Pt18  1  0.47313900  0.36356400  0.10957500  1
  Pt  Pt19  1  0.52686100  0.63643600  0.89042500  1
",Rotate all surrounding atoms within 3.673868899657599 angstrom of the center atom at index 11 by 125.76396501685387 degree around the axis [ 0. -1.  0.] in the cif file. The rotation should following the right-hand rule.,,"data_image0
_chemical_formula_structural       Pr4Si10Pt6
_chemical_formula_sum              ""Pr4 Si10 Pt6""
_cell_length_a       8.30438094
_cell_length_b       8.304380939999998
_cell_length_c       8.30438094
_cell_angle_alpha    136.60902836
_cell_angle_beta     105.49342727
_cell_angle_gamma    90.35461959

_space_group_name_H-M_alt    ""P 1""
_space_group_IT_number       1

loop_
  _space_group_symop_operation_xyz
  'x, y, z'

loop_
  _atom_site_type_symbol
  _atom_site_label
  _atom_site_symmetry_multiplicity
  _atom_site_fract_x
  _atom_site_fract_y
  _atom_site_fract_z
  _atom_site_occupancy
  Pr  Pr1       1.0  0.3716998876339841  0.3941236258459233  0.28569502388443047  1.0000
  Pr  Pr2       1.0  0.21311507602619928  0.7149984376240617  0.8641229807871841  1.0000
  Pr  Pr3       1.0  0.394252  0.127717  0.266535  1.0000
  Pr  Pr4       1.0  0.1274006454603458  0.6958891932025093  0.4912869534118391  1.0000
  Si  Si1       1.0  0.5  0.75  0.25  1.0000
  Si  Si2       1.0  0.5  0.24999999999999994  0.75  1.0000
  Si  Si3       1.0  0.20666219110643325  0.42599869627797476  0.990682968101158  1.0000
  Si  Si4       1.0  0.770942  0.520942  0.75  1.0000
  Si  Si5       1.0  0.770942  0.02094199999999999  0.25  1.0000
  Si  Si6       1.0  0.5090697702495448  0.6310274108528745  0.45864482563016146  1.0000
  Si  Si7       1.0  0.034761  0.885524  0.149237  1.0000
  Si  Si8       1.0  0.965239  0.11447600000000001  0.8507630000000002  1.0000
  Si  Si9       1.0  0.736287  0.385524  0.350763  1.0000
  Si  Si10      1.0  0.263713  0.614476  0.649237  1.0000
  Pt  Pt1       1.0  0.023637097191835377  0.9203721699771246  0.9839107028027079  1.0000
  Pt  Pt2       1.0  0.5611778664683476  0.18874989349286073  0.16590730186890656  1.0000
  Pt  Pt3       1.0  0.25398800000000005  0.863564  0.390425  1.0000
  Pt  Pt4       1.0  0.1646723465371729  0.26966023394861244  0.7924838295198473  1.0000
  Pt  Pt5       1.0  0.473139  0.363564  0.10957500000000002  1.0000
  Pt  Pt6       1.0  0.526861  0.636436  0.890425  1.0000
"
"# generated using pymatgen
data_RbNa2CoF6
_symmetry_space_group_name_H-M   'P 1'
_cell_length_a   6.24767300
_cell_length_b   6.24767279
_cell_length_c   6.24767277
_cell_angle_alpha   59.99999257
_cell_angle_beta   59.99999349
_cell_angle_gamma   59.99999359
_symmetry_Int_Tables_number   1
_chemical_formula_structural   RbNa2CoF6
_chemical_formula_sum   'Rb1 Na2 Co1 F6'
_cell_volume   172.44069986
_cell_formula_units_Z   1
loop_
 _symmetry_equiv_pos_site_id
 _symmetry_equiv_pos_as_xyz
  1  'x, y, z'
loop_
 _atom_site_type_symbol
 _atom_site_label
 _atom_site_symmetry_multiplicity
 _atom_site_fract_x
 _atom_site_fract_y
 _atom_site_fract_z
 _atom_site_occupancy
  Rb  Rb0  1  0.50000000  0.50000000  0.50000000  1
  Na  Na1  1  0.25000000  0.25000000  0.25000000  1
  Na  Na2  1  0.75000000  0.75000000  0.75000000  1
  Co  Co3  1  0.00000000  0.00000000  0.00000000  1
  F  F4  1  0.21046100  0.78953900  0.21046100  1
  F  F5  1  0.78953900  0.78953900  0.21046100  1
  F  F6  1  0.78953900  0.21046100  0.78953900  1
  F  F7  1  0.78953900  0.21046100  0.21046100  1
  F  F8  1  0.21046100  0.78953900  0.78953900  1
  F  F9  1  0.21046100  0.21046100  0.78953900  1
",Rotate all surrounding atoms within 1.9500375815941906 angstrom of the center atom at index 9 by 254.43370761573564 degree around the axis [-1.  0.  0.] in the cif file. The rotation should following the right-hand rule.,,"data_image0
_chemical_formula_structural       RbNa2CoF6
_chemical_formula_sum              ""Rb1 Na2 Co1 F6""
_cell_length_a       6.247673
_cell_length_b       6.24767279
_cell_length_c       6.24767277
_cell_angle_alpha    59.99999257000002
_cell_angle_beta     59.99999349
_cell_angle_gamma    59.999993589999995

_space_group_name_H-M_alt    ""P 1""
_space_group_IT_number       1

loop_
  _space_group_symop_operation_xyz
  'x, y, z'

loop_
  _atom_site_type_symbol
  _atom_site_label
  _atom_site_symmetry_multiplicity
  _atom_site_fract_x
  _atom_site_fract_y
  _atom_site_fract_z
  _atom_site_occupancy
  Rb  Rb1       1.0  0.5  0.49999999999999994  0.5  1.0000
  Na  Na1       1.0  0.25  0.24999999999999997  0.25  1.0000
  Na  Na2       1.0  0.75  0.75  0.75  1.0000
  Co  Co1       1.0  0.16859787913531332  0.14533487019600733  0.5174691053080567  1.0000
  F   F1        1.0  0.21046100000000018  0.7895389999999998  0.21046100000000004  1.0000
  F   F2        1.0  0.7895390000000001  0.7895389999999998  0.21046100000000004  1.0000
  F   F3        1.0  0.7895390000000001  0.210461  0.7895389999999999  1.0000
  F   F4        1.0  0.789539  0.210461  0.21046100000000004  1.0000
  F   F5        1.0  0.2104609999999999  0.7895390000000001  0.7895389999999999  1.0000
  F   F6        1.0  0.21046100000000012  0.210461  0.7895389999999999  1.0000
"
"# generated using pymatgen
data_K2RbSbBr6
_symmetry_space_group_name_H-M   'P 1'
_cell_length_a   8.55412388
_cell_length_b   8.55412388
_cell_length_c   8.55412388
_cell_angle_alpha   60.00000000
_cell_angle_beta   60.00000000
_cell_angle_gamma   60.00000000
_symmetry_Int_Tables_number   1
_chemical_formula_structural   K2RbSbBr6
_chemical_formula_sum   'K2 Rb1 Sb1 Br6'
_cell_volume   442.60020193
_cell_formula_units_Z   1
loop_
 _symmetry_equiv_pos_site_id
 _symmetry_equiv_pos_as_xyz
  1  'x, y, z'
loop_
 _atom_site_type_symbol
 _atom_site_label
 _atom_site_symmetry_multiplicity
 _atom_site_fract_x
 _atom_site_fract_y
 _atom_site_fract_z
 _atom_site_occupancy
  K  K0  1  0.75000000  0.75000000  0.75000000  1
  K  K1  1  0.25000000  0.25000000  0.25000000  1
  Rb  Rb2  1  0.50000000  0.50000000  0.50000000  1
  Sb  Sb3  1  0.00000000  0.00000000  0.00000000  1
  Br  Br4  1  0.76782300  0.23217700  0.23217700  1
  Br  Br5  1  0.23217700  0.23217700  0.76782300  1
  Br  Br6  1  0.23217700  0.76782300  0.76782300  1
  Br  Br7  1  0.23217700  0.76782300  0.23217700  1
  Br  Br8  1  0.76782300  0.23217700  0.76782300  1
  Br  Br9  1  0.76782300  0.76782300  0.23217700  1
",Rotate all surrounding atoms within 3.5747199180794857 angstrom of the center atom at index 6 by 241.29372032373914 degree around the axis [ 0.  0. -1.] in the cif file. The rotation should following the right-hand rule.,,"data_image0
_chemical_formula_structural       K2RbSbBr6
_chemical_formula_sum              ""K2 Rb1 Sb1 Br6""
_cell_length_a       8.55412388
_cell_length_b       8.55412388
_cell_length_c       8.55412388
_cell_angle_alpha    59.999999999999986
_cell_angle_beta     59.999999999999986
_cell_angle_gamma    59.999999999999986

_space_group_name_H-M_alt    ""P 1""
_space_group_IT_number       1

loop_
  _space_group_symop_operation_xyz
  'x, y, z'

loop_
  _atom_site_type_symbol
  _atom_site_label
  _atom_site_symmetry_multiplicity
  _atom_site_fract_x
  _atom_site_fract_y
  _atom_site_fract_z
  _atom_site_occupancy
  K   K1        1.0  0.7500000000000003  0.75  0.75  1.0000
  K   K2        1.0  0.25000000000000006  0.24999999999999997  0.25  1.0000
  Rb  Rb1       1.0  0.5069367796770599  0.028618192596384207  0.5  1.0000
  Sb  Sb1       1.0  0.006596899507860243  0.5027175803373173  1.2716579507946228e-16  1.0000
  Br  Br1       1.0  0.7678229999999998  0.232177  0.23217699999999994  1.0000
  Br  Br2       1.0  0.23217699999999997  0.232177  0.767823  1.0000
  Br  Br3       1.0  0.23217699999999994  0.767823  0.767823  1.0000
  Br  Br4       1.0  0.23217699999999994  0.767823  0.23217699999999994  1.0000
  Br  Br5       1.0  0.767823  0.232177  0.767823  1.0000
  Br  Br6       1.0  0.7678229999999999  0.767823  0.23217699999999994  1.0000
"
"# generated using pymatgen
data_K2RbInBr6
_symmetry_space_group_name_H-M   'P 1'
_cell_length_a   8.38618602
_cell_length_b   8.38618602
_cell_length_c   8.38618602
_cell_angle_alpha   60.00000000
_cell_angle_beta   60.00000000
_cell_angle_gamma   60.00000000
_symmetry_Int_Tables_number   1
_chemical_formula_structural   K2RbInBr6
_chemical_formula_sum   'K2 Rb1 In1 Br6'
_cell_volume   417.04073393
_cell_formula_units_Z   1
loop_
 _symmetry_equiv_pos_site_id
 _symmetry_equiv_pos_as_xyz
  1  'x, y, z'
loop_
 _atom_site_type_symbol
 _atom_site_label
 _atom_site_symmetry_multiplicity
 _atom_site_fract_x
 _atom_site_fract_y
 _atom_site_fract_z
 _atom_site_occupancy
  K  K0  1  0.75000000  0.75000000  0.75000000  1
  K  K1  1  0.25000000  0.25000000  0.25000000  1
  Rb  Rb2  1  0.50000000  0.50000000  0.50000000  1
  In  In3  1  0.00000000  0.00000000  0.00000000  1
  Br  Br4  1  0.77231200  0.22768900  0.22768800  1
  Br  Br5  1  0.22768800  0.22768800  0.77231200  1
  Br  Br6  1  0.22768800  0.77231200  0.77231200  1
  Br  Br7  1  0.22768800  0.77231200  0.22768900  1
  Br  Br8  1  0.77231200  0.22768900  0.77231200  1
  Br  Br9  1  0.77231200  0.77231200  0.22768800  1
",Rotate all surrounding atoms within 3.450845122346196 angstrom of the center atom at index 9 by 184.45470445548438 degree around the axis [ 0. -1.  0.] in the cif file. The rotation should following the right-hand rule.,,"data_image0
_chemical_formula_structural       K2RbInBr6
_chemical_formula_sum              ""K2 Rb1 In1 Br6""
_cell_length_a       8.38618602
_cell_length_b       8.38618602
_cell_length_c       8.38618602
_cell_angle_alpha    59.99999999999999
_cell_angle_beta     59.99999999999999
_cell_angle_gamma    59.99999999999999

_space_group_name_H-M_alt    ""P 1""
_space_group_IT_number       1

loop_
  _space_group_symop_operation_xyz
  'x, y, z'

loop_
  _atom_site_type_symbol
  _atom_site_label
  _atom_site_symmetry_multiplicity
  _atom_site_fract_x
  _atom_site_fract_y
  _atom_site_fract_z
  _atom_site_occupancy
  K   K1        1.0  0.7500000000000003  0.7499999999999996  0.75  1.0000
  K   K2        1.0  0.2500000000000001  0.24999999999999992  0.24999999999999994  1.0000
  Rb  Rb1       1.0  0.23370322850873704  0.6726323692678021  0.9821028921965934  1.0000
  In  In1       1.0  0.33443436894051537  0.8080934945022407  0.5757195164932778  1.0000
  Br  Br1       1.0  0.772312  0.227689  0.227688  1.0000
  Br  Br2       1.0  0.22768800000000008  0.22768800000000008  0.7723119999999998  1.0000
  Br  Br3       1.0  0.22768800000000014  0.772312  0.7723119999999998  1.0000
  Br  Br4       1.0  0.22768799999999997  0.7723119999999999  0.227689  1.0000
  Br  Br5       1.0  0.772312  0.22768900000000009  0.7723119999999998  1.0000
  Br  Br6       1.0  0.7723119999999999  0.772312  0.227688  1.0000
"
"# generated using pymatgen
data_K2RbAlI6
_symmetry_space_group_name_H-M   'P 1'
_cell_length_a   8.80327154
_cell_length_b   8.80327154
_cell_length_c   8.80327154
_cell_angle_alpha   60.00000000
_cell_angle_beta   60.00000000
_cell_angle_gamma   60.00000000
_symmetry_Int_Tables_number   1
_chemical_formula_structural   K2RbAlI6
_chemical_formula_sum   'K2 Rb1 Al1 I6'
_cell_volume   482.41110401
_cell_formula_units_Z   1
loop_
 _symmetry_equiv_pos_site_id
 _symmetry_equiv_pos_as_xyz
  1  'x, y, z'
loop_
 _atom_site_type_symbol
 _atom_site_label
 _atom_site_symmetry_multiplicity
 _atom_site_fract_x
 _atom_site_fract_y
 _atom_site_fract_z
 _atom_site_occupancy
  K  K0  1  0.75000000  0.75000000  0.75000000  1
  K  K1  1  0.25000000  0.25000000  0.25000000  1
  Rb  Rb2  1  0.50000000  0.50000000  0.50000000  1
  Al  Al3  1  0.00000000  0.00000000  0.00000000  1
  I  I4  1  0.77741600  0.22258400  0.22258400  1
  I  I5  1  0.22258400  0.22258400  0.77741600  1
  I  I6  1  0.22258400  0.77741600  0.77741600  1
  I  I7  1  0.22258400  0.77741600  0.22258400  1
  I  I8  1  0.77741600  0.22258400  0.77741600  1
  I  I9  1  0.77741600  0.77741600  0.22258400  1
",Rotate all surrounding atoms within 3.5786851093983807 angstrom of the center atom at index 4 by 49.13207740510311 degree around the axis [1. 0. 0.] in the cif file. The rotation should following the right-hand rule.,,"data_image0
_chemical_formula_structural       K2RbAlI6
_chemical_formula_sum              ""K2 Rb1 Al1 I6""
_cell_length_a       8.80327154
_cell_length_b       8.80327154
_cell_length_c       8.80327154
_cell_angle_alpha    59.99999999999999
_cell_angle_beta     59.99999999999999
_cell_angle_gamma    59.99999999999999

_space_group_name_H-M_alt    ""P 1""
_space_group_IT_number       1

loop_
  _space_group_symop_operation_xyz
  'x, y, z'

loop_
  _atom_site_type_symbol
  _atom_site_label
  _atom_site_symmetry_multiplicity
  _atom_site_fract_x
  _atom_site_fract_y
  _atom_site_fract_z
  _atom_site_occupancy
  K   K1        1.0  0.7499999999999999  0.7500000000000004  0.75  1.0000
  K   K2        1.0  0.25  0.25  0.25  1.0000
  Rb  Rb1       1.0  0.5958978448306537  0.10741782326111426  0.7007864870775787  1.0000
  Al  Al1       1.0  0.9230566157186817  0.31498727985137187  0.8388994887112646  1.0000
  I   I1        1.0  0.7774159999999999  0.22258400000000012  0.222584  1.0000
  I   I2        1.0  0.2225839999999999  0.222584  0.7774160000000002  1.0000
  I   I3        1.0  0.22258399999999975  0.7774160000000002  0.7774160000000002  1.0000
  I   I4        1.0  0.22258399999999987  0.7774160000000002  0.222584  1.0000
  I   I5        1.0  0.7774159999999998  0.222584  0.7774160000000002  1.0000
  I   I6        1.0  0.7774159999999999  0.7774160000000002  0.222584  1.0000
"
"# generated using pymatgen
data_K2GaCuF6
_symmetry_space_group_name_H-M   'P 1'
_cell_length_a   5.89732854
_cell_length_b   5.89732854
_cell_length_c   5.89732854
_cell_angle_alpha   60.00000000
_cell_angle_beta   60.00000000
_cell_angle_gamma   60.00000000
_symmetry_Int_Tables_number   1
_chemical_formula_structural   K2GaCuF6
_chemical_formula_sum   'K2 Ga1 Cu1 F6'
_cell_volume   145.02770371
_cell_formula_units_Z   1
loop_
 _symmetry_equiv_pos_site_id
 _symmetry_equiv_pos_as_xyz
  1  'x, y, z'
loop_
 _atom_site_type_symbol
 _atom_site_label
 _atom_site_symmetry_multiplicity
 _atom_site_fract_x
 _atom_site_fract_y
 _atom_site_fract_z
 _atom_site_occupancy
  K  K0  1  0.75000000  0.75000000  0.75000000  1
  K  K1  1  0.25000000  0.25000000  0.25000000  1
  Ga  Ga2  1  0.00000000  0.00000000  0.00000000  1
  Cu  Cu3  1  0.50000000  0.50000000  0.50000000  1
  F  F4  1  0.76750100  0.23249900  0.23249900  1
  F  F5  1  0.23249900  0.23249900  0.76750100  1
  F  F6  1  0.23249900  0.76750100  0.76750100  1
  F  F7  1  0.23249900  0.76750100  0.23249900  1
  F  F8  1  0.76750100  0.23249900  0.76750100  1
  F  F9  1  0.76750100  0.76750100  0.23249900  1
",Rotate all surrounding atoms within 3.2456596806860416 angstrom of the center atom at index 0 by 264.73540715389436 degree around the axis [1. 0. 0.] in the cif file. The rotation should following the right-hand rule.,,"data_image0
_chemical_formula_structural       K2GaCuF6
_chemical_formula_sum              ""K2 Ga1 Cu1 F6""
_cell_length_a       5.89732854
_cell_length_b       5.89732854
_cell_length_c       5.897328539999999
_cell_angle_alpha    59.999999999999986
_cell_angle_beta     59.999999999999986
_cell_angle_gamma    59.99999999999999

_space_group_name_H-M_alt    ""P 1""
_space_group_IT_number       1

loop_
  _space_group_symop_operation_xyz
  'x, y, z'

loop_
  _atom_site_type_symbol
  _atom_site_label
  _atom_site_symmetry_multiplicity
  _atom_site_fract_x
  _atom_site_fract_y
  _atom_site_fract_z
  _atom_site_occupancy
  K   K1        1.0  0.7499999999999999  0.7499999999999999  0.75  1.0000
  K   K2        1.0  0.25  0.25  0.25  1.0000
  Ga  Ga1       1.0  0.0  0.0  0.0  1.0000
  Cu  Cu1       1.0  0.5  0.5  0.5  1.0000
  F   F1        1.0  0.20251657131282708  0.06871376823044086  0.5262530891439048  1.0000
  F   F2        1.0  0.7712063384540098  0.6337753225322768  0.2888100005597032  1.0000
  F   F3        1.0  0.2516058084630835  0.7730399368159656  0.7237484462578672  1.0000
  F   F4        1.0  0.14791404132190047  0.20797838251412984  0.961191534842069  1.0000
  F   F5        1.0  0.30620833845400974  0.6337753225322768  0.2888100005597032  1.0000
  F   F6        1.0  0.6829160413219006  0.20797838251412984  0.961191534842069  1.0000
"
"# generated using pymatgen
data_K2RuAuF6
_symmetry_space_group_name_H-M   'P 1'
_cell_length_a   6.28418383
_cell_length_b   6.28418383
_cell_length_c   6.28418383
_cell_angle_alpha   60.00000000
_cell_angle_beta   60.00000000
_cell_angle_gamma   60.00000000
_symmetry_Int_Tables_number   1
_chemical_formula_structural   K2RuAuF6
_chemical_formula_sum   'K2 Ru1 Au1 F6'
_cell_volume   175.48162390
_cell_formula_units_Z   1
loop_
 _symmetry_equiv_pos_site_id
 _symmetry_equiv_pos_as_xyz
  1  'x, y, z'
loop_
 _atom_site_type_symbol
 _atom_site_label
 _atom_site_symmetry_multiplicity
 _atom_site_fract_x
 _atom_site_fract_y
 _atom_site_fract_z
 _atom_site_occupancy
  K  K0  1  0.75000000  0.75000000  0.75000000  1
  K  K1  1  0.25000000  0.25000000  0.25000000  1
  Ru  Ru2  1  0.00000000  0.00000000  0.00000000  1
  Au  Au3  1  0.50000000  0.50000000  0.50000000  1
  F  F4  1  0.77117800  0.22882200  0.22882200  1
  F  F5  1  0.22882200  0.22882200  0.77117800  1
  F  F6  1  0.22882200  0.77117800  0.77117800  1
  F  F7  1  0.22882200  0.77117800  0.22882200  1
  F  F8  1  0.77117800  0.22882200  0.77117800  1
  F  F9  1  0.77117800  0.77117800  0.22882200  1
",Rotate all surrounding atoms within 2.182309660796029 angstrom of the center atom at index 2 by 82.56460630581546 degree around the axis [0. 1. 0.] in the cif file. The rotation should following the right-hand rule.,,"data_image0
_chemical_formula_structural       K2RuAuF6
_chemical_formula_sum              ""K2 Ru1 Au1 F6""
_cell_length_a       6.28418383
_cell_length_b       6.28418383
_cell_length_c       6.28418383
_cell_angle_alpha    59.999999999999986
_cell_angle_beta     59.999999999999986
_cell_angle_gamma    59.999999999999986

_space_group_name_H-M_alt    ""P 1""
_space_group_IT_number       1

loop_
  _space_group_symop_operation_xyz
  'x, y, z'

loop_
  _atom_site_type_symbol
  _atom_site_label
  _atom_site_symmetry_multiplicity
  _atom_site_fract_x
  _atom_site_fract_y
  _atom_site_fract_z
  _atom_site_occupancy
  K   K1        1.0  0.7500000000000001  0.75  0.75  1.0000
  K   K2        1.0  0.25  0.25  0.25  1.0000
  Ru  Ru1       1.0  0.0  0.0  0.0  1.0000
  Au  Au1       1.0  0.5  0.5  0.5  1.0000
  F   F1        1.0  0.5570665677575932  0.7000410203000559  0.8151649390998326  1.0000
  F   F2        1.0  0.7375173279879081  0.7476541984027062  0.2146814047918818  1.0000
  F   F3        1.0  0.611209032199961  0.3997872556706499  0.8853502329880509  1.0000
  F   F4        1.0  0.1410188635455402  0.13261996303211232  0.1444961109036632  1.0000
  F   F5        1.0  0.027256736412013538  0.9672083129385932  0.5560190611842208  1.0000
  F   F6        1.0  0.43075827196964595  0.35217407756799934  0.48583376729600203  1.0000
"
"# generated using pymatgen
data_Rb2TbCuCl6
_symmetry_space_group_name_H-M   'P 1'
_cell_length_a   7.38317626
_cell_length_b   7.38317626
_cell_length_c   7.38317626
_cell_angle_alpha   60.00000000
_cell_angle_beta   60.00000000
_cell_angle_gamma   60.00000000
_symmetry_Int_Tables_number   1
_chemical_formula_structural   Rb2TbCuCl6
_chemical_formula_sum   'Rb2 Tb1 Cu1 Cl6'
_cell_volume   284.58677342
_cell_formula_units_Z   1
loop_
 _symmetry_equiv_pos_site_id
 _symmetry_equiv_pos_as_xyz
  1  'x, y, z'
loop_
 _atom_site_type_symbol
 _atom_site_label
 _atom_site_symmetry_multiplicity
 _atom_site_fract_x
 _atom_site_fract_y
 _atom_site_fract_z
 _atom_site_occupancy
  Rb  Rb0  1  0.75000000  0.75000000  0.75000000  1
  Rb  Rb1  1  0.25000000  0.25000000  0.25000000  1
  Tb  Tb2  1  0.00000000  0.00000000  0.00000000  1
  Cu  Cu3  1  0.50000000  0.50000000  0.50000000  1
  Cl  Cl4  1  0.74593200  0.25406800  0.25406800  1
  Cl  Cl5  1  0.25406800  0.25406800  0.74593200  1
  Cl  Cl6  1  0.25406800  0.74593200  0.74593200  1
  Cl  Cl7  1  0.25406800  0.74593200  0.25406800  1
  Cl  Cl8  1  0.74593200  0.25406800  0.74593200  1
  Cl  Cl9  1  0.74593200  0.74593200  0.25406800  1
",Rotate all surrounding atoms within 3.532692529918606 angstrom of the center atom at index 5 by 109.4976744723672 degree around the axis [ 0. -1.  0.] in the cif file. The rotation should following the right-hand rule.,,"data_image0
_chemical_formula_structural       Rb2TbCuCl6
_chemical_formula_sum              ""Rb2 Tb1 Cu1 Cl6""
_cell_length_a       7.38317626
_cell_length_b       7.38317626
_cell_length_c       7.383176259999999
_cell_angle_alpha    59.999999999999986
_cell_angle_beta     59.999999999999986
_cell_angle_gamma    59.99999999999999

_space_group_name_H-M_alt    ""P 1""
_space_group_IT_number       1

loop_
  _space_group_symop_operation_xyz
  'x, y, z'

loop_
  _atom_site_type_symbol
  _atom_site_label
  _atom_site_symmetry_multiplicity
  _atom_site_fract_x
  _atom_site_fract_y
  _atom_site_fract_z
  _atom_site_occupancy
  Rb  Rb1       1.0  0.7500000000000002  0.75  0.75  1.0000
  Rb  Rb2       1.0  0.2499999999999999  0.25  0.25  1.0000
  Tb  Tb1       1.0  0.5384370854645175  0.9585599397580594  0.12432018072582132  1.0000
  Cu  Cu1       1.0  0.15728863677091914  0.2960173981137113  0.11194780565886586  1.0000
  Cl  Cl1       1.0  0.7459319999999999  0.254068  0.254068  1.0000
  Cl  Cl2       1.0  0.2540679999999998  0.254068  0.745932  1.0000
  Cl  Cl3       1.0  0.25406799999999996  0.745932  0.745932  1.0000
  Cl  Cl4       1.0  0.25406799999999996  0.745932  0.254068  1.0000
  Cl  Cl5       1.0  0.7459319999999999  0.254068  0.745932  1.0000
  Cl  Cl6       1.0  0.745932  0.745932  0.254068  1.0000
"
"# generated using pymatgen
data_BaCu9Si4
_symmetry_space_group_name_H-M   'P 1'
_cell_length_a   8.25774206
_cell_length_b   8.25774206
_cell_length_c   8.25774206
_cell_angle_alpha   120.27927229
_cell_angle_beta   120.27927229
_cell_angle_gamma   89.51696302
_symmetry_Int_Tables_number   1
_chemical_formula_structural   BaCu9Si4
_chemical_formula_sum   'Ba2 Cu18 Si8'
_cell_volume   396.47434553
_cell_formula_units_Z   2
loop_
 _symmetry_equiv_pos_site_id
 _symmetry_equiv_pos_as_xyz
  1  'x, y, z'
loop_
 _atom_site_type_symbol
 _atom_site_label
 _atom_site_symmetry_multiplicity
 _atom_site_fract_x
 _atom_site_fract_y
 _atom_site_fract_z
 _atom_site_occupancy
  Ba  Ba0  1  0.75000000  0.75000000  0.00000000  1
  Ba  Ba1  1  0.25000000  0.25000000  0.00000000  1
  Cu  Cu2  1  0.43579400  0.70484700  0.14064100  1
  Cu  Cu3  1  0.70484700  0.56420600  0.26905300  1
  Cu  Cu4  1  0.29515300  0.43579400  0.73094700  1
  Cu  Cu5  1  0.93579400  0.79515300  0.73094700  1
  Cu  Cu6  1  0.56420600  0.29515300  0.85935900  1
  Cu  Cu7  1  0.30451400  0.55947100  0.50000000  1
  Cu  Cu8  1  0.05947100  0.80451400  0.50000000  1
  Cu  Cu9  1  0.69548600  0.44052900  0.50000000  1
  Cu  Cu10  1  0.94052900  0.19548600  0.50000000  1
  Cu  Cu11  1  0.44052900  0.94052900  0.74504300  1
  Cu  Cu12  1  0.19548600  0.69548600  0.25495700  1
  Cu  Cu13  1  0.55947100  0.05947100  0.25495700  1
  Cu  Cu14  1  0.20484700  0.93579400  0.14064100  1
  Cu  Cu15  1  0.06420600  0.20484700  0.26905300  1
  Cu  Cu16  1  0.00000000  0.50000000  0.50000000  1
  Cu  Cu17  1  0.50000000  0.00000000  0.50000000  1
  Cu  Cu18  1  0.80451400  0.30451400  0.74504300  1
  Cu  Cu19  1  0.79515300  0.06420600  0.85935900  1
  Si  Si20  1  0.29054400  0.79054400  0.85071900  1
  Si  Si21  1  0.06017500  0.56017500  0.85071900  1
  Si  Si22  1  0.56017500  0.70945600  0.50000000  1
  Si  Si23  1  0.79054400  0.93982500  0.50000000  1
  Si  Si24  1  0.43982500  0.29054400  0.50000000  1
  Si  Si25  1  0.93982500  0.43982500  0.14928100  1
  Si  Si26  1  0.70945600  0.20945600  0.14928100  1
  Si  Si27  1  0.20945600  0.06017500  0.50000000  1
",Rotate all surrounding atoms within 3.0822200314767785 angstrom of the center atom at index 19 by 148.94100220018345 degree around the axis [-1.  0.  0.] in the cif file. The rotation should following the right-hand rule.,,"data_image0
_chemical_formula_structural       Ba2Cu18Si8
_chemical_formula_sum              ""Ba2 Cu18 Si8""
_cell_length_a       8.25774206
_cell_length_b       8.25774206
_cell_length_c       8.25774206
_cell_angle_alpha    120.27927229
_cell_angle_beta     120.27927229
_cell_angle_gamma    89.51696302

_space_group_name_H-M_alt    ""P 1""
_space_group_IT_number       1

loop_
  _space_group_symop_operation_xyz
  'x, y, z'

loop_
  _atom_site_type_symbol
  _atom_site_label
  _atom_site_symmetry_multiplicity
  _atom_site_fract_x
  _atom_site_fract_y
  _atom_site_fract_z
  _atom_site_occupancy
  Ba  Ba1       1.0  0.7500000000000002  0.75  0.0  1.0000
  Ba  Ba2       1.0  0.25  0.25  0.0  1.0000
  Cu  Cu1       1.0  0.43579399999999996  0.704847  0.140641  1.0000
  Cu  Cu2       1.0  0.7048470000000001  0.564206  0.269053  1.0000
  Cu  Cu3       1.0  0.29515299999999994  0.43579399999999996  0.7309469999999999  1.0000
  Cu  Cu4       1.0  0.776539872119681  0.10009962876987155  0.3867601596605448  1.0000
  Cu  Cu5       1.0  0.4832144974755941  0.7817620029449437  0.6901462694328254  1.0000
  Cu  Cu6       1.0  0.304514  0.5594709999999998  0.5  1.0000
  Cu  Cu7       1.0  0.05947100000000001  0.804514  0.5  1.0000
  Cu  Cu8       1.0  0.695486  0.440529  0.5  1.0000
  Cu  Cu9       1.0  0.940529  0.19548599999999994  0.5  1.0000
  Cu  Cu10      1.0  0.21963546184353974  0.9300102499627059  0.2733333654129399  1.0000
  Cu  Cu11      1.0  0.195486  0.695486  0.254957  1.0000
  Cu  Cu12      1.0  0.559471  0.059470999999999975  0.254957  1.0000
  Cu  Cu13      1.0  0.204847  0.935794  0.140641  1.0000
  Cu  Cu14      1.0  0.46117581903439525  0.5696286962735022  0.045734438284239065  1.0000
  Cu  Cu15      1.0  0.0  0.5  0.5  1.0000
  Cu  Cu16      1.0  0.794204359115655  0.9463551042855033  0.08259267381418356  1.0000
  Cu  Cu17      1.0  0.8066664874600668  0.7078450726145337  0.7393356725729443  1.0000
  Cu  Cu18      1.0  0.795153  0.064206  0.859359  1.0000
  Si  Si1       1.0  0.2905440000000001  0.790544  0.8507189999999999  1.0000
  Si  Si2       1.0  0.06017499999999996  0.5601749999999998  0.8507189999999999  1.0000
  Si  Si3       1.0  0.6055780868975491  0.07870326912552283  0.5627808253066673  1.0000
  Si  Si4       1.0  0.7551582849427938  0.7969661555991454  0.3939915899928098  1.0000
  Si  Si5       1.0  0.43982500000000013  0.290544  0.5  1.0000
  Si  Si6       1.0  0.3449414239646187  0.21680480159743243  0.9322913809788391  1.0000
  Si  Si7       1.0  0.195361225919374  0.49854191512380996  0.10108061629269649  1.0000
  Si  Si8       1.0  0.20945600000000006  0.060175000000000006  0.5  1.0000
"
"# generated using pymatgen
data_BaCu9Ge4
_symmetry_space_group_name_H-M   'P 1'
_cell_length_a   8.45183608
_cell_length_b   8.45183608
_cell_length_c   8.45183608
_cell_angle_alpha   120.61182246
_cell_angle_beta   120.61182246
_cell_angle_gamma   88.94351927
_symmetry_Int_Tables_number   1
_chemical_formula_structural   BaCu9Ge4
_chemical_formula_sum   'Ba2 Cu18 Ge8'
_cell_volume   422.88592286
_cell_formula_units_Z   2
loop_
 _symmetry_equiv_pos_site_id
 _symmetry_equiv_pos_as_xyz
  1  'x, y, z'
loop_
 _atom_site_type_symbol
 _atom_site_label
 _atom_site_symmetry_multiplicity
 _atom_site_fract_x
 _atom_site_fract_y
 _atom_site_fract_z
 _atom_site_occupancy
  Ba  Ba0  1  0.25000000  0.25000000  0.00000000  1
  Ba  Ba1  1  0.75000000  0.75000000  0.00000000  1
  Cu  Cu2  1  0.06094600  0.56094600  0.26645100  1
  Cu  Cu3  1  0.70550500  0.20550500  0.26645100  1
  Cu  Cu4  1  0.93905400  0.43905400  0.73354900  1
  Cu  Cu5  1  0.43905400  0.70550500  0.50000000  1
  Cu  Cu6  1  0.20550500  0.93905400  0.50000000  1
  Cu  Cu7  1  0.56094600  0.29449500  0.50000000  1
  Cu  Cu8  1  0.79449500  0.06094600  0.50000000  1
  Cu  Cu9  1  0.29449500  0.79449500  0.73354900  1
  Cu  Cu10  1  0.43838300  0.29585900  0.73424200  1
  Cu  Cu11  1  0.79585900  0.93838300  0.73424200  1
  Cu  Cu12  1  0.00000000  0.50000000  0.50000000  1
  Cu  Cu13  1  0.50000000  0.00000000  0.50000000  1
  Cu  Cu14  1  0.56161700  0.70414100  0.26575800  1
  Cu  Cu15  1  0.70414100  0.43838300  0.14252400  1
  Cu  Cu16  1  0.29585900  0.56161700  0.85747600  1
  Cu  Cu17  1  0.93838300  0.20414100  0.14252400  1
  Cu  Cu18  1  0.06161700  0.79585900  0.85747600  1
  Cu  Cu19  1  0.20414100  0.06161700  0.26575800  1
  Ge  Ge20  1  0.79928400  0.29928400  0.85704500  1
  Ge  Ge21  1  0.55776100  0.05776100  0.85704500  1
  Ge  Ge22  1  0.20071600  0.70071600  0.14295500  1
  Ge  Ge23  1  0.70071600  0.55776100  0.50000000  1
  Ge  Ge24  1  0.05776100  0.20071600  0.50000000  1
  Ge  Ge25  1  0.29928400  0.44223900  0.50000000  1
  Ge  Ge26  1  0.94223900  0.79928400  0.50000000  1
  Ge  Ge27  1  0.44223900  0.94223900  0.14295500  1
",Rotate all surrounding atoms within 3.8784396285684655 angstrom of the center atom at index 15 by 145.69647819131876 degree around the axis [1. 0. 0.] in the cif file. The rotation should following the right-hand rule.,,"data_image0
_chemical_formula_structural       Ba2Cu18Ge8
_chemical_formula_sum              ""Ba2 Cu18 Ge8""
_cell_length_a       8.45183608
_cell_length_b       8.45183608
_cell_length_c       8.45183608
_cell_angle_alpha    120.61182246
_cell_angle_beta     120.61182246
_cell_angle_gamma    88.94351927

_space_group_name_H-M_alt    ""P 1""
_space_group_IT_number       1

loop_
  _space_group_symop_operation_xyz
  'x, y, z'

loop_
  _atom_site_type_symbol
  _atom_site_label
  _atom_site_symmetry_multiplicity
  _atom_site_fract_x
  _atom_site_fract_y
  _atom_site_fract_z
  _atom_site_occupancy
  Ba  Ba1       1.0  0.3280458049559955  0.6031778709967907  0.16605371085269052  1.0000
  Ba  Ba2       1.0  0.045963343078975205  0.3912290805752639  0.568219784620209  1.0000
  Cu  Cu1       1.0  0.9751103927454539  0.31257228855776603  0.08889453545447315  1.0000
  Cu  Cu2       1.0  0.46475573740951415  0.4632428685902018  0.8030019126024722  1.0000
  Cu  Cu3       1.0  0.9390539999999999  0.43905400000000006  0.7335490000000001  1.0000
  Cu  Cu4       1.0  0.439054  0.705505  0.5  1.0000
  Cu  Cu5       1.0  0.205505  0.939054  0.5  1.0000
  Cu  Cu6       1.0  0.560946  0.2944949999999999  0.5  1.0000
  Cu  Cu7       1.0  0.794495  0.06094600000000001  0.5  1.0000
  Cu  Cu8       1.0  0.29449500000000006  0.794495  0.7335490000000001  1.0000
  Cu  Cu9       1.0  0.7113711855726313  0.14615346209693586  0.3011217266114382  1.0000
  Cu  Cu10      1.0  0.795859  0.938383  0.734242  1.0000
  Cu  Cu11      1.0  0.6251703421532446  0.19921937126737188  0.7530218835669651  1.0000
  Cu  Cu12      1.0  0.5  0.0  0.5  1.0000
  Cu  Cu13      1.0  0.5389694987338579  0.2522852804378078  0.2049220405224918  1.0000
  Cu  Cu14      1.0  0.704141  0.438383  0.14252400000000004  1.0000
  Cu  Cu15      1.0  0.5461996843064891  0.9600557425347435  0.36351976713392986  1.0000
  Cu  Cu16      1.0  0.836292120069994  0.5376776171318386  0.9541156290970979  1.0000
  Cu  Cu17      1.0  0.0616170000000001  0.795859  0.8574760000000002  1.0000
  Cu  Cu18      1.0  0.20414100000000002  0.061617000000000026  0.26575800000000005  1.0000
  Ge  Ge1       1.0  0.9357750623575252  0.07151492890813947  0.15304626888753525  1.0000
  Ge  Ge2       1.0  0.5889878672373722  0.17389594432609634  0.9587815556184305  1.0000
  Ge  Ge3       1.0  0.20071600000000006  0.700716  0.142955  1.0000
  Ge  Ge4       1.0  0.3510606119922875  0.17473462310029625  0.7994809127407363  1.0000
  Ge  Ge5       1.0  0.057761000000000014  0.200716  0.5  1.0000
  Ge  Ge6       1.0  0.299284  0.442239  0.5  1.0000
  Ge  Ge7       1.0  0.6978478071124403  0.07235360768233945  0.9937456260098408  1.0000
  Ge  Ge8       1.0  0.44223900000000005  0.9422389999999998  0.142955  1.0000
"
"# generated using pymatgen
data_BaNb4O11
_symmetry_space_group_name_H-M   'P 1'
_cell_length_a   6.40320235
_cell_length_b   6.40320235
_cell_length_c   12.66412300
_cell_angle_alpha   90.00000000
_cell_angle_beta   90.00000000
_cell_angle_gamma   120.00000360
_symmetry_Int_Tables_number   1
_chemical_formula_structural   BaNb4O11
_chemical_formula_sum   'Ba2 Nb8 O22'
_cell_volume   449.67649622
_cell_formula_units_Z   2
loop_
 _symmetry_equiv_pos_site_id
 _symmetry_equiv_pos_as_xyz
  1  'x, y, z'
loop_
 _atom_site_type_symbol
 _atom_site_label
 _atom_site_symmetry_multiplicity
 _atom_site_fract_x
 _atom_site_fract_y
 _atom_site_fract_z
 _atom_site_occupancy
  Ba  Ba0  1  0.66666700  0.33333300  0.25000000  1
  Ba  Ba1  1  0.33333300  0.66666700  0.75000000  1
  Nb  Nb2  1  0.33333300  0.66666700  0.25000000  1
  Nb  Nb3  1  0.66666700  0.33333300  0.75000000  1
  Nb  Nb4  1  0.35443200  0.35443200  0.50000000  1
  Nb  Nb5  1  0.64556800  0.00000000  0.50000000  1
  Nb  Nb6  1  0.00000000  0.64556800  0.50000000  1
  Nb  Nb7  1  0.64556800  0.64556800  0.00000000  1
  Nb  Nb8  1  0.35443200  0.00000000  0.00000000  1
  Nb  Nb9  1  0.00000000  0.35443200  0.00000000  1
  O  O10  1  0.33333300  0.66666700  0.96648200  1
  O  O11  1  0.66666700  0.33333300  0.03351800  1
  O  O12  1  0.66666700  0.33333300  0.46648200  1
  O  O13  1  0.33333300  0.66666700  0.53351800  1
  O  O14  1  0.75652400  0.75652400  0.50000000  1
  O  O15  1  0.24347600  0.00000000  0.50000000  1
  O  O16  1  0.00000000  0.24347600  0.50000000  1
  O  O17  1  0.24347600  0.24347600  0.00000000  1
  O  O18  1  0.75652400  0.00000000  0.00000000  1
  O  O19  1  0.00000000  0.75652400  0.00000000  1
  O  O20  1  0.36413100  0.92900200  0.15218700  1
  O  O21  1  0.07099800  0.43512800  0.15218700  1
  O  O22  1  0.56487200  0.63586900  0.15218700  1
  O  O23  1  0.92900200  0.36413100  0.84781300  1
  O  O24  1  0.43512800  0.07099800  0.84781300  1
  O  O25  1  0.63586900  0.56487200  0.84781300  1
  O  O26  1  0.63586900  0.07099800  0.65218700  1
  O  O27  1  0.92900200  0.56487200  0.65218700  1
  O  O28  1  0.43512800  0.36413100  0.65218700  1
  O  O29  1  0.07099800  0.63586900  0.34781300  1
  O  O30  1  0.56487200  0.92900200  0.34781300  1
  O  O31  1  0.36413100  0.43512800  0.34781300  1
",Rotate all surrounding atoms within 2.2760691257922687 angstrom of the center atom at index 9 by 203.9093542820767 degree around the axis [ 0. -1.  0.] in the cif file. The rotation should following the right-hand rule.,,"data_image0
_chemical_formula_structural       Ba2Nb8O22
_chemical_formula_sum              ""Ba2 Nb8 O22""
_cell_length_a       6.40320235
_cell_length_b       6.40320235
_cell_length_c       12.664123
_cell_angle_alpha    90.0
_cell_angle_beta     90.0
_cell_angle_gamma    120.00000359999999

_space_group_name_H-M_alt    ""P 1""
_space_group_IT_number       1

loop_
  _space_group_symop_operation_xyz
  'x, y, z'

loop_
  _atom_site_type_symbol
  _atom_site_label
  _atom_site_symmetry_multiplicity
  _atom_site_fract_x
  _atom_site_fract_y
  _atom_site_fract_z
  _atom_site_occupancy
  Ba  Ba1       1.0  0.6666670000000001  0.33333299999999993  0.24999999999999994  1.0000
  Ba  Ba2       1.0  0.3333330000000001  0.666667  0.7499999999999999  1.0000
  Nb  Nb1       1.0  0.3333330000000001  0.666667  0.24999999999999994  1.0000
  Nb  Nb2       1.0  0.6666670000000001  0.33333299999999993  0.7499999999999999  1.0000
  Nb  Nb3       1.0  0.354432  0.35443199999999997  0.4999999999999999  1.0000
  Nb  Nb4       1.0  0.645568  0.0  0.4999999999999999  1.0000
  Nb  Nb5       1.0  0.0  0.645568  0.4999999999999999  1.0000
  Nb  Nb6       1.0  0.645568  0.645568  0.0  1.0000
  Nb  Nb7       1.0  0.354432  0.0  0.0  1.0000
  Nb  Nb8       1.0  0.0  0.35443199999999997  0.0  1.0000
  O   O1        1.0  0.6830058267801693  0.666667  0.28506071910404573  1.0000
  O   O2        1.0  0.31140245828895363  0.33333299999999993  0.03550374142390478  1.0000
  O   O3        1.0  0.6666670000000001  0.33333299999999993  0.466482  1.0000
  O   O4        1.0  0.3333330000000001  0.666667  0.533518  1.0000
  O   O5        1.0  0.756524  0.7565239999999998  0.4999999999999999  1.0000
  O   O6        1.0  0.24347600000000005  0.0  0.4999999999999999  1.0000
  O   O7        1.0  0.0  0.243476  0.4999999999999999  1.0000
  O   O8        1.0  0.5854096877673785  0.243476  0.14365985120612973  1.0000
  O   O9        1.0  0.883358046605539  0.0  0.013578137600478532  1.0000
  O   O10       1.0  0.0  0.7565239999999998  0.0  1.0000
  O   O11       1.0  0.3641310000000001  0.929002  0.152187  1.0000
  O   O12       1.0  0.04850539246818997  0.43512799999999996  0.059513786969324585  1.0000
  O   O13       1.0  0.5648720000000002  0.6358689999999999  0.152187  1.0000
  O   O14       1.0  0.7537748852716886  0.364131  0.2404825328248087  1.0000
  O   O15       1.0  0.4351280000000001  0.070998  0.8478129999999998  1.0000
  O   O16       1.0  0.6358690000000001  0.5648719999999999  0.8478129999999998  1.0000
  O   O17       1.0  0.6358690000000001  0.070998  0.652187  1.0000
  O   O18       1.0  0.9290019999999999  0.5648719999999999  0.652187  1.0000
  O   O19       1.0  0.4351280000000001  0.364131  0.652187  1.0000
  O   O20       1.0  0.070998  0.6358689999999999  0.34781299999999993  1.0000
  O   O21       1.0  0.5648720000000002  0.929002  0.34781299999999993  1.0000
  O   O22       1.0  0.36413100000000004  0.43512799999999996  0.34781299999999993  1.0000
"
"# generated using pymatgen
data_Mg2Au
_symmetry_space_group_name_H-M   'P 1'
_cell_length_a   4.33762471
_cell_length_b   6.19823221
_cell_length_c   8.49967062
_cell_angle_alpha   90.00000000
_cell_angle_beta   90.00000000
_cell_angle_gamma   90.00000000
_symmetry_Int_Tables_number   1
_chemical_formula_structural   Mg2Au
_chemical_formula_sum   'Mg8 Au4'
_cell_volume   228.51878855
_cell_formula_units_Z   4
loop_
 _symmetry_equiv_pos_site_id
 _symmetry_equiv_pos_as_xyz
  1  'x, y, z'
loop_
 _atom_site_type_symbol
 _atom_site_label
 _atom_site_symmetry_multiplicity
 _atom_site_fract_x
 _atom_site_fract_y
 _atom_site_fract_z
 _atom_site_occupancy
  Mg  Mg0  1  0.25000000  0.95884405  0.69442463  1
  Mg  Mg1  1  0.75000000  0.04115595  0.30557537  1
  Mg  Mg2  1  0.25000000  0.45884405  0.80557537  1
  Mg  Mg3  1  0.75000000  0.54115595  0.19442463  1
  Mg  Mg4  1  0.75000000  0.16562964  0.93998314  1
  Mg  Mg5  1  0.25000000  0.83437036  0.06001686  1
  Mg  Mg6  1  0.75000000  0.66562964  0.56001686  1
  Mg  Mg7  1  0.25000000  0.33437036  0.43998314  1
  Au  Au8  1  0.25000000  0.76842314  0.37785474  1
  Au  Au9  1  0.75000000  0.23157686  0.62214526  1
  Au  Au10  1  0.25000000  0.26842314  0.12214526  1
  Au  Au11  1  0.75000000  0.73157686  0.87785474  1
",Rotate all surrounding atoms within 3.556321211538208 angstrom of the center atom at index 2 by 87.09659505764606 degree around the axis [ 0.  0. -1.] in the cif file. The rotation should following the right-hand rule.,,"data_image0
_chemical_formula_structural       Mg8Au4
_chemical_formula_sum              ""Mg8 Au4""
_cell_length_a       4.33762471
_cell_length_b       6.19823221
_cell_length_c       8.49967062
_cell_angle_alpha    90.0
_cell_angle_beta     90.0
_cell_angle_gamma    90.0

_space_group_name_H-M_alt    ""P 1""
_space_group_IT_number       1

loop_
  _space_group_symop_operation_xyz
  'x, y, z'

loop_
  _atom_site_type_symbol
  _atom_site_label
  _atom_site_symmetry_multiplicity
  _atom_site_fract_x
  _atom_site_fract_y
  _atom_site_fract_z
  _atom_site_occupancy
  Mg  Mg1       1.0  0.9635559500551818  0.48417019566845737  0.69442463  1.0000
  Mg  Mg2       1.0  0.75  0.04115595000000001  0.30557537  1.0000
  Mg  Mg3       1.0  0.25  0.45884405000000006  0.8055753700000002  1.0000
  Mg  Mg4       1.0  0.75  0.54115595  0.19442463  1.0000
  Mg  Mg5       1.0  0.8568763718736181  0.09453301559332478  0.93998314  1.0000
  Mg  Mg6       1.0  0.7859180658055336  0.4778653180587966  0.06001685999999998  1.0000
  Mg  Mg7       1.0  0.5704323219288001  0.1198591612617821  0.56001686  1.0000
  Mg  Mg8       1.0  0.0723621157503515  0.45253917239033925  0.43998314  1.0000
  Au  Au1       1.0  0.25  0.76842314  0.37785474000000013  1.0000
  Au  Au2       1.0  0.9509904343148142  0.09787339339362439  0.6221452600000003  1.0000
  Au  Au3       1.0  0.9782480533091553  0.4491987945900397  0.12214525999999998  1.0000
  Au  Au4       1.0  0.6645463843699959  0.12319953906208171  0.87785474  1.0000
"
"# generated using pymatgen
data_CaTi(SiO3)2
_symmetry_space_group_name_H-M   'P 1'
_cell_length_a   6.83641523
_cell_length_b   6.83641523
_cell_length_c   5.26019407
_cell_angle_alpha   78.90873204
_cell_angle_beta   78.90873204
_cell_angle_gamma   82.93986007
_symmetry_Int_Tables_number   1
_chemical_formula_structural   CaTi(SiO3)2
_chemical_formula_sum   'Ca2 Ti2 Si4 O12'
_cell_volume   235.80164126
_cell_formula_units_Z   2
loop_
 _symmetry_equiv_pos_site_id
 _symmetry_equiv_pos_as_xyz
  1  'x, y, z'
loop_
 _atom_site_type_symbol
 _atom_site_label
 _atom_site_symmetry_multiplicity
 _atom_site_fract_x
 _atom_site_fract_y
 _atom_site_fract_z
 _atom_site_occupancy
  Ca  Ca0  1  0.70204100  0.29795900  0.75000000  1
  Ca  Ca1  1  0.29795900  0.70204100  0.25000000  1
  Ti  Ti2  1  0.92131400  0.07868600  0.25000000  1
  Ti  Ti3  1  0.07868600  0.92131400  0.75000000  1
  Si  Si4  1  0.38743900  0.19664100  0.26570600  1
  Si  Si5  1  0.80335900  0.61256100  0.23429400  1
  Si  Si6  1  0.19664100  0.38743900  0.76570600  1
  Si  Si7  1  0.61256100  0.80335900  0.73429400  1
  O  O8  1  0.36960500  0.33182800  0.50579300  1
  O  O9  1  0.66817200  0.63039500  0.99420700  1
  O  O10  1  0.63039500  0.66817200  0.49420700  1
  O  O11  1  0.33182800  0.36960500  0.00579300  1
  O  O12  1  0.61688100  0.11941000  0.17463800  1
  O  O13  1  0.88059000  0.38311900  0.32536200  1
  O  O14  1  0.38311900  0.88059000  0.82536200  1
  O  O15  1  0.11941000  0.61688100  0.67463800  1
  O  O16  1  0.03158500  0.22416600  0.84794000  1
  O  O17  1  0.77583400  0.96841500  0.65206000  1
  O  O18  1  0.22416600  0.03158500  0.34794000  1
  O  O19  1  0.96841500  0.77583400  0.15206000  1
",Rotate all surrounding atoms within 2.9897311388438528 angstrom of the center atom at index 19 by 147.86190684542356 degree around the axis [0. 0. 1.] in the cif file. The rotation should following the right-hand rule.,,"data_image0
_chemical_formula_structural       Ca2Ti2Si4O12
_chemical_formula_sum              ""Ca2 Ti2 Si4 O12""
_cell_length_a       6.83641523
_cell_length_b       6.83641523
_cell_length_c       5.260194070000001
_cell_angle_alpha    78.90873204
_cell_angle_beta     78.90873204
_cell_angle_gamma    82.93986007

_space_group_name_H-M_alt    ""P 1""
_space_group_IT_number       1

loop_
  _space_group_symop_operation_xyz
  'x, y, z'

loop_
  _atom_site_type_symbol
  _atom_site_label
  _atom_site_symmetry_multiplicity
  _atom_site_fract_x
  _atom_site_fract_y
  _atom_site_fract_z
  _atom_site_occupancy
  Ca  Ca1       1.0  0.702041  0.29795900000000003  0.75  1.0000
  Ca  Ca2       1.0  0.5882501888802605  0.458004699219498  0.25000000000000006  1.0000
  Ti  Ti1       1.0  0.3534784987639712  0.27890768260996923  0.25000000000000006  1.0000
  Ti  Ti2       1.0  0.5094456555165088  0.0871950425688636  0.7500000000000001  1.0000
  Si  Si1       1.0  0.387439  0.19664099999999995  0.265706  1.0000
  Si  Si2       1.0  0.18002902100153118  0.8013630640375586  0.234294  1.0000
  Si  Si3       1.0  0.19664099999999998  0.38743900000000003  0.765706  1.0000
  Si  Si4       1.0  0.6125609999999998  0.8033589999999999  0.7342940000000001  1.0000
  O   O1        1.0  0.369605  0.3318279999999999  0.505793  1.0000
  O   O2        1.0  0.04856586446313438  0.5902763754767758  0.9942070000000001  1.0000
  O   O3        1.0  0.2241821069563419  0.6225740896860722  0.49420700000000006  1.0000
  O   O4        1.0  0.331828  0.36960499999999996  0.005793  1.0000
  O   O5        1.0  0.6168809999999999  0.11940999999999997  0.174638  1.0000
  O   O6        1.0  0.20313622609503046  0.006985029125631703  0.325362  1.0000
  O   O7        1.0  0.3831190000000001  0.8805899999999998  0.825362  1.0000
  O   O8        1.0  0.6597879281854493  0.3591176960532006  0.6746380000000001  1.0000
  O   O9        1.0  0.031585000000000016  0.22416599999999998  0.84794  1.0000
  O   O10       1.0  0.7758339999999998  0.9684149999999999  0.6520600000000001  1.0000
  O   O11       1.0  0.22416599999999995  0.03158500000000001  0.34794  1.0000
  O   O12       1.0  0.9684150000000001  0.7758339999999998  0.15206  1.0000
"
"# generated using pymatgen
data_Rb4Sb2O5
_symmetry_space_group_name_H-M   'P 1'
_cell_length_a   10.03786090
_cell_length_b   10.03786090
_cell_length_c   6.72624000
_cell_angle_alpha   90.00000000
_cell_angle_beta   90.00000000
_cell_angle_gamma   157.02011413
_symmetry_Int_Tables_number   1
_chemical_formula_structural   Rb4Sb2O5
_chemical_formula_sum   'Rb4 Sb2 O5'
_cell_volume   264.58996146
_cell_formula_units_Z   1
loop_
 _symmetry_equiv_pos_site_id
 _symmetry_equiv_pos_as_xyz
  1  'x, y, z'
loop_
 _atom_site_type_symbol
 _atom_site_label
 _atom_site_symmetry_multiplicity
 _atom_site_fract_x
 _atom_site_fract_y
 _atom_site_fract_z
 _atom_site_occupancy
  Rb  Rb0  1  0.90713700  0.09286300  0.50000000  1
  Rb  Rb1  1  0.09169000  0.90831000  0.00000000  1
  Rb  Rb2  1  0.23760000  0.76240000  0.50000000  1
  Rb  Rb3  1  0.76254700  0.23745300  0.00000000  1
  Sb  Sb4  1  0.58917200  0.41082800  0.50000000  1
  Sb  Sb5  1  0.41343900  0.58656100  0.00000000  1
  O  O6  1  0.65114600  0.34885400  0.27646200  1
  O  O7  1  0.34939200  0.65060800  0.22150400  1
  O  O8  1  0.65114600  0.34885400  0.72353800  1
  O  O9  1  0.34939200  0.65060800  0.77849600  1
  O  O10  1  0.05353900  0.94646100  0.50000000  1
",Rotate all surrounding atoms within 3.5728629500632314 angstrom of the center atom at index 9 by 51.66520895546701 degree around the axis [0. 0. 1.] in the cif file. The rotation should following the right-hand rule.,,"data_image0
_chemical_formula_structural       Rb4Sb2O5
_chemical_formula_sum              ""Rb4 Sb2 O5""
_cell_length_a       10.0378609
_cell_length_b       10.037860899999998
_cell_length_c       6.72624
_cell_angle_alpha    90.0
_cell_angle_beta     90.0
_cell_angle_gamma    157.02011412999997

_space_group_name_H-M_alt    ""P 1""
_space_group_IT_number       1

loop_
  _space_group_symop_operation_xyz
  'x, y, z'

loop_
  _atom_site_type_symbol
  _atom_site_label
  _atom_site_symmetry_multiplicity
  _atom_site_fract_x
  _atom_site_fract_y
  _atom_site_fract_z
  _atom_site_occupancy
  Rb  Rb1       1.0  0.8476272455695439  0.45695449581194225  0.4999999999999999  1.0000
  Rb  Rb2       1.0  0.09169000000000016  0.9083100000000002  0.0  1.0000
  Rb  Rb3       1.0  0.8486565123260444  0.28855170642532235  0.4999999999999999  1.0000
  Rb  Rb4       1.0  0.19998390648644948  0.988676627199137  0.0  1.0000
  Sb  Sb1       1.0  0.589172  0.410828  0.4999999999999999  1.0000
  Sb  Sb2       1.0  0.6362694668943556  0.8580344655304257  0.0  1.0000
  O   O1        1.0  0.6511459999999999  0.348854  0.27646199999999993  1.0000
  O   O2        1.0  0.349392  0.650608  0.22150399999999998  1.0000
  O   O3        1.0  0.6511459999999999  0.348854  0.723538  1.0000
  O   O4        1.0  0.349392  0.650608  0.778496  1.0000
  O   O5        1.0  0.05353899999999988  0.946461  0.4999999999999999  1.0000
"
"# generated using pymatgen
data_Pr3(ZnAs3)2
_symmetry_space_group_name_H-M   'P 1'
_cell_length_a   4.12548600
_cell_length_b   10.26534400
_cell_length_c   11.95394900
_cell_angle_alpha   90.00000000
_cell_angle_beta   90.00000000
_cell_angle_gamma   90.00000000
_symmetry_Int_Tables_number   1
_chemical_formula_structural   Pr3(ZnAs3)2
_chemical_formula_sum   'Pr6 Zn4 As12'
_cell_volume   506.24415714
_cell_formula_units_Z   2
loop_
 _symmetry_equiv_pos_site_id
 _symmetry_equiv_pos_as_xyz
  1  'x, y, z'
loop_
 _atom_site_type_symbol
 _atom_site_label
 _atom_site_symmetry_multiplicity
 _atom_site_fract_x
 _atom_site_fract_y
 _atom_site_fract_z
 _atom_site_occupancy
  Pr  Pr0  1  0.75000000  0.26412200  0.75000000  1
  Pr  Pr1  1  0.75000000  0.26850800  0.41435400  1
  Pr  Pr2  1  0.25000000  0.73149200  0.91435400  1
  Pr  Pr3  1  0.25000000  0.73149200  0.58564600  1
  Pr  Pr4  1  0.25000000  0.73587800  0.25000000  1
  Pr  Pr5  1  0.75000000  0.26850800  0.08564600  1
  Zn  Zn6  1  0.25000000  0.00340900  0.09606800  1
  Zn  Zn7  1  0.25000000  0.00340900  0.40393200  1
  Zn  Zn8  1  0.75000000  0.99659100  0.59606800  1
  Zn  Zn9  1  0.75000000  0.99659100  0.90393200  1
  As  As10  1  0.75000000  0.50228800  0.25000000  1
  As  As11  1  0.75000000  0.49829000  0.91615700  1
  As  As12  1  0.75000000  0.83704100  0.75000000  1
  As  As13  1  0.75000000  0.84502300  0.41872900  1
  As  As14  1  0.25000000  0.15497700  0.91872900  1
  As  As15  1  0.25000000  0.15497700  0.58127100  1
  As  As16  1  0.25000000  0.16295900  0.25000000  1
  As  As17  1  0.25000000  0.50171000  0.08384300  1
  As  As18  1  0.25000000  0.49771200  0.75000000  1
  As  As19  1  0.25000000  0.50171000  0.41615700  1
  As  As20  1  0.75000000  0.49829000  0.58384300  1
  As  As21  1  0.75000000  0.84502300  0.08127100  1
",Rotate all surrounding atoms within 3.972575758347797 angstrom of the center atom at index 7 by 155.27953331144948 degree around the axis [0. 0. 1.] in the cif file. The rotation should following the right-hand rule.,,"data_image0
_chemical_formula_structural       Pr6Zn4As12
_chemical_formula_sum              ""Pr6 Zn4 As12""
_cell_length_a       4.125486
_cell_length_b       10.265344
_cell_length_c       11.953949
_cell_angle_alpha    90.0
_cell_angle_beta     90.0
_cell_angle_gamma    90.0

_space_group_name_H-M_alt    ""P 1""
_space_group_IT_number       1

loop_
  _space_group_symop_operation_xyz
  'x, y, z'

loop_
  _atom_site_type_symbol
  _atom_site_label
  _atom_site_symmetry_multiplicity
  _atom_site_fract_x
  _atom_site_fract_y
  _atom_site_fract_z
  _atom_site_occupancy
  Pr  Pr1       1.0  0.75  0.26412199999999997  0.7499999999999999  1.0000
  Pr  Pr2       1.0  0.5199650020926021  0.8466364011848189  0.41435399999999994  1.0000
  Pr  Pr3       1.0  0.25  0.731492  0.9143539999999998  1.0000
  Pr  Pr4       1.0  0.49237453907227335  0.3420483613701347  0.585646  1.0000
  Pr  Pr5       1.0  0.4878105741512013  0.3380642994417138  0.25000000000000006  1.0000
  Pr  Pr6       1.0  0.75  0.268508  0.08564599999999999  1.0000
  Zn  Zn1       1.0  0.25  0.0034089999999999993  0.09606800000000003  1.0000
  Zn  Zn2       1.0  0.25  0.0034089999999999993  0.403932  1.0000
  Zn  Zn3       1.0  0.7623395411648757  0.18527576255495393  0.596068  1.0000
  Zn  Zn4       1.0  0.75  0.9965909999999999  0.903932  1.0000
  As  As1       1.0  0.75  0.502288  0.25  1.0000
  As  As2       1.0  0.75  0.49828999999999996  0.916157  1.0000
  As  As3       1.0  0.75  0.837041  0.7499999999999999  1.0000
  As  As4       1.0  0.9200575154368935  0.3229538971575354  0.418729  1.0000
  As  As5       1.0  0.25  0.154977  0.918729  1.0000
  As  As6       1.0  0.09228202572798201  0.8657308653974184  0.581271  1.0000
  As  As7       1.0  0.0839761506709829  0.8584803450342955  0.25000000000000006  1.0000
  As  As8       1.0  0.25  0.50171  0.083843  1.0000
  As  As9       1.0  0.25  0.49771199999999993  0.7499999999999999  1.0000
  As  As10      1.0  0.25  0.50171  0.416157  1.0000
  As  As11      1.0  0.75  0.49828999999999996  0.583843  1.0000
  As  As12      1.0  0.75  0.8450229999999999  0.081271  1.0000
"
"# generated using pymatgen
data_NdTa3O9
_symmetry_space_group_name_H-M   'P 1'
_cell_length_a   11.99362059
_cell_length_b   8.87228010
_cell_length_c   7.89980623
_cell_angle_alpha   90.00392234
_cell_angle_beta   90.00856153
_cell_angle_gamma   63.23651540
_symmetry_Int_Tables_number   1
_chemical_formula_structural   NdTa3O9
_chemical_formula_sum   'Nd4 Ta12 O36'
_cell_volume   750.57080655
_cell_formula_units_Z   4
loop_
 _symmetry_equiv_pos_site_id
 _symmetry_equiv_pos_as_xyz
  1  'x, y, z'
loop_
 _atom_site_type_symbol
 _atom_site_label
 _atom_site_symmetry_multiplicity
 _atom_site_fract_x
 _atom_site_fract_y
 _atom_site_fract_z
 _atom_site_occupancy
  Nd  Nd0  1  0.02927100  0.50508500  0.99967600  1
  Nd  Nd1  1  0.36146500  0.49730400  0.50001100  1
  Nd  Nd2  1  0.68394400  0.50090300  0.50003200  1
  Nd  Nd3  1  0.85636900  0.00106500  0.49972100  1
  Ta  Ta4  1  0.26224100  0.24299200  0.25202400  1
  Ta  Ta5  1  0.26231700  0.24293900  0.74780600  1
  Ta  Ta6  1  0.09738800  0.75224500  0.24905500  1
  Ta  Ta7  1  0.09743600  0.75216700  0.75084900  1
  Ta  Ta8  1  0.58862900  0.24630700  0.24285300  1
  Ta  Ta9  1  0.58876700  0.24619600  0.75690800  1
  Ta  Ta10  1  0.42568200  0.75785000  0.24366100  1
  Ta  Ta11  1  0.42574000  0.75781900  0.75630100  1
  Ta  Ta12  1  0.92904400  0.25058600  0.24340300  1
  Ta  Ta13  1  0.92899900  0.25042500  0.75661200  1
  Ta  Ta14  1  0.75397100  0.75469300  0.24675700  1
  Ta  Ta15  1  0.75405900  0.75453800  0.75353700  1
  O  O16  1  0.07787900  0.27125900  0.22273500  1
  O  O17  1  0.07785300  0.27117500  0.77712100  1
  O  O18  1  0.33628300  0.00205300  0.25020500  1
  O  O19  1  0.24289600  0.27020000  0.99991500  1
  O  O20  1  0.07756500  0.75012900  0.00000100  1
  O  O21  1  0.15598500  0.50741700  0.75967500  1
  O  O22  1  0.24278500  0.27171100  0.49992700  1
  O  O23  1  0.15575700  0.50758800  0.24015600  1
  O  O24  1  0.07350100  0.75555300  0.50003400  1
  O  O25  1  0.40874200  0.27580900  0.26044100  1
  O  O26  1  0.40885100  0.27568800  0.73947400  1
  O  O27  1  0.26107300  0.72880500  0.72984500  1
  O  O28  1  0.26098900  0.72898400  0.27025400  1
  O  O29  1  0.66643500  0.99825600  0.26133700  1
  O  O30  1  0.59159100  0.25025200  0.99992300  1
  O  O31  1  0.42140400  0.74222400  0.00000000  1
  O  O32  1  0.33632400  0.00200600  0.74967500  1
  O  O33  1  0.50484900  0.49674900  0.72724600  1
  O  O34  1  0.56605500  0.25735200  0.49997000  1
  O  O35  1  0.50464300  0.49681000  0.27265200  1
  O  O36  1  0.42082200  0.73164200  0.50002200  1
  O  O37  1  0.74918000  0.24287800  0.70187500  1
  O  O38  1  0.74907900  0.24296000  0.29803100  1
  O  O39  1  0.59070600  0.73242400  0.26999400  1
  O  O40  1  0.59072500  0.73252300  0.73025800  1
  O  O41  1  0.99294500  0.00084700  0.26518900  1
  O  O42  1  0.76334100  0.72453400  0.00018200  1
  O  O43  1  0.66686600  0.99808500  0.73875800  1
  O  O44  1  0.90333900  0.25325000  0.00001000  1
  O  O45  1  0.75347500  0.73632000  0.50015900  1
  O  O46  1  0.82472200  0.49381000  0.26262300  1
  O  O47  1  0.91623500  0.24410300  0.49997300  1
  O  O48  1  0.82459900  0.49365100  0.73756500  1
  O  O49  1  0.91607100  0.74899800  0.74855300  1
  O  O50  1  0.91566300  0.75015800  0.25225100  1
  O  O51  1  0.99278500  0.00068400  0.73476700  1
",Rotate all surrounding atoms within 3.2285512107276215 angstrom of the center atom at index 38 by 150.44443211733812 degree around the axis [-1.  0.  0.] in the cif file. The rotation should following the right-hand rule.,,"data_image0
_chemical_formula_structural       Nd4Ta12O36
_chemical_formula_sum              ""Nd4 Ta12 O36""
_cell_length_a       11.99362059
_cell_length_b       8.8722801
_cell_length_c       7.899806229999999
_cell_angle_alpha    90.00392234
_cell_angle_beta     90.00856153000001
_cell_angle_gamma    63.2365154

_space_group_name_H-M_alt    ""P 1""
_space_group_IT_number       1

loop_
  _space_group_symop_operation_xyz
  'x, y, z'

loop_
  _atom_site_type_symbol
  _atom_site_label
  _atom_site_symmetry_multiplicity
  _atom_site_fract_x
  _atom_site_fract_y
  _atom_site_fract_z
  _atom_site_occupancy
  Nd  Nd1       1.0  0.029271000000000002  0.505085  0.999676  1.0000
  Nd  Nd2       1.0  0.36146500000000004  0.4973039999999999  0.500011  1.0000
  Nd  Nd3       1.0  0.8114637418746807  0.11794460131922573  0.9947255355455615  1.0000
  Nd  Nd4       1.0  0.672622031587864  0.5525898808848474  0.2422369073693813  1.0000
  Ta  Ta1       1.0  0.262241  0.242992  0.252024  1.0000
  Ta  Ta2       1.0  0.262317  0.242939  0.747806  1.0000
  Ta  Ta3       1.0  0.09738799999999997  0.752245  0.24905500000000005  1.0000
  Ta  Ta4       1.0  0.09743600000000006  0.7521669999999998  0.750849  1.0000
  Ta  Ta5       1.0  0.5997651785393493  0.21290663836682933  0.3443735102313013  1.0000
  Ta  Ta6       1.0  0.588767  0.246196  0.756908  1.0000
  Ta  Ta7       1.0  0.42568200000000006  0.75785  0.24366100000000004  1.0000
  Ta  Ta8       1.0  0.4257400000000001  0.757819  0.756301  1.0000
  Ta  Ta9       1.0  0.9427550757239859  0.20945497207796948  0.34177850496548784  1.0000
  Ta  Ta10      1.0  0.9289990000000002  0.250425  0.7566120000000002  1.0000
  Ta  Ta11      1.0  0.7539710000000001  0.754693  0.246757  1.0000
  Ta  Ta12      1.0  0.7540590000000001  0.754538  0.753537  1.0000
  O   O1        1.0  0.07787900000000002  0.271259  0.222735  1.0000
  O   O2        1.0  0.07785300000000003  0.271175  0.7771210000000002  1.0000
  O   O3        1.0  0.33628300000000005  0.002053  0.250205  1.0000
  O   O4        1.0  0.24289600000000006  0.2702  0.999915  1.0000
  O   O5        1.0  0.07756500000000001  0.750129  1e-06  1.0000
  O   O6        1.0  0.15598500000000004  0.507417  0.759675  1.0000
  O   O7        1.0  0.24278500000000003  0.271711  0.4999270000000001  1.0000
  O   O8        1.0  0.15575700000000003  0.507588  0.240156  1.0000
  O   O9        1.0  0.073501  0.755553  0.500034  1.0000
  O   O10       1.0  0.40874200000000005  0.275809  0.260441  1.0000
  O   O11       1.0  0.40885099999999996  0.275688  0.739474  1.0000
  O   O12       1.0  0.261073  0.728805  0.7298450000000002  1.0000
  O   O13       1.0  0.260989  0.728984  0.2702540000000001  1.0000
  O   O14       1.0  0.14288086579455261  0.5678946953123802  0.9563491872944377  1.0000
  O   O15       1.0  0.48099254490449567  0.5818752392852558  0.6838643164384328  1.0000
  O   O16       1.0  0.421404  0.742224  0.0  1.0000
  O   O17       1.0  0.336324  0.002006  0.7496750000000002  1.0000
  O   O18       1.0  0.504849  0.496749  0.7272460000000002  1.0000
  O   O19       1.0  0.5418922763843589  0.3297738480547023  0.11525000805164147  1.0000
  O   O20       1.0  0.6669134740054754  0.009657530872909171  0.19454275258021073  1.0000
  O   O21       1.0  0.42082200000000003  0.731642  0.500022  1.0000
  O   O22       1.0  0.6828813100332066  0.4416808803452116  0.9467769262820096  1.0000
  O   O23       1.0  0.7490790000000002  0.24296  0.2980310000000001  1.0000
  O   O24       1.0  0.5907060000000001  0.7324239999999997  0.2699940000000001  1.0000
  O   O25       1.0  0.5907250000000001  0.732523  0.7302580000000002  1.0000
  O   O26       1.0  0.8475354907111611  0.43741398625342237  0.44635874765580147  1.0000
  O   O27       1.0  0.763341  0.724534  0.000182  1.0000
  O   O28       1.0  0.666866  0.998085  0.738758  1.0000
  O   O29       1.0  0.9586361332392918  0.08741339092999803  0.5521827678621483  1.0000
  O   O30       1.0  0.753475  0.73632  0.500159  1.0000
  O   O31       1.0  0.9867691454172073  0.007333933465201087  0.2047506755202366  1.0000
  O   O32       1.0  0.8838198134738597  0.3413003421299224  0.12180090953784292  1.0000
  O   O33       1.0  0.8245990000000003  0.493651  0.737565  1.0000
  O   O34       1.0  0.916071  0.748998  0.748553  1.0000
  O   O35       1.0  0.915663  0.750158  0.252251  1.0000
  O   O36       1.0  0.992785  0.000684  0.734767  1.0000
"
"# generated using pymatgen
data_Na3TbTi2Nb2O12
_symmetry_space_group_name_H-M   'P 1'
_cell_length_a   5.48577200
_cell_length_b   5.63527400
_cell_length_c   15.47528000
_cell_angle_alpha   90.00000000
_cell_angle_beta   90.00000000
_cell_angle_gamma   90.00000000
_symmetry_Int_Tables_number   1
_chemical_formula_structural   Na3TbTi2Nb2O12
_chemical_formula_sum   'Na6 Tb2 Ti4 Nb4 O24'
_cell_volume   478.40014915
_cell_formula_units_Z   2
loop_
 _symmetry_equiv_pos_site_id
 _symmetry_equiv_pos_as_xyz
  1  'x, y, z'
loop_
 _atom_site_type_symbol
 _atom_site_label
 _atom_site_symmetry_multiplicity
 _atom_site_fract_x
 _atom_site_fract_y
 _atom_site_fract_z
 _atom_site_occupancy
  Na  Na0  1  0.00461600  0.97912100  0.37074800  1
  Na  Na1  1  0.00461600  0.97912100  0.87925200  1
  Na  Na2  1  0.49538400  0.47912100  0.87925200  1
  Na  Na3  1  0.49538400  0.47912100  0.37074800  1
  Na  Na4  1  0.51327500  0.52685300  0.62500000  1
  Na  Na5  1  0.98672500  0.02685300  0.62500000  1
  Tb  Tb6  1  0.50904200  0.56338700  0.12500000  1
  Tb  Tb7  1  0.99095800  0.06338700  0.12500000  1
  Ti  Ti8  1  0.00891300  0.52659700  0.99836300  1
  Ti  Ti9  1  0.00891300  0.52659700  0.25163700  1
  Ti  Ti10  1  0.49108700  0.02659700  0.25163700  1
  Ti  Ti11  1  0.49108700  0.02659700  0.99836300  1
  Nb  Nb12  1  0.00366500  0.51470600  0.49797100  1
  Nb  Nb13  1  0.00366500  0.51470600  0.75202900  1
  Nb  Nb14  1  0.49633500  0.01470600  0.75202900  1
  Nb  Nb15  1  0.49633500  0.01470600  0.49797100  1
  O  O16  1  0.09208000  0.46415200  0.12500000  1
  O  O17  1  0.08120700  0.47971800  0.62500000  1
  O  O18  1  0.21522700  0.21047400  0.47668300  1
  O  O19  1  0.20453400  0.19588200  0.26043700  1
  O  O20  1  0.21522700  0.21047400  0.77331700  1
  O  O21  1  0.20453400  0.19588200  0.98956300  1
  O  O22  1  0.29546600  0.69588200  0.26043700  1
  O  O23  1  0.28477300  0.71047400  0.47668300  1
  O  O24  1  0.28477300  0.71047400  0.77331700  1
  O  O25  1  0.29546600  0.69588200  0.98956300  1
  O  O26  1  0.40792000  0.96415200  0.12500000  1
  O  O27  1  0.41879300  0.97971800  0.62500000  1
  O  O28  1  0.57611600  0.00758300  0.87977400  1
  O  O29  1  0.57611600  0.00758300  0.37022600  1
  O  O30  1  0.70517700  0.27991700  0.03164100  1
  O  O31  1  0.70517700  0.27991700  0.21835900  1
  O  O32  1  0.72169100  0.26866300  0.51926900  1
  O  O33  1  0.72169100  0.26866300  0.73073100  1
  O  O34  1  0.79482300  0.77991700  0.03164100  1
  O  O35  1  0.79482300  0.77991700  0.21835900  1
  O  O36  1  0.77830900  0.76866300  0.51926900  1
  O  O37  1  0.77830900  0.76866300  0.73073100  1
  O  O38  1  0.92388400  0.50758300  0.37022600  1
  O  O39  1  0.92388400  0.50758300  0.87977400  1
",Rotate all surrounding atoms within 3.0711354551995163 angstrom of the center atom at index 12 by 111.3405927934352 degree around the axis [0. 1. 0.] in the cif file. The rotation should following the right-hand rule.,,"data_image0
_chemical_formula_structural       Na6Tb2Ti4Nb4O24
_chemical_formula_sum              ""Na6 Tb2 Ti4 Nb4 O24""
_cell_length_a       5.485772
_cell_length_b       5.635274
_cell_length_c       15.47528
_cell_angle_alpha    90.0
_cell_angle_beta     90.0
_cell_angle_gamma    90.0

_space_group_name_H-M_alt    ""P 1""
_space_group_IT_number       1

loop_
  _space_group_symop_operation_xyz
  'x, y, z'

loop_
  _atom_site_type_symbol
  _atom_site_label
  _atom_site_symmetry_multiplicity
  _atom_site_fract_x
  _atom_site_fract_y
  _atom_site_fract_z
  _atom_site_occupancy
  Na  Na1       1.0  0.004616  0.979121  0.3707479999999999  1.0000
  Na  Na2       1.0  0.004616  0.979121  0.8792519999999998  1.0000
  Na  Na3       1.0  0.49538400000000005  0.479121  0.8792519999999998  1.0000
  Na  Na4       1.0  0.49538400000000005  0.479121  0.3707479999999999  1.0000
  Na  Na5       1.0  0.513275  0.526853  0.625  1.0000
  Na  Na6       1.0  0.986725  0.026853  0.625  1.0000
  Tb  Tb1       1.0  0.5090420000000001  0.563387  0.12499999999999997  1.0000
  Tb  Tb2       1.0  0.990958  0.063387  0.12499999999999997  1.0000
  Ti  Ti1       1.0  0.008913000000000003  0.526597  0.9983629999999998  1.0000
  Ti  Ti2       1.0  0.008913000000000003  0.526597  0.2516369999999999  1.0000
  Ti  Ti3       1.0  0.491087  0.026597  0.2516369999999999  1.0000
  Ti  Ti4       1.0  0.491087  0.026597  0.9983629999999998  1.0000
  Nb  Nb1       1.0  0.0036650000000000007  0.514706  0.4979709999999999  1.0000
  Nb  Nb2       1.0  0.0036650000000000007  0.514706  0.7520289999999997  1.0000
  Nb  Nb3       1.0  0.496335  0.014706  0.7520289999999997  1.0000
  Nb  Nb4       1.0  0.496335  0.014706  0.4979709999999999  1.0000
  O   O1        1.0  0.09208  0.464152  0.12499999999999997  1.0000
  O   O2        1.0  0.30922294486472207  0.4797179999999999  0.4261408806718924  1.0000
  O   O3        1.0  0.8707397118341683  0.21047399999999997  0.43586433773753797  1.0000
  O   O4        1.0  0.204534  0.195882  0.26043699999999986  1.0000
  O   O5        1.0  0.21522700000000003  0.210474  0.7733169999999998  1.0000
  O   O6        1.0  0.204534  0.195882  0.9895629999999997  1.0000
  O   O7        1.0  0.295466  0.695882  0.26043699999999986  1.0000
  O   O8        1.0  0.8454311419962613  0.7104740000000002  0.41290161868395303  1.0000
  O   O9        1.0  0.284773  0.7104740000000002  0.7733169999999998  1.0000
  O   O10       1.0  0.295466  0.695882  0.9895629999999997  1.0000
  O   O11       1.0  0.40792  0.9641519999999999  0.12499999999999997  1.0000
  O   O12       1.0  0.418793  0.9797179999999999  0.625  1.0000
  O   O13       1.0  0.576116  0.0075829999999999995  0.8797739999999997  1.0000
  O   O14       1.0  0.576116  0.0075829999999999995  0.3702259999999999  1.0000
  O   O15       1.0  0.705177  0.279917  0.031641  1.0000
  O   O16       1.0  0.705177  0.279917  0.218359  1.0000
  O   O17       1.0  0.7983290588292691  0.268663  0.25314237963970415  1.0000
  O   O18       1.0  0.7216910000000001  0.268663  0.730731  1.0000
  O   O19       1.0  0.7948230000000001  0.779917  0.031641  1.0000
  O   O20       1.0  0.7948230000000001  0.779917  0.218359  1.0000
  O   O21       1.0  0.7777251332680202  0.768663  0.23444823148774901  1.0000
  O   O22       1.0  0.7783090000000001  0.768663  0.730731  1.0000
  O   O23       1.0  0.3331292973393398  0.507583  0.24062065474897948  1.0000
  O   O24       1.0  0.9238840000000001  0.507583  0.8797739999999997  1.0000
"
"# generated using pymatgen
data_Li2CoO3
_symmetry_space_group_name_H-M   'P 1'
_cell_length_a   2.97827800
_cell_length_b   5.00069222
_cell_length_c   7.47610882
_cell_angle_alpha   106.58082168
_cell_angle_beta   98.95350036
_cell_angle_gamma   88.61961888
_symmetry_Int_Tables_number   1
_chemical_formula_structural   Li2CoO3
_chemical_formula_sum   'Li4 Co2 O6'
_cell_volume   105.39051437
_cell_formula_units_Z   2
loop_
 _symmetry_equiv_pos_site_id
 _symmetry_equiv_pos_as_xyz
  1  'x, y, z'
loop_
 _atom_site_type_symbol
 _atom_site_label
 _atom_site_symmetry_multiplicity
 _atom_site_fract_x
 _atom_site_fract_y
 _atom_site_fract_z
 _atom_site_occupancy
  Li  Li0  1  0.33672900  0.50208300  0.16554200  1
  Li  Li1  1  0.00000000  0.50000000  0.50000000  1
  Li  Li2  1  0.66327100  0.49791700  0.83445800  1
  Li  Li3  1  0.50000000  0.00000000  0.50000000  1
  Co  Co4  1  0.15596000  0.99421800  0.82143100  1
  Co  Co5  1  0.84404000  0.00578200  0.17856900  1
  O  O6  1  0.77392900  0.21693500  0.00178700  1
  O  O7  1  0.43904100  0.23614600  0.32099900  1
  O  O8  1  0.09557600  0.23031200  0.68865500  1
  O  O9  1  0.90442400  0.76968800  0.31134500  1
  O  O10  1  0.56095900  0.76385400  0.67900100  1
  O  O11  1  0.22607100  0.78306500  0.99821300  1
",Rotate all surrounding atoms within 2.834812328017274 angstrom of the center atom at index 1 by 254.9017440646679 degree around the axis [0. 1. 0.] in the cif file. The rotation should following the right-hand rule.,,"data_image0
_chemical_formula_structural       Li4Co2O6
_chemical_formula_sum              ""Li4 Co2 O6""
_cell_length_a       2.978278
_cell_length_b       5.00069222
_cell_length_c       7.47610882
_cell_angle_alpha    106.58082168
_cell_angle_beta     98.95350036
_cell_angle_gamma    88.61961888

_space_group_name_H-M_alt    ""P 1""
_space_group_IT_number       1

loop_
  _space_group_symop_operation_xyz
  'x, y, z'

loop_
  _atom_site_type_symbol
  _atom_site_label
  _atom_site_symmetry_multiplicity
  _atom_site_fract_x
  _atom_site_fract_y
  _atom_site_fract_z
  _atom_site_occupancy
  Li  Li1       1.0  0.336729  0.502083  0.165542  1.0000
  Li  Li2       1.0  0.0  0.49999999999999994  0.4999999999999999  1.0000
  Li  Li3       1.0  0.6632710000000002  0.4979169999999999  0.8344579999999999  1.0000
  Li  Li4       1.0  0.49999999999999983  0.0  0.4999999999999999  1.0000
  Co  Co1       1.0  0.1559599999999999  0.994218  0.8214309999999998  1.0000
  Co  Co2       1.0  0.84404  0.005781999999999995  0.178569  1.0000
  O   O1        1.0  0.773929  0.216935  0.001787  1.0000
  O   O2        1.0  0.4903134588669129  0.24533732596897453  0.3428172314674235  1.0000
  O   O3        1.0  0.6703726546867215  0.96087957699741  0.049080363027886084  1.0000
  O   O4        1.0  0.4383204072032201  0.8679868674752567  0.5446853744791796  1.0000
  O   O5        1.0  0.6183796030230287  0.5835291185036922  0.25094850603964236  1.0000
  O   O6        1.0  0.22607100000000002  0.7830650000000001  0.998213  1.0000
"
"# generated using pymatgen
data_Li3MnCoO5
_symmetry_space_group_name_H-M   'P 1'
_cell_length_a   3.02759700
_cell_length_b   5.08140282
_cell_length_c   12.40311788
_cell_angle_alpha   100.73363916
_cell_angle_beta   87.87144722
_cell_angle_gamma   103.01952393
_symmetry_Int_Tables_number   1
_chemical_formula_structural   Li3MnCoO5
_chemical_formula_sum   'Li6 Mn2 Co2 O10'
_cell_volume   182.65474773
_cell_formula_units_Z   2
loop_
 _symmetry_equiv_pos_site_id
 _symmetry_equiv_pos_as_xyz
  1  'x, y, z'
loop_
 _atom_site_type_symbol
 _atom_site_label
 _atom_site_symmetry_multiplicity
 _atom_site_fract_x
 _atom_site_fract_y
 _atom_site_fract_z
 _atom_site_occupancy
  Li  Li0  1  0.60350700  0.19857900  0.20261000  1
  Li  Li1  1  0.20094500  0.39381400  0.39954200  1
  Li  Li2  1  0.79905500  0.60618600  0.60045800  1
  Li  Li3  1  0.39649300  0.80142100  0.79739000  1
  Li  Li4  1  0.00000000  0.00000000  0.00000000  1
  Li  Li5  1  0.50000000  0.00000000  0.50000000  1
  Mn  Mn6  1  0.30409300  0.60239400  0.10300400  1
  Mn  Mn7  1  0.69590700  0.39760600  0.89699600  1
  Co  Co8  1  0.91068800  0.80950800  0.31042100  1
  Co  Co9  1  0.08931200  0.19049200  0.68957900  1
  O  O10  1  0.96587900  0.88479800  0.16097400  1
  O  O11  1  0.55859100  0.07254500  0.34713800  1
  O  O12  1  0.15397400  0.29951100  0.56447800  1
  O  O13  1  0.76241700  0.47866200  0.75102900  1
  O  O14  1  0.37348800  0.69085500  0.95462800  1
  O  O15  1  0.23758300  0.52133800  0.24897100  1
  O  O16  1  0.84602600  0.70048900  0.43552200  1
  O  O17  1  0.44140900  0.92745500  0.65286200  1
  O  O18  1  0.03412100  0.11520200  0.83902600  1
  O  O19  1  0.62651200  0.30914500  0.04537200  1
",Rotate all surrounding atoms within 2.1885591241955056 angstrom of the center atom at index 5 by 153.148872198969 degree around the axis [ 0. -1.  0.] in the cif file. The rotation should following the right-hand rule.,,"data_image0
_chemical_formula_structural       Li6Mn2Co2O10
_chemical_formula_sum              ""Li6 Mn2 Co2 O10""
_cell_length_a       3.027597
_cell_length_b       5.081402820000001
_cell_length_c       12.403117880000002
_cell_angle_alpha    100.73363916
_cell_angle_beta     87.87144722
_cell_angle_gamma    103.01952393

_space_group_name_H-M_alt    ""P 1""
_space_group_IT_number       1

loop_
  _space_group_symop_operation_xyz
  'x, y, z'

loop_
  _atom_site_type_symbol
  _atom_site_label
  _atom_site_symmetry_multiplicity
  _atom_site_fract_x
  _atom_site_fract_y
  _atom_site_fract_z
  _atom_site_occupancy
  Li  Li1       1.0  0.603507  0.198579  0.20261  1.0000
  Li  Li2       1.0  0.200945  0.393814  0.399542  1.0000
  Li  Li3       1.0  0.799055  0.606186  0.600458  1.0000
  Li  Li4       1.0  0.396493  0.801421  0.79739  1.0000
  Li  Li5       1.0  0.0  0.0  0.0  1.0000
  Li  Li6       1.0  0.5  0.0  0.5  1.0000
  Mn  Mn1       1.0  0.30409299999999995  0.6023939999999999  0.103004  1.0000
  Mn  Mn2       1.0  0.695907  0.397606  0.896996  1.0000
  Co  Co1       1.0  0.9106879999999999  0.8095079999999999  0.310421  1.0000
  Co  Co2       1.0  0.08931200000000002  0.190492  0.689579  1.0000
  O   O1        1.0  0.9658790000000002  0.884798  0.160974  1.0000
  O   O2        1.0  0.827567079486799  0.2052469993516578  0.6372676559075681  1.0000
  O   O3        1.0  0.8836358348286449  0.2206379731650677  0.39203595505863714  1.0000
  O   O4        1.0  0.7624170000000001  0.47866200000000003  0.7510290000000001  1.0000
  O   O5        1.0  0.37348800000000004  0.690855  0.954628  1.0000
  O   O6        1.0  0.23758299999999996  0.5213379999999999  0.24897100000000003  1.0000
  O   O7        1.0  0.8309289789001046  0.7599548244753213  0.5655335995054847  1.0000
  O   O8        1.0  0.8869977342419505  0.7753457982887313  0.3203018986565537  1.0000
  O   O9        1.0  0.03412100000000001  0.11520200000000001  0.839026  1.0000
  O   O10       1.0  0.626512  0.309145  0.04537200000000001  1.0000
"
"# generated using pymatgen
data_Li3MnCoO5
_symmetry_space_group_name_H-M   'P 1'
_cell_length_a   5.05009100
_cell_length_b   5.13643788
_cell_length_c   7.72220592
_cell_angle_alpha   102.97845637
_cell_angle_beta   108.56243149
_cell_angle_gamma   99.85368901
_symmetry_Int_Tables_number   1
_chemical_formula_structural   Li3MnCoO5
_chemical_formula_sum   'Li6 Mn2 Co2 O10'
_cell_volume   178.54200603
_cell_formula_units_Z   2
loop_
 _symmetry_equiv_pos_site_id
 _symmetry_equiv_pos_as_xyz
  1  'x, y, z'
loop_
 _atom_site_type_symbol
 _atom_site_label
 _atom_site_symmetry_multiplicity
 _atom_site_fract_x
 _atom_site_fract_y
 _atom_site_fract_z
 _atom_site_occupancy
  Li  Li0  1  0.20337300  0.49658600  0.89735600  1
  Li  Li1  1  0.78324700  0.49297400  0.09206200  1
  Li  Li2  1  0.40781100  0.50024800  0.29942000  1
  Li  Li3  1  0.00578700  0.50892400  0.50750000  1
  Li  Li4  1  0.59592500  0.49873500  0.70557900  1
  Li  Li5  1  0.40027500  0.00183900  0.80215000  1
  Mn  Mn6  1  0.00146500  0.00346300  0.99669800  1
  Mn  Mn7  1  0.20022900  0.99846400  0.40080900  1
  Co  Co8  1  0.59692700  0.99954300  0.19075100  1
  Co  Co9  1  0.80381600  0.99804000  0.60760300  1
  O  O10  1  0.98755900  0.76712400  0.76390700  1
  O  O11  1  0.62138300  0.77485600  0.96673000  1
  O  O12  1  0.19450700  0.78153900  0.15317900  1
  O  O13  1  0.82676900  0.76835700  0.35601700  1
  O  O14  1  0.40660800  0.77908300  0.53611200  1
  O  O15  1  0.37940700  0.23185100  0.05197200  1
  O  O16  1  0.00555100  0.22097400  0.24597300  1
  O  O17  1  0.58029700  0.22206000  0.43989900  1
  O  O18  1  0.17845500  0.22570600  0.62711700  1
  O  O19  1  0.82060700  0.22963500  0.85916600  1
",Rotate all surrounding atoms within 2.2711770077322107 angstrom of the center atom at index 12 by 131.53607005381875 degree around the axis [0. 1. 0.] in the cif file. The rotation should following the right-hand rule.,,"data_image0
_chemical_formula_structural       Li6Mn2Co2O10
_chemical_formula_sum              ""Li6 Mn2 Co2 O10""
_cell_length_a       5.050091
_cell_length_b       5.13643788
_cell_length_c       7.72220592
_cell_angle_alpha    102.97845637
_cell_angle_beta     108.56243149
_cell_angle_gamma    99.85368901

_space_group_name_H-M_alt    ""P 1""
_space_group_IT_number       1

loop_
  _space_group_symop_operation_xyz
  'x, y, z'

loop_
  _atom_site_type_symbol
  _atom_site_label
  _atom_site_symmetry_multiplicity
  _atom_site_fract_x
  _atom_site_fract_y
  _atom_site_fract_z
  _atom_site_occupancy
  Li  Li1       1.0  0.8760090007305306  0.0327190832881265  0.8240999196350136  1.0000
  Li  Li2       1.0  0.4615868887547798  0.38051343112635494  0.8318602373898936  1.0000
  Li  Li3       1.0  0.046667826373118684  0.35044342274665236  0.952814825948478  1.0000
  Li  Li4       1.0  0.005786999999999981  0.508924  0.5075  1.0000
  Li  Li5       1.0  0.595925  0.498735  0.705579  1.0000
  Li  Li6       1.0  0.400275  0.0018390000000000802  0.8021500000000003  1.0000
  Mn  Mn1       1.0  0.007589208620083943  0.5066448928822259  0.8472022392778044  1.0000
  Mn  Mn2       1.0  0.5253445031398589  0.8561509846263439  0.07153716887321979  1.0000
  Co  Co1       1.0  0.9197014864874866  0.8915749066812869  0.9409435477653771  1.0000
  Co  Co2       1.0  0.803816  0.9980399999999999  0.607603  1.0000
  O   O1        1.0  0.9875589999999999  0.767124  0.763907  1.0000
  O   O2        1.0  0.621383  0.774856  0.96673  1.0000
  O   O3        1.0  0.19450699999999996  0.781539  0.153179  1.0000
  O   O4        1.0  0.826769  0.768357  0.35601700000000003  1.0000
  O   O5        1.0  0.4066079999999999  0.779083  0.536112  1.0000
  O   O6        1.0  0.379407  0.23185100000000003  0.05197200000000001  1.0000
  O   O7        1.0  0.005551000000000042  0.22097400000000003  0.24597300000000005  1.0000
  O   O8        1.0  0.580297  0.22206000000000004  0.439899  1.0000
  O   O9        1.0  0.1784550000000001  0.22570600000000013  0.6271170000000003  1.0000
  O   O10       1.0  0.820607  0.229635  0.859166  1.0000
"
"# generated using pymatgen
data_Li4Mn3O7
_symmetry_space_group_name_H-M   'P 1'
_cell_length_a   6.88663857
_cell_length_b   6.88663857
_cell_length_c   14.75821585
_cell_angle_alpha   65.77290175
_cell_angle_beta   65.77290175
_cell_angle_gamma   24.16264254
_symmetry_Int_Tables_number   1
_chemical_formula_structural   Li4Mn3O7
_chemical_formula_sum   'Li8 Mn6 O14'
_cell_volume   260.04949087
_cell_formula_units_Z   2
loop_
 _symmetry_equiv_pos_site_id
 _symmetry_equiv_pos_as_xyz
  1  'x, y, z'
loop_
 _atom_site_type_symbol
 _atom_site_label
 _atom_site_symmetry_multiplicity
 _atom_site_fract_x
 _atom_site_fract_y
 _atom_site_fract_z
 _atom_site_occupancy
  Li  Li0  1  0.71146800  0.71146800  0.93060900  1
  Li  Li1  1  0.28853200  0.28853200  0.06939100  1
  Li  Li2  1  0.86531500  0.86531500  0.20897900  1
  Li  Li3  1  0.13468500  0.13468500  0.79102100  1
  Li  Li4  1  0.57314300  0.57314300  0.64300900  1
  Li  Li5  1  0.42685700  0.42685700  0.35699100  1
  Li  Li6  1  0.00000000  0.00000000  0.50000000  1
  Li  Li7  1  0.00000000  0.00000000  0.00000000  1
  Mn  Mn8  1  0.43635400  0.43635400  0.86302000  1
  Mn  Mn9  1  0.56364600  0.56364600  0.13698000  1
  Mn  Mn10  1  0.14064900  0.14064900  0.28209300  1
  Mn  Mn11  1  0.71293900  0.71293900  0.42809600  1
  Mn  Mn12  1  0.28706100  0.28706100  0.57190400  1
  Mn  Mn13  1  0.85935100  0.85935100  0.71790700  1
  O  O14  1  0.86297700  0.86297700  0.95468900  1
  O  O15  1  0.44280900  0.44280900  0.11140000  1
  O  O16  1  0.00499600  0.00499600  0.23656800  1
  O  O17  1  0.29921300  0.29921300  0.81805200  1
  O  O18  1  0.71953800  0.71953800  0.66866200  1
  O  O19  1  0.57387400  0.57387400  0.37965700  1
  O  O20  1  0.14463500  0.14463500  0.52559600  1
  O  O21  1  0.55719100  0.55719100  0.88860000  1
  O  O22  1  0.13702300  0.13702300  0.04531100  1
  O  O23  1  0.70078700  0.70078700  0.18194800  1
  O  O24  1  0.99500400  0.99500400  0.76343200  1
  O  O25  1  0.42612600  0.42612600  0.62034300  1
  O  O26  1  0.28046200  0.28046200  0.33133800  1
  O  O27  1  0.85536500  0.85536500  0.47440400  1
",Rotate all surrounding atoms within 3.172211268809318 angstrom of the center atom at index 22 by 80.03870489362441 degree around the axis [ 0. -1.  0.] in the cif file. The rotation should following the right-hand rule.,,"data_image0
_chemical_formula_structural       Li8Mn6O14
_chemical_formula_sum              ""Li8 Mn6 O14""
_cell_length_a       6.88663857
_cell_length_b       6.88663857
_cell_length_c       14.758215850000001
_cell_angle_alpha    65.77290175
_cell_angle_beta     65.77290175
_cell_angle_gamma    24.162642540000004

_space_group_name_H-M_alt    ""P 1""
_space_group_IT_number       1

loop_
  _space_group_symop_operation_xyz
  'x, y, z'

loop_
  _atom_site_type_symbol
  _atom_site_label
  _atom_site_symmetry_multiplicity
  _atom_site_fract_x
  _atom_site_fract_y
  _atom_site_fract_z
  _atom_site_occupancy
  Li  Li1       1.0  0.36259046078085566  0.6110906086243736  0.1488951058491934  1.0000
  Li  Li2       1.0  0.9220261259827683  0.22529620700920788  0.20690697658671095  1.0000
  Li  Li3       1.0  0.8653150000000001  0.865315  0.20897899999999994  1.0000
  Li  Li4       1.0  0.13468500000000005  0.1346850000000001  0.7910209999999998  1.0000
  Li  Li5       1.0  0.573143  0.5731430000000002  0.6430089999999998  1.0000
  Li  Li6       1.0  0.4268569999999999  0.42685700000000004  0.356991  1.0000
  Li  Li7       1.0  9.30368533402099e-17  3.9385035087493387e-17  0.4999999999999999  1.0000
  Li  Li8       1.0  0.3895345997875487  0.05305862671649281  0.8846158397929682  1.0000
  Mn  Mn1       1.0  0.43635400000000013  0.436354  0.86302  1.0000
  Mn  Mn2       1.0  0.4727425441511687  0.38977413189219084  0.5150911711097345  1.0000
  Mn  Mn3       1.0  0.14064899999999994  0.14064900000000002  0.282093  1.0000
  Mn  Mn4       1.0  0.7129389999999999  0.7129390000000001  0.4280959999999999  1.0000
  Mn  Mn5       1.0  0.28706099999999984  0.287061  0.571904  1.0000
  Mn  Mn6       1.0  0.859351  0.859351  0.717907  1.0000
  O   O1        1.0  0.147593586763624  0.6993638156335815  0.3104910824359046  1.0000
  O   O2        1.0  0.6599452823084013  0.3182521998731856  0.3822679562609226  1.0000
  O   O3        1.0  0.8006486176573803  0.09735777918346437  0.035713078080230734  1.0000
  O   O4        1.0  0.06366042295479257  0.36264306373791144  0.6801135517362716  1.0000
  O   O5        1.0  0.7195379999999998  0.719538  0.668662  1.0000
  O   O6        1.0  0.5738740000000001  0.573874  0.379657  1.0000
  O   O7        1.0  0.14463499999999996  0.14463500000000004  0.525596  1.0000
  O   O8        1.0  0.5571910000000001  0.557191  0.8886  1.0000
  O   O9        1.0  0.13702300000000006  0.137023  0.045311  1.0000
  O   O10       1.0  0.22095616380883154  0.4737437518956702  0.6756885306996325  1.0000
  O   O11       1.0  0.9950040000000001  0.9950040000000001  0.7634319999999998  1.0000
  O   O12       1.0  0.426126  0.4261260000000001  0.6203429999999998  1.0000
  O   O13       1.0  0.2804619999999998  0.28046200000000016  0.33133799999999997  1.0000
  O   O14       1.0  0.8553649999999999  0.8553650000000002  0.4744039999999999  1.0000
"
"# generated using pymatgen
data_Li4MnCo2O7
_symmetry_space_group_name_H-M   'P 1'
_cell_length_a   2.92375400
_cell_length_b   10.62896636
_cell_length_c   8.36510573
_cell_angle_alpha   78.47314435
_cell_angle_beta   90.00000000
_cell_angle_gamma   82.09464734
_symmetry_Int_Tables_number   1
_chemical_formula_structural   Li4MnCo2O7
_chemical_formula_sum   'Li8 Mn2 Co4 O14'
_cell_volume   252.19317365
_cell_formula_units_Z   2
loop_
 _symmetry_equiv_pos_site_id
 _symmetry_equiv_pos_as_xyz
  1  'x, y, z'
loop_
 _atom_site_type_symbol
 _atom_site_label
 _atom_site_symmetry_multiplicity
 _atom_site_fract_x
 _atom_site_fract_y
 _atom_site_fract_z
 _atom_site_occupancy
  Li  Li0  1  0.42857100  0.14285700  0.21428600  1
  Li  Li1  1  0.28898000  0.42204000  0.64434100  1
  Li  Li2  1  0.14397500  0.71205000  0.06923200  1
  Li  Li3  1  0.99939800  0.00120400  0.51574500  1
  Li  Li4  1  0.85774500  0.28451000  0.91282600  1
  Li  Li5  1  0.71316800  0.57366500  0.35934000  1
  Li  Li6  1  0.56816300  0.86367400  0.78423000  1
  Li  Li7  1  0.42857100  0.14285700  0.71428600  1
  Mn  Mn8  1  0.99850200  0.00299700  0.98818100  1
  Mn  Mn9  1  0.85864100  0.28271700  0.44039000  1
  Co  Co10  1  0.71518400  0.56963300  0.85680100  1
  Co  Co11  1  0.57061500  0.85877000  0.28460200  1
  Co  Co12  1  0.28652800  0.42694400  0.14396900  1
  Co  Co13  1  0.14195900  0.71608200  0.57177100  1
  O  O14  1  0.43634600  0.12730700  0.97056000  1
  O  O15  1  0.29331000  0.41338100  0.39449800  1
  O  O16  1  0.14936100  0.70128000  0.82160500  1
  O  O17  1  0.00487700  0.99024600  0.23647100  1
  O  O18  1  0.85623900  0.28752000  0.65669500  1
  O  O19  1  0.71946900  0.56106000  0.10747900  1
  O  O20  1  0.57398800  0.85202400  0.53214600  1
  O  O21  1  0.42079700  0.15840700  0.45801100  1
  O  O22  1  0.28315500  0.43369100  0.89642600  1
  O  O23  1  0.13767400  0.72465400  0.32109200  1
  O  O24  1  0.00090300  0.99819400  0.77187700  1
  O  O25  1  0.85226600  0.29546800  0.19210000  1
  O  O26  1  0.70778200  0.58443500  0.60696700  1
  O  O27  1  0.56383300  0.87233300  0.03407300  1
",Rotate all surrounding atoms within 2.804855177413533 angstrom of the center atom at index 16 by 76.0355776526516 degree around the axis [-1.  0.  0.] in the cif file. The rotation should following the right-hand rule.,,"data_image0
_chemical_formula_structural       Li8Mn2Co4O14
_chemical_formula_sum              ""Li8 Mn2 Co4 O14""
_cell_length_a       2.923754
_cell_length_b       10.62896636
_cell_length_c       8.36510573
_cell_angle_alpha    78.47314435
_cell_angle_beta     90.0
_cell_angle_gamma    82.09464734

_space_group_name_H-M_alt    ""P 1""
_space_group_IT_number       1

loop_
  _space_group_symop_operation_xyz
  'x, y, z'

loop_
  _atom_site_type_symbol
  _atom_site_label
  _atom_site_symmetry_multiplicity
  _atom_site_fract_x
  _atom_site_fract_y
  _atom_site_fract_z
  _atom_site_occupancy
  Li  Li1       1.0  0.4285710000000001  0.142857  0.214286  1.0000
  Li  Li2       1.0  0.28898  0.42203999999999997  0.644341  1.0000
  Li  Li3       1.0  0.4431430139878852  0.11371397217627481  0.777006145631716  1.0000
  Li  Li4       1.0  0.999398  0.0012039999999999976  0.515745  1.0000
  Li  Li5       1.0  0.857745  0.28451  0.912826  1.0000
  Li  Li6       1.0  0.713168  0.573665  0.35933999999999994  1.0000
  Li  Li7       1.0  0.6282469827731373  0.7435060344842619  0.6175511681377945  1.0000
  Li  Li8       1.0  0.4285710000000001  0.142857  0.714286  1.0000
  Mn  Mn1       1.0  0.9985020000000001  0.0029970000000000166  0.9881809999999999  1.0000
  Mn  Mn2       1.0  0.8586410000000002  0.28271699999999994  0.44039  1.0000
  Co  Co1       1.0  0.6645482778235794  0.6709044443271069  0.9872270200266305  1.0000
  Co  Co2       1.0  0.5706149999999999  0.8587700000000001  0.284602  1.0000
  Co  Co3       1.0  0.28652800000000006  0.426944  0.143969  1.0000
  Co  Co4       1.0  0.24443753239237084  0.5111249352673408  0.792796984893855  1.0000
  O   O1        1.0  0.43634600000000007  0.127307  0.97056  1.0000
  O   O2        1.0  0.29331  0.413381  0.394498  1.0000
  O   O3        1.0  0.14936099999999994  0.70128  0.8216049999999998  1.0000
  O   O4        1.0  0.0048769999999999656  0.990246  0.236471  1.0000
  O   O5        1.0  0.856239  0.28752  0.656695  1.0000
  O   O6        1.0  0.719469  0.56106  0.107479  1.0000
  O   O7        1.0  0.573988  0.8520239999999999  0.532146  1.0000
  O   O8        1.0  0.420797  0.15840700000000002  0.458011  1.0000
  O   O9        1.0  0.17894015635367047  0.6421206872396943  0.158388390431214  1.0000
  O   O10       1.0  0.13767400000000002  0.7246539999999999  0.321092  1.0000
  O   O11       1.0  0.0009030000000000405  0.998194  0.7718769999999998  1.0000
  O   O12       1.0  0.8522660000000001  0.295468  0.1921  1.0000
  O   O13       1.0  0.7596248102159503  0.48074937959444786  0.9584190049204856  1.0000
  O   O14       1.0  0.5638330000000003  0.8723329999999999  0.034073  1.0000
"
"# generated using pymatgen
data_Li4MnCo2O7
_symmetry_space_group_name_H-M   'P 1'
_cell_length_a   2.99013623
_cell_length_b   2.99013623
_cell_length_c   34.50281743
_cell_angle_alpha   87.14437003
_cell_angle_beta   87.14437003
_cell_angle_gamma   57.20157723
_symmetry_Int_Tables_number   1
_chemical_formula_structural   Li4MnCo2O7
_chemical_formula_sum   'Li8 Mn2 Co4 O14'
_cell_volume   258.89045522
_cell_formula_units_Z   2
loop_
 _symmetry_equiv_pos_site_id
 _symmetry_equiv_pos_as_xyz
  1  'x, y, z'
loop_
 _atom_site_type_symbol
 _atom_site_label
 _atom_site_symmetry_multiplicity
 _atom_site_fract_x
 _atom_site_fract_y
 _atom_site_fract_z
 _atom_site_occupancy
  Li  Li0  1  0.71773700  0.71773700  0.92717400  1
  Li  Li1  1  0.13981000  0.13981000  0.78723200  1
  Li  Li2  1  0.57454400  0.57454400  0.64109400  1
  Li  Li3  1  0.00700300  0.00700300  0.49830600  1
  Li  Li4  1  0.42065400  0.42065400  0.35868800  1
  Li  Li5  1  0.85486700  0.85486700  0.21519700  1
  Li  Li6  1  0.28382200  0.28382200  0.07238700  1
  Li  Li7  1  0.71487500  0.71487500  0.42846600  1
  Mn  Mn8  1  0.00065600  0.00065600  0.00006700  1
  Mn  Mn9  1  0.85649300  0.85649300  0.71415500  1
  Co  Co10  1  0.42859100  0.42859100  0.85721900  1
  Co  Co11  1  0.28862300  0.28862300  0.57183800  1
  Co  Co12  1  0.14051900  0.14051900  0.28492500  1
  Co  Co13  1  0.57131600  0.57131600  0.14332000  1
  O  O14  1  0.37919100  0.37919100  0.96707100  1
  O  O15  1  0.77899400  0.77899400  0.82422300  1
  O  O16  1  0.23517600  0.23517600  0.68090500  1
  O  O17  1  0.65280600  0.65280600  0.54245500  1
  O  O18  1  0.07338500  0.07338500  0.39107100  1
  O  O19  1  0.51377300  0.51377300  0.25322600  1
  O  O20  1  0.92581500  0.92581500  0.11084900  1
  O  O21  1  0.07791700  0.07791700  0.89021200  1
  O  O22  1  0.47846600  0.47846600  0.74712900  1
  O  O23  1  0.91521800  0.91521800  0.60360100  1
  O  O24  1  0.35508000  0.35508000  0.46589900  1
  O  O25  1  0.77586700  0.77586700  0.31434600  1
  O  O26  1  0.21812800  0.21812800  0.17547000  1
  O  O27  1  0.62067700  0.62067700  0.03347400  1
",Rotate all surrounding atoms within 3.4245143155730533 angstrom of the center atom at index 16 by 284.8294638694066 degree around the axis [-1.  0.  0.] in the cif file. The rotation should following the right-hand rule.,,"data_image0
_chemical_formula_structural       Li8Mn2Co4O14
_chemical_formula_sum              ""Li8 Mn2 Co4 O14""
_cell_length_a       2.99013623
_cell_length_b       2.99013623
_cell_length_c       34.50281742999999
_cell_angle_alpha    87.14437003
_cell_angle_beta     87.14437003
_cell_angle_gamma    57.20157723

_space_group_name_H-M_alt    ""P 1""
_space_group_IT_number       1

loop_
  _space_group_symop_operation_xyz
  'x, y, z'

loop_
  _atom_site_type_symbol
  _atom_site_label
  _atom_site_symmetry_multiplicity
  _atom_site_fract_x
  _atom_site_fract_y
  _atom_site_fract_z
  _atom_site_occupancy
  Li  Li1       1.0  0.7177369999999997  0.7177370000000001  0.927174  1.0000
  Li  Li2       1.0  0.13980999999999993  0.13980999999999993  0.787232  1.0000
  Li  Li3       1.0  0.4000534271773086  0.8409414270508058  0.6936059084047748  1.0000
  Li  Li4       1.0  0.007002999999999969  0.007002999999999995  0.4983060000000001  1.0000
  Li  Li5       1.0  0.4206540000000001  0.4206539999999999  0.3586880000000001  1.0000
  Li  Li6       1.0  0.8548670000000002  0.854867  0.21519700000000005  1.0000
  Li  Li7       1.0  0.283822  0.283822  0.072387  1.0000
  Li  Li8       1.0  0.7148749999999999  0.714875  0.428466  1.0000
  Mn  Mn1       1.0  0.000656  0.000656  6.7e-05  1.0000
  Mn  Mn2       1.0  0.34308790647724696  0.9370128354617576  0.7341142004679866  1.0000
  Co  Co1       1.0  0.4285909999999998  0.428591  0.857219  1.0000
  Co  Co2       1.0  0.288623  0.288623  0.5718380000000001  1.0000
  Co  Co3       1.0  0.14051900000000003  0.140519  0.284925  1.0000
  Co  Co4       1.0  0.5713160000000002  0.571316  0.14332  1.0000
  O   O1        1.0  0.379191  0.37919100000000006  0.967071  1.0000
  O   O2        1.0  0.7789939999999999  0.778994  0.824223  1.0000
  O   O3        1.0  0.23517600000000008  0.235176  0.680905  1.0000
  O   O4        1.0  0.652806  0.6528059999999999  0.5424550000000002  1.0000
  O   O5        1.0  0.073385  0.07338499999999999  0.391071  1.0000
  O   O6        1.0  0.5137729999999997  0.5137729999999999  0.2532260000000001  1.0000
  O   O7        1.0  0.9258150000000002  0.925815  0.110849  1.0000
  O   O8        1.0  0.07791699999999992  0.07791699999999997  0.8902120000000001  1.0000
  O   O9        1.0  0.07306323611743593  0.4130177308434345  0.7167567782319603  1.0000
  O   O10       1.0  0.5843329713720841  0.4162736702920693  0.707053176852199  1.0000
  O   O11       1.0  0.3550799999999999  0.35507999999999995  0.46589900000000006  1.0000
  O   O12       1.0  0.7758669999999999  0.775867  0.31434600000000007  1.0000
  O   O13       1.0  0.21812800000000002  0.21812799999999996  0.17547  1.0000
  O   O14       1.0  0.6206769999999999  0.620677  0.033474  1.0000
"
"# generated using pymatgen
data_Li4MnCo2O7
_symmetry_space_group_name_H-M   'P 1'
_cell_length_a   3.02615300
_cell_length_b   5.12124300
_cell_length_c   17.12644361
_cell_angle_alpha   85.62553062
_cell_angle_beta   88.50484932
_cell_angle_gamma   75.66046400
_symmetry_Int_Tables_number   1
_chemical_formula_structural   Li4MnCo2O7
_chemical_formula_sum   'Li8 Mn2 Co4 O14'
_cell_volume   256.39449747
_cell_formula_units_Z   2
loop_
 _symmetry_equiv_pos_site_id
 _symmetry_equiv_pos_as_xyz
  1  'x, y, z'
loop_
 _atom_site_type_symbol
 _atom_site_label
 _atom_site_symmetry_multiplicity
 _atom_site_fract_x
 _atom_site_fract_y
 _atom_site_fract_z
 _atom_site_occupancy
  Li  Li0  1  0.42985500  0.14246200  0.85588100  1
  Li  Li1  1  0.85199900  0.28330800  0.71315900  1
  Li  Li2  1  0.28555500  0.42179300  0.57200000  1
  Li  Li3  1  0.71444500  0.57820700  0.42800000  1
  Li  Li4  1  0.14800100  0.71669200  0.28684100  1
  Li  Li5  1  0.57014500  0.85753800  0.14411900  1
  Li  Li6  1  0.00000000  0.00000000  0.00000000  1
  Li  Li7  1  0.00000000  0.00000000  0.50000000  1
  Mn  Mn8  1  0.70635200  0.57241600  0.92674700  1
  Mn  Mn9  1  0.29364800  0.42758400  0.07325300  1
  Co  Co10  1  0.13731300  0.71450700  0.78171500  1
  Co  Co11  1  0.56862000  0.86407200  0.63629800  1
  Co  Co12  1  0.43138000  0.13592800  0.36370200  1
  Co  Co13  1  0.86268700  0.28549300  0.21828500  1
  O  O14  1  0.03875600  0.84474700  0.88664400  1
  O  O15  1  0.52032200  0.97629300  0.74203700  1
  O  O16  1  0.91857900  0.11655900  0.60947700  1
  O  O17  1  0.35663600  0.28135100  0.45332000  1
  O  O18  1  0.76347000  0.40679300  0.32012800  1
  O  O19  1  0.23493200  0.55457700  0.17820600  1
  O  O20  1  0.61879600  0.70109400  0.03261500  1
  O  O21  1  0.76506800  0.44542300  0.82179400  1
  O  O22  1  0.23653000  0.59320700  0.67987200  1
  O  O23  1  0.64336400  0.71864900  0.54668000  1
  O  O24  1  0.08142100  0.88344100  0.39052300  1
  O  O25  1  0.47967800  0.02370700  0.25796300  1
  O  O26  1  0.96124400  0.15525300  0.11335600  1
  O  O27  1  0.38120400  0.29890600  0.96738500  1
",Rotate all surrounding atoms within 3.2571484910678685 angstrom of the center atom at index 18 by 243.40505067869208 degree around the axis [0. 1. 0.] in the cif file. The rotation should following the right-hand rule.,,"data_image0
_chemical_formula_structural       Li8Mn2Co4O14
_chemical_formula_sum              ""Li8 Mn2 Co4 O14""
_cell_length_a       3.026153
_cell_length_b       5.121243
_cell_length_c       17.12644361
_cell_angle_alpha    85.62553062000002
_cell_angle_beta     88.50484932000002
_cell_angle_gamma    75.660464

_space_group_name_H-M_alt    ""P 1""
_space_group_IT_number       1

loop_
  _space_group_symop_operation_xyz
  'x, y, z'

loop_
  _atom_site_type_symbol
  _atom_site_label
  _atom_site_symmetry_multiplicity
  _atom_site_fract_x
  _atom_site_fract_y
  _atom_site_fract_z
  _atom_site_occupancy
  Li  Li1       1.0  0.42985499999999993  0.142462  0.855881  1.0000
  Li  Li2       1.0  0.851999  0.283308  0.713159  1.0000
  Li  Li3       1.0  0.285555  0.42179300000000003  0.5719999999999998  1.0000
  Li  Li4       1.0  0.12056256366510805  0.6155213711499301  0.27797635527664555  1.0000
  Li  Li5       1.0  0.027322553219160106  0.7240386740910358  0.25730345749919686  1.0000
  Li  Li6       1.0  0.5701450000000001  0.8575380000000001  0.144119  1.0000
  Li  Li7       1.0  0.0  0.0  0.0  1.0000
  Li  Li8       1.0  0.0  0.0  0.5  1.0000
  Mn  Mn1       1.0  0.706352  0.572416  0.926747  1.0000
  Mn  Mn2       1.0  0.293648  0.427584  0.07325299999999997  1.0000
  Co  Co1       1.0  0.137313  0.7145070000000001  0.781715  1.0000
  Co  Co2       1.0  0.5686200000000002  0.8640720000000001  0.636298  1.0000
  Co  Co3       1.0  0.8530744118325834  0.16892779315311157  0.23102525666016552  1.0000
  Co  Co4       1.0  0.32167270287350047  0.24750826983284133  0.37100384498905636  1.0000
  O   O1        1.0  0.03875600000000003  0.844747  0.8866439999999998  1.0000
  O   O2        1.0  0.5203220000000001  0.976293  0.742037  1.0000
  O   O3        1.0  0.918579  0.116559  0.609477  1.0000
  O   O4        1.0  0.33258261785920484  0.34664171194646637  0.19081656577530481  1.0000
  O   O5        1.0  0.76347  0.406793  0.320128  1.0000
  O   O6        1.0  0.6512960638064607  0.5226913634230584  0.3064032405317105  1.0000
  O   O7        1.0  0.618796  0.7010940000000002  0.032615  1.0000
  O   O8        1.0  0.7650680000000002  0.4454229999999999  0.821794  1.0000
  O   O9        1.0  0.23652999999999996  0.593207  0.679872  1.0000
  O   O10       1.0  0.643364  0.7186490000000003  0.54668  1.0000
  O   O11       1.0  0.417017433446206  0.9273867093502263  0.21383784402661718  1.0000
  O   O12       1.0  0.44913814440977284  0.019198838626549124  0.2760882096552458  1.0000
  O   O13       1.0  0.961244  0.155253  0.11335599999999997  1.0000
  O   O14       1.0  0.38120400000000004  0.298906  0.967385  1.0000
"
"# generated using pymatgen
data_Li4MnCo2O7
_symmetry_space_group_name_H-M   'P 1'
_cell_length_a   5.13544000
_cell_length_b   7.66074231
_cell_length_c   7.71071401
_cell_angle_alpha   118.98009302
_cell_angle_beta   109.08114708
_cell_angle_gamma   83.35979248
_symmetry_Int_Tables_number   1
_chemical_formula_structural   Li4MnCo2O7
_chemical_formula_sum   'Li8 Mn2 Co4 O14'
_cell_volume   250.45069182
_cell_formula_units_Z   2
loop_
 _symmetry_equiv_pos_site_id
 _symmetry_equiv_pos_as_xyz
  1  'x, y, z'
loop_
 _atom_site_type_symbol
 _atom_site_label
 _atom_site_symmetry_multiplicity
 _atom_site_fract_x
 _atom_site_fract_y
 _atom_site_fract_z
 _atom_site_occupancy
  Li  Li0  1  0.50819400  0.21403400  0.07797000  1
  Li  Li1  1  0.50586600  0.48563000  0.49346400  1
  Li  Li2  1  0.50143300  0.64529600  0.21563600  1
  Li  Li3  1  0.50240200  0.92740400  0.64385100  1
  Li  Li4  1  0.50080300  0.07517400  0.36472600  1
  Li  Li5  1  0.48563400  0.35422800  0.77391400  1
  Li  Li6  1  0.49787900  0.78931600  0.93091400  1
  Li  Li7  1  0.99503100  0.28506200  0.42806100  1
  Mn  Mn8  1  0.00404500  0.00313100  0.00508100  1
  Mn  Mn9  1  0.99944500  0.42807600  0.14376300  1
  Co  Co10  1  0.99830000  0.57200600  0.85692200  1
  Co  Co11  1  0.01169700  0.87325500  0.29682300  1
  Co  Co12  1  0.98728000  0.14902100  0.70328100  1
  Co  Co13  1  0.00062700  0.70608600  0.56799900  1
  O  O14  1  0.21636100  0.97245400  0.82209900  1
  O  O15  1  0.22350000  0.24502600  0.22746800  1
  O  O16  1  0.21937400  0.40015900  0.96132800  1
  O  O17  1  0.23133100  0.65733900  0.37658500  1
  O  O18  1  0.23764800  0.83958100  0.10904700  1
  O  O19  1  0.23992900  0.08932000  0.53171000  1
  O  O20  1  0.22035900  0.54858700  0.68961500  1
  O  O21  1  0.77127800  0.46831100  0.31134900  1
  O  O22  1  0.77999900  0.75999800  0.77009400  1
  O  O23  1  0.76951300  0.88667600  0.46861200  1
  O  O24  1  0.77737400  0.18552100  0.91337900  1
  O  O25  1  0.75237400  0.31171100  0.61143700  1
  O  O26  1  0.78918700  0.60368600  0.03927800  1
  O  O27  1  0.77313800  0.02391300  0.16559600  1
",Rotate all surrounding atoms within 3.739451022127085 angstrom of the center atom at index 4 by 288.2375377377108 degree around the axis [1. 0. 0.] in the cif file. The rotation should following the right-hand rule.,,"data_image0
_chemical_formula_structural       Li8Mn2Co4O14
_chemical_formula_sum              ""Li8 Mn2 Co4 O14""
_cell_length_a       5.13544
_cell_length_b       7.66074231
_cell_length_c       7.71071401
_cell_angle_alpha    118.98009302
_cell_angle_beta     109.08114708
_cell_angle_gamma    83.35979248

_space_group_name_H-M_alt    ""P 1""
_space_group_IT_number       1

loop_
  _space_group_symop_operation_xyz
  'x, y, z'

loop_
  _atom_site_type_symbol
  _atom_site_label
  _atom_site_symmetry_multiplicity
  _atom_site_fract_x
  _atom_site_fract_y
  _atom_site_fract_z
  _atom_site_occupancy
  Li  Li1       1.0  0.5356282588062575  0.7507299763700109  0.9710435126609589  1.0000
  Li  Li2       1.0  0.32980330913220257  0.1258383758963504  0.008326764779331397  1.0000
  Li  Li3       1.0  0.34324724021310826  0.8064468054513051  0.5985646929849551  1.0000
  Li  Li4       1.0  0.13372813056323946  0.1925983866974183  0.6345123992067675  1.0000
  Li  Li5       1.0  0.500803  0.075174  0.364726  1.0000
  Li  Li6       1.0  0.281214968647438  0.44226269335802554  0.3883853520365786  1.0000
  Li  Li7       1.0  0.10142264259625197  0.5172047809136097  0.027578190964504135  1.0000
  Li  Li8       1.0  0.9056580689798974  0.09850061261064694  0.18041666403133141  1.0000
  Mn  Mn1       1.0  0.12372007226060096  0.717727167149038  0.1485978363319308  1.0000
  Mn  Mn2       1.0  0.9994449999999999  0.428076  0.143763  1.0000
  Co  Co1       1.0  0.9983000000000002  0.572006  0.8569220000000001  1.0000
  Co  Co2       1.0  0.7531777871985312  0.8446040063619684  0.4086385067351219  1.0000
  Co  Co3       1.0  0.8725348661822151  0.4104484625650971  0.5613820086945922  1.0000
  Co  Co4       1.0  0.0006270000000000441  0.706086  0.567999  1.0000
  O   O1        1.0  0.7851374009680705  0.3678795659155862  0.7310937915460041  1.0000
  O   O2        1.0  0.20082554508792724  0.8991042754488473  0.059705737240410776  1.0000
  O   O3        1.0  0.2193740000000001  0.40015900000000004  0.9613280000000001  1.0000
  O   O4        1.0  0.026583246781378547  0.970470189411947  0.718062511738453  1.0000
  O   O5        1.0  0.040248110260421736  0.6571839389902918  0.2913510900326033  1.0000
  O   O6        1.0  0.19104915272205814  0.24501585928144315  0.4868423409235434  1.0000
  O   O7        1.0  0.9708294240517539  0.3160358349217366  0.09951840724404608  1.0000
  O   O8        1.0  0.6491793121560208  0.9409865291624474  0.8772775986652169  1.0000
  O   O9        1.0  0.779999  0.759998  0.770094  1.0000
  O   O10       1.0  0.4610994822964243  0.019560551582274762  0.5355453137149677  1.0000
  O   O11       1.0  0.5946515854324863  0.6203847030395676  0.6939392941437588  1.0000
  O   O12       1.0  0.6054736325957638  0.2827819359214241  0.3019876434743042  1.0000
  O   O13       1.0  0.6918617842151775  0.6324289828977041  0.49966695455467725  1.0000
  O   O14       1.0  0.8433387622164457  0.8795459110767347  0.2578824183650137  1.0000
"
"# generated using pymatgen
data_Li7Mn2(CoO4)3
_symmetry_space_group_name_H-M   'P 1'
_cell_length_a   5.13083400
_cell_length_b   5.82663790
_cell_length_c   7.75607444
_cell_angle_alpha   100.94435997
_cell_angle_beta   96.23265109
_cell_angle_gamma   106.19490921
_symmetry_Int_Tables_number   1
_chemical_formula_structural   Li7Mn2(CoO4)3
_chemical_formula_sum   'Li7 Mn2 Co3 O12'
_cell_volume   215.38911347
_cell_formula_units_Z   1
loop_
 _symmetry_equiv_pos_site_id
 _symmetry_equiv_pos_as_xyz
  1  'x, y, z'
loop_
 _atom_site_type_symbol
 _atom_site_label
 _atom_site_symmetry_multiplicity
 _atom_site_fract_x
 _atom_site_fract_y
 _atom_site_fract_z
 _atom_site_occupancy
  Li  Li0  1  0.50814900  0.08712800  0.81474000  1
  Li  Li1  1  0.50529000  0.58200500  0.82378200  1
  Li  Li2  1  0.50128500  0.25281800  0.50662300  1
  Li  Li3  1  0.50688800  0.75320400  0.50236400  1
  Li  Li4  1  0.49102000  0.41385100  0.17638000  1
  Li  Li5  1  0.49173000  0.91412600  0.17334300  1
  Li  Li6  1  0.99897400  0.16680700  0.66669700  1
  Mn  Mn7  1  0.00220200  0.00019900  0.99714100  1
  Mn  Mn8  1  0.99687100  0.49471500  0.99682800  1
  Co  Co9  1  0.99590500  0.65709900  0.66021900  1
  Co  Co10  1  0.99353900  0.32777700  0.34476700  1
  Co  Co11  1  0.01258400  0.84380500  0.35109900  1
  O  O12  1  0.22346400  0.78449300  0.92560900  1
  O  O13  1  0.22224900  0.28692600  0.92929300  1
  O  O14  1  0.24106200  0.95069900  0.56981800  1
  O  O15  1  0.23395900  0.47227900  0.58365200  1
  O  O16  1  0.22447200  0.11429700  0.23676700  1
  O  O17  1  0.21269900  0.60305300  0.23849400  1
  O  O18  1  0.77038700  0.38924500  0.76631800  1
  O  O19  1  0.78451500  0.87454700  0.76302300  1
  O  O20  1  0.75732500  0.54951800  0.41766000  1
  O  O21  1  0.76140100  0.05330000  0.40316100  1
  O  O22  1  0.78661400  0.71742200  0.08179200  1
  O  O23  1  0.77741500  0.21068700  0.07043200  1
",Rotate all surrounding atoms within 2.1593044454474755 angstrom of the center atom at index 16 by 285.40496463197917 degree around the axis [ 0.  0. -1.] in the cif file. The rotation should following the right-hand rule.,,"data_image0
_chemical_formula_structural       Li7Mn2Co3O12
_chemical_formula_sum              ""Li7 Mn2 Co3 O12""
_cell_length_a       5.130834
_cell_length_b       5.8266379
_cell_length_c       7.75607444
_cell_angle_alpha    100.94435996999998
_cell_angle_beta     96.23265108999999
_cell_angle_gamma    106.19490921

_space_group_name_H-M_alt    ""P 1""
_space_group_IT_number       1

loop_
  _space_group_symop_operation_xyz
  'x, y, z'

loop_
  _atom_site_type_symbol
  _atom_site_label
  _atom_site_symmetry_multiplicity
  _atom_site_fract_x
  _atom_site_fract_y
  _atom_site_fract_z
  _atom_site_occupancy
  Li  Li1       1.0  0.508149  0.08712799999999998  0.81474  1.0000
  Li  Li2       1.0  0.50529  0.582005  0.8237819999999998  1.0000
  Li  Li3       1.0  0.501285  0.252818  0.506623  1.0000
  Li  Li4       1.0  0.506888  0.753204  0.502364  1.0000
  Li  Li5       1.0  0.9992637443270354  0.34030167544996126  0.17638  1.0000
  Li  Li6       1.0  0.42784644888655954  0.33347914827141784  0.17334299999999994  1.0000
  Li  Li7       1.0  0.998974  0.16680699999999998  0.6666969999999998  1.0000
  Mn  Mn1       1.0  0.6001852822291942  0.9865537392589534  0.9971410000000003  1.0000
  Mn  Mn2       1.0  0.996871  0.4947149999999999  0.9968279999999998  1.0000
  Co  Co1       1.0  0.995905  0.657099  0.6602189999999999  1.0000
  Co  Co2       1.0  0.45283901655867326  0.8006383761463568  0.3447669999999999  1.0000
  Co  Co3       1.0  0.3323519902544564  0.926600699398356  0.351099  1.0000
  O   O1        1.0  0.22346399999999994  0.784493  0.925609  1.0000
  O   O2        1.0  0.222249  0.286926  0.929293  1.0000
  O   O3        1.0  0.241062  0.950699  0.569818  1.0000
  O   O4        1.0  0.23395900000000003  0.472279  0.583652  1.0000
  O   O5        1.0  0.224472  0.114297  0.23676699999999995  1.0000
  O   O6        1.0  0.212699  0.603053  0.238494  1.0000
  O   O7        1.0  0.770387  0.38924499999999995  0.766318  1.0000
  O   O8        1.0  0.7845150000000001  0.874547  0.763023  1.0000
  O   O9        1.0  0.757325  0.549518  0.41766  1.0000
  O   O10       1.0  0.761401  0.053299999999999965  0.4031609999999999  1.0000
  O   O11       1.0  0.786614  0.7174220000000001  0.081792  1.0000
  O   O12       1.0  0.777415  0.210687  0.070432  1.0000
"
"# generated using pymatgen
data_Li7Mn2(CoO4)3
_symmetry_space_group_name_H-M   'P 1'
_cell_length_a   2.94158200
_cell_length_b   6.46271871
_cell_length_c   11.88815965
_cell_angle_alpha   103.63822899
_cell_angle_beta   92.26648629
_cell_angle_gamma   103.07014895
_symmetry_Int_Tables_number   1
_chemical_formula_structural   Li7Mn2(CoO4)3
_chemical_formula_sum   'Li7 Mn2 Co3 O12'
_cell_volume   212.90712201
_cell_formula_units_Z   1
loop_
 _symmetry_equiv_pos_site_id
 _symmetry_equiv_pos_as_xyz
  1  'x, y, z'
loop_
 _atom_site_type_symbol
 _atom_site_label
 _atom_site_symmetry_multiplicity
 _atom_site_fract_x
 _atom_site_fract_y
 _atom_site_fract_z
 _atom_site_occupancy
  Li  Li0  1  0.00133900  0.00327400  0.25118000  1
  Li  Li1  1  0.32787600  0.66386800  0.58543900  1
  Li  Li2  1  0.66279600  0.32977900  0.41974700  1
  Li  Li3  1  0.00246600  0.99626300  0.74934400  1
  Li  Li4  1  0.67522700  0.34763500  0.91398000  1
  Li  Li5  1  0.33222000  0.66032900  0.07678700  1
  Li  Li6  1  0.32411700  0.66054500  0.83639300  1
  Mn  Mn7  1  0.98900600  0.98913900  0.99637600  1
  Mn  Mn8  1  0.34194100  0.66750500  0.33236500  1
  Co  Co9  1  0.66963600  0.34898100  0.67450700  1
  Co  Co10  1  0.99809500  0.00379800  0.50234200  1
  Co  Co11  1  0.67493000  0.33263800  0.16452000  1
  O  O12  1  0.51528300  0.01490700  0.11431800  1
  O  O13  1  0.81694100  0.68158700  0.45547700  1
  O  O14  1  0.19246600  0.34149600  0.27772700  1
  O  O15  1  0.48265100  0.02114800  0.62098400  1
  O  O16  1  0.13759300  0.32870500  0.78262900  1
  O  O17  1  0.83737400  0.68892700  0.96350200  1
  O  O18  1  0.52436000  0.99156700  0.37851500  1
  O  O19  1  0.82071900  0.63748900  0.70104800  1
  O  O20  1  0.17881400  0.31504900  0.54479600  1
  O  O21  1  0.48112200  0.00259300  0.89111800  1
  O  O22  1  0.15166900  0.31996400  0.05472800  1
  O  O23  1  0.86135900  0.65281400  0.21218000  1
",Rotate all surrounding atoms within 3.83408546970026 angstrom of the center atom at index 23 by 69.84099084586425 degree around the axis [ 0.  0. -1.] in the cif file. The rotation should following the right-hand rule.,,"data_image0
_chemical_formula_structural       Li7Mn2Co3O12
_chemical_formula_sum              ""Li7 Mn2 Co3 O12""
_cell_length_a       2.941582
_cell_length_b       6.46271871
_cell_length_c       11.888159650000002
_cell_angle_alpha    103.63822899
_cell_angle_beta     92.26648628999999
_cell_angle_gamma    103.07014895

_space_group_name_H-M_alt    ""P 1""
_space_group_IT_number       1

loop_
  _space_group_symop_operation_xyz
  'x, y, z'

loop_
  _atom_site_type_symbol
  _atom_site_label
  _atom_site_symmetry_multiplicity
  _atom_site_fract_x
  _atom_site_fract_y
  _atom_site_fract_z
  _atom_site_occupancy
  Li  Li1       1.0  0.351438089756141  0.679508720661188  0.25118  1.0000
  Li  Li2       1.0  0.32787599999999995  0.663868  0.585439  1.0000
  Li  Li3       1.0  0.015438128307816011  0.6372779616711237  0.419747  1.0000
  Li  Li4       1.0  0.0024659999999999483  0.996263  0.749344  1.0000
  Li  Li5       1.0  0.7290673465208668  0.8301977468010429  0.9139800000000001  1.0000
  Li  Li6       1.0  0.8994717566767417  0.8375527093321681  0.07678700000000001  1.0000
  Li  Li7       1.0  0.324117  0.660545  0.836393  1.0000
  Mn  Mn1       1.0  0.07275736774372676  0.08484439103856967  0.996376  1.0000
  Mn  Mn2       1.0  0.7474439775256028  0.9347135862224857  0.332365  1.0000
  Co  Co1       1.0  0.6696360000000001  0.348981  0.674507  1.0000
  Co  Co2       1.0  0.3132848145731877  0.3382898076822914  0.5023419999999998  1.0000
  Co  Co3       1.0  0.19125030892876455  0.5363096321215641  0.16452  1.0000
  O   O1        1.0  0.531386846892266  0.4084643941526953  0.11431799999999999  1.0000
  O   O2        1.0  0.7562937364546254  0.7811925055472195  0.455477  1.0000
  O   O3        1.0  0.07426614554872353  0.7960592509190947  0.277727  1.0000
  O   O4        1.0  0.482651  0.021147999999999997  0.620984  1.0000
  O   O5        1.0  0.13759300000000002  0.328705  0.7826289999999999  1.0000
  O   O6        1.0  0.4395810077066772  0.9699418078266479  0.963502  1.0000
  O   O7        1.0  0.4262676469015849  0.05458764177791853  0.37851499999999993  1.0000
  O   O8        1.0  0.8207189999999999  0.637489  0.7010480000000001  1.0000
  O   O9        1.0  0.178814  0.315049  0.544796  1.0000
  O   O10       1.0  0.481122  0.0025930000000000245  0.891118  1.0000
  O   O11       1.0  0.17048817831006938  0.7168676821428926  0.05472800000000001  1.0000
  O   O12       1.0  0.8613590000000002  0.6528140000000002  0.21218  1.0000
"
"# generated using pymatgen
data_Li9Mn2Co5O16
_symmetry_space_group_name_H-M   'P 1'
_cell_length_a   5.11030600
_cell_length_b   7.67986025
_cell_length_c   7.75382416
_cell_angle_alpha   82.65485286
_cell_angle_beta   83.54105010
_cell_angle_gamma   71.88067930
_symmetry_Int_Tables_number   1
_chemical_formula_structural   Li9Mn2Co5O16
_chemical_formula_sum   'Li9 Mn2 Co5 O16'
_cell_volume   285.99101905
_cell_formula_units_Z   1
loop_
 _symmetry_equiv_pos_site_id
 _symmetry_equiv_pos_as_xyz
  1  'x, y, z'
loop_
 _atom_site_type_symbol
 _atom_site_label
 _atom_site_symmetry_multiplicity
 _atom_site_fract_x
 _atom_site_fract_y
 _atom_site_fract_z
 _atom_site_occupancy
  Li  Li0  1  0.50130500  0.93813100  0.18420900  1
  Li  Li1  1  0.50516700  0.56241300  0.30406300  1
  Li  Li2  1  0.50021600  0.81241900  0.56575400  1
  Li  Li3  1  0.49791700  0.44109600  0.68482100  1
  Li  Li4  1  0.49715800  0.68019100  0.94535400  1
  Li  Li5  1  0.49118200  0.31955000  0.06243600  1
  Li  Li6  1  0.49722400  0.18847500  0.43637600  1
  Li  Li7  1  0.50696000  0.05732000  0.81490700  1
  Li  Li8  1  0.00005900  0.62418000  0.12424600  1
  Mn  Mn9  1  0.01090000  0.99593400  0.99983400  1
  Mn  Mn10  1  0.99403600  0.50104400  0.49808300  1
  Co  Co11  1  0.99226400  0.26215100  0.24669300  1
  Co  Co12  1  0.00020100  0.87342400  0.37101400  1
  Co  Co13  1  0.00071600  0.12366900  0.62370800  1
  Co  Co14  1  0.99710300  0.74931200  0.75777800  1
  Co  Co15  1  0.00070100  0.38375000  0.88005500  1
  O  O16  1  0.22813000  0.15771900  0.03017500  1
  O  O17  1  0.23170600  0.80204200  0.15220100  1
  O  O18  1  0.21916600  0.03317700  0.41583800  1
  O  O19  1  0.21953700  0.65429900  0.53609000  1
  O  O20  1  0.24123200  0.90392400  0.79646400  1
  O  O21  1  0.23916700  0.52199000  0.89661100  1
  O  O22  1  0.22337600  0.40330800  0.29504400  1
  O  O23  1  0.21148600  0.28927200  0.64537300  1
  O  O24  1  0.77510300  0.71464700  0.36025300  1
  O  O25  1  0.76073800  0.35504000  0.46436700  1
  O  O26  1  0.77053400  0.58595400  0.71137600  1
  O  O27  1  0.79417900  0.20277300  0.84185800  1
  O  O28  1  0.75736800  0.45575400  0.09058500  1
  O  O29  1  0.77616800  0.08728300  0.20780600  1
  O  O30  1  0.77765900  0.97167000  0.59684200  1
  O  O31  1  0.78134300  0.84809100  0.95978700  1
",Rotate all surrounding atoms within 2.2065142676674756 angstrom of the center atom at index 22 by 58.75674583733762 degree around the axis [ 0. -1.  0.] in the cif file. The rotation should following the right-hand rule.,,"data_image0
_chemical_formula_structural       Li9Mn2Co5O16
_chemical_formula_sum              ""Li9 Mn2 Co5 O16""
_cell_length_a       5.110306
_cell_length_b       7.67986025
_cell_length_c       7.753824160000001
_cell_angle_alpha    82.65485286000002
_cell_angle_beta     83.5410501
_cell_angle_gamma    71.88067929999998

_space_group_name_H-M_alt    ""P 1""
_space_group_IT_number       1

loop_
  _space_group_symop_operation_xyz
  'x, y, z'

loop_
  _atom_site_type_symbol
  _atom_site_label
  _atom_site_symmetry_multiplicity
  _atom_site_fract_x
  _atom_site_fract_y
  _atom_site_fract_z
  _atom_site_occupancy
  Li  Li1       1.0  0.5013049999999999  0.938131  0.18420899999999996  1.0000
  Li  Li2       1.0  0.2970592416893512  0.5417070938139501  0.5035514985910606  1.0000
  Li  Li3       1.0  0.500216  0.812419  0.565754  1.0000
  Li  Li4       1.0  0.4979170000000003  0.4410960000000001  0.6848209999999998  1.0000
  Li  Li5       1.0  0.49715799999999993  0.6801910000000002  0.9453539999999998  1.0000
  Li  Li6       1.0  0.6717787863077751  0.29675270517782765  0.28207372438401573  1.0000
  Li  Li7       1.0  0.2153924168120116  0.18385048372764423  0.48093033148362846  1.0000
  Li  Li8       1.0  0.50696  0.057320000000000024  0.8149069999999998  1.0000
  Li  Li9       1.0  0.29133172052442624  0.624474171286483  0.12141184303329688  1.0000
  Mn  Mn1       1.0  0.010899999999999898  0.9959340000000001  0.999834  1.0000
  Mn  Mn2       1.0  0.276672618465015  0.46085369523183634  0.8852915328735679  1.0000
  Co  Co1       1.0  0.6687217749780506  0.21864800278116145  0.6658172595914014  1.0000
  Co  Co2       1.0  0.00020099999999994826  0.8734240000000001  0.3710139999999999  1.0000
  Co  Co3       1.0  0.0007160000000000203  0.12366900000000004  0.6237079999999998  1.0000
  Co  Co4       1.0  0.9971030000000001  0.749312  0.757778  1.0000
  Co  Co5       1.0  0.0007010000000000524  0.38375  0.8800549999999998  1.0000
  O   O1        1.0  0.22813  0.157719  0.030175  1.0000
  O   O2        1.0  0.23170600000000002  0.802042  0.15220099999999995  1.0000
  O   O3        1.0  0.21916600000000003  0.03317700000000001  0.4158379999999999  1.0000
  O   O4        1.0  0.21953699999999995  0.654299  0.53609  1.0000
  O   O5        1.0  0.24123200000000009  0.9039240000000001  0.7964639999999997  1.0000
  O   O6        1.0  0.23916700000000013  0.52199  0.896611  1.0000
  O   O7        1.0  0.22337600000000002  0.403308  0.295044  1.0000
  O   O8        1.0  0.21148600000000006  0.289272  0.645373  1.0000
  O   O9        1.0  0.775103  0.714647  0.360253  1.0000
  O   O10       1.0  0.7607380000000001  0.35504  0.4643669999999999  1.0000
  O   O11       1.0  0.770534  0.5859540000000001  0.7113759999999998  1.0000
  O   O12       1.0  0.794179  0.20277300000000012  0.8418579999999998  1.0000
  O   O13       1.0  0.757368  0.455754  0.09058499999999997  1.0000
  O   O14       1.0  0.7761679999999997  0.087283  0.20780599999999994  1.0000
  O   O15       1.0  0.777659  0.97167  0.596842  1.0000
  O   O16       1.0  0.7813430000000002  0.848091  0.959787  1.0000
"
"# generated using pymatgen
data_Li9Mn2Co5O16
_symmetry_space_group_name_H-M   'P 1'
_cell_length_a   5.02634800
_cell_length_b   5.86307769
_cell_length_c   9.88565286
_cell_angle_alpha   88.12617177
_cell_angle_beta   80.39607299
_cell_angle_gamma   88.08582609
_symmetry_Int_Tables_number   1
_chemical_formula_structural   Li9Mn2Co5O16
_chemical_formula_sum   'Li9 Mn2 Co5 O16'
_cell_volume   286.97672867
_cell_formula_units_Z   1
loop_
 _symmetry_equiv_pos_site_id
 _symmetry_equiv_pos_as_xyz
  1  'x, y, z'
loop_
 _atom_site_type_symbol
 _atom_site_label
 _atom_site_symmetry_multiplicity
 _atom_site_fract_x
 _atom_site_fract_y
 _atom_site_fract_z
 _atom_site_occupancy
  Li  Li0  1  0.24651700  0.99892200  0.25882300  1
  Li  Li1  1  0.26321500  0.25295100  0.73104800  1
  Li  Li2  1  0.26019400  0.50593400  0.26151000  1
  Li  Li3  1  0.74253600  0.25770000  0.26688000  1
  Li  Li4  1  0.73980600  0.49406600  0.73849000  1
  Li  Li5  1  0.73678500  0.74704900  0.26895200  1
  Li  Li6  1  0.25746400  0.74230000  0.73312000  1
  Li  Li7  1  0.75348300  0.00107800  0.74117700  1
  Li  Li8  1  0.50000000  0.50000000  0.50000000  1
  Mn  Mn9  1  0.00000000  0.00000000  0.00000000  1
  Mn  Mn10  1  0.00000000  0.50000000  0.00000000  1
  Co  Co11  1  0.98185500  0.25965600  0.50329200  1
  Co  Co12  1  0.01814500  0.74034400  0.49670800  1
  Co  Co13  1  0.49984300  0.75177700  0.00123800  1
  Co  Co14  1  0.50000000  0.00000000  0.50000000  1
  Co  Co15  1  0.50015700  0.24822300  0.99876200  1
  O  O16  1  0.14537600  0.76866300  0.11215300  1
  O  O17  1  0.13649700  0.00253800  0.61581000  1
  O  O18  1  0.12949000  0.24333700  0.10458800  1
  O  O19  1  0.63294400  0.99401500  0.10449800  1
  O  O20  1  0.63774200  0.24573900  0.61997300  1
  O  O21  1  0.62183800  0.48993100  0.10610400  1
  O  O22  1  0.10200900  0.50849400  0.62428900  1
  O  O23  1  0.62320000  0.77560200  0.61067000  1
  O  O24  1  0.37680000  0.22439800  0.38933000  1
  O  O25  1  0.37816200  0.51006900  0.89389600  1
  O  O26  1  0.36225800  0.75426100  0.38002700  1
  O  O27  1  0.89799100  0.49150600  0.37571100  1
  O  O28  1  0.87051000  0.75666300  0.89541200  1
  O  O29  1  0.86350300  0.99746200  0.38419000  1
  O  O30  1  0.36705600  0.00598500  0.89550200  1
  O  O31  1  0.85462400  0.23133700  0.88784700  1
",Rotate all surrounding atoms within 3.8670595160941588 angstrom of the center atom at index 20 by 237.6601298529973 degree around the axis [1. 0. 0.] in the cif file. The rotation should following the right-hand rule.,,"data_image0
_chemical_formula_structural       Li9Mn2Co5O16
_chemical_formula_sum              ""Li9 Mn2 Co5 O16""
_cell_length_a       5.026348
_cell_length_b       5.86307769
_cell_length_c       9.885652860000002
_cell_angle_alpha    88.12617177
_cell_angle_beta     80.39607298999998
_cell_angle_gamma    88.08582609

_space_group_name_H-M_alt    ""P 1""
_space_group_IT_number       1

loop_
  _space_group_symop_operation_xyz
  'x, y, z'

loop_
  _atom_site_type_symbol
  _atom_site_label
  _atom_site_symmetry_multiplicity
  _atom_site_fract_x
  _atom_site_fract_y
  _atom_site_fract_z
  _atom_site_occupancy
  Li  Li1       1.0  0.24651700000000001  0.9989220000000001  0.258823  1.0000
  Li  Li2       1.0  0.3155494321787525  0.39821003979370234  0.554305613339732  1.0000
  Li  Li3       1.0  0.260194  0.505934  0.26151  1.0000
  Li  Li4       1.0  0.5840431926656585  0.7432025735464758  0.8109940560326746  1.0000
  Li  Li5       1.0  0.8499405774649297  0.28530042541869877  0.4276343606067085  1.0000
  Li  Li6       1.0  0.736785  0.747049  0.2689520000000001  1.0000
  Li  Li7       1.0  0.4211561372621893  0.1507357068797372  0.304497490731126  1.0000
  Li  Li8       1.0  0.7536113505237536  0.5413274579861823  0.676635053802468  1.0000
  Li  Li9       1.0  0.5025996649639239  0.9469691402131065  0.5577457733819002  1.0000
  Mn  Mn1       1.0  0.0  0.0  0.0  1.0000
  Mn  Mn2       1.0  0.0  0.5  0.0  1.0000
  Co  Co1       1.0  0.9317286916393652  0.07457527052655451  0.6780334727987952  1.0000
  Co  Co2       1.0  0.0734706382884826  0.8193630098996585  0.43745807396500547  1.0000
  Co  Co3       1.0  0.499843  0.751777  0.0012380000000000002  1.0000
  Co  Co4       1.0  0.3897846699268017  0.20280635902661737  0.811809354783971  1.0000
  Co  Co5       1.0  0.6736395922581538  0.7770105022660566  0.407268375982435  1.0000
  O   O1        1.0  0.145376  0.768663  0.112153  1.0000
  O   O2        1.0  0.07972309689452872  0.3643259397237581  0.7458738472774579  1.0000
  O   O3        1.0  0.12949  0.243337  0.104588  1.0000
  O   O4        1.0  0.632944  0.9940150000000002  0.10449800000000001  1.0000
  O   O5        1.0  0.6377420000000001  0.24573900000000007  0.619973  1.0000
  O   O6        1.0  0.621838  0.48993100000000006  0.106104  1.0000
  O   O7        1.0  0.1632647184303218  0.11736188225340966  0.4840508286050626  1.0000
  O   O8        1.0  0.7385060423873944  0.9615424849348171  0.3559282110801773  1.0000
  O   O9        1.0  0.26669328754045346  0.9323957954913961  0.7595633356836232  1.0000
  O   O10       1.0  0.5628522035691289  0.4955986446701463  0.3327541810649137  1.0000
  O   O11       1.0  0.362258  0.754261  0.38002700000000006  1.0000
  O   O12       1.0  0.8419346114975261  0.7765763981728034  0.6314407181587378  1.0000
  O   O13       1.0  0.87051  0.756663  0.895412  1.0000
  O   O14       1.0  0.9254762330333189  0.529612340702455  0.36961769948634265  1.0000
  O   O15       1.0  0.43874289563486785  0.7557834302034293  0.58799647435499  1.0000
  O   O16       1.0  0.9736624576458169  0.6297143462687834  0.47776207179500907  1.0000
"
"# generated using pymatgen
data_Li9Mn2Co5O16
_symmetry_space_group_name_H-M   'P 1'
_cell_length_a   10.14065527
_cell_length_b   10.14065527
_cell_length_c   5.16383966
_cell_angle_alpha   81.47217542
_cell_angle_beta   81.47217542
_cell_angle_gamma   33.20414774
_symmetry_Int_Tables_number   1
_chemical_formula_structural   Li9Mn2Co5O16
_chemical_formula_sum   'Li9 Mn2 Co5 O16'
_cell_volume   287.29252753
_cell_formula_units_Z   1
loop_
 _symmetry_equiv_pos_site_id
 _symmetry_equiv_pos_as_xyz
  1  'x, y, z'
loop_
 _atom_site_type_symbol
 _atom_site_label
 _atom_site_symmetry_multiplicity
 _atom_site_fract_x
 _atom_site_fract_y
 _atom_site_fract_z
 _atom_site_occupancy
  Li  Li0  1  0.25150400  0.50330200  0.25039600  1
  Li  Li1  1  0.37849500  0.12268500  0.49695300  1
  Li  Li2  1  0.49669800  0.74849600  0.74960400  1
  Li  Li3  1  0.62248300  0.37751700  0.00000000  1
  Li  Li4  1  0.75171800  0.00417500  0.25318800  1
  Li  Li5  1  0.87731500  0.62150500  0.50304700  1
  Li  Li6  1  0.99582500  0.24828200  0.74681200  1
  Li  Li7  1  0.12112800  0.87887200  0.00000000  1
  Li  Li8  1  0.87237500  0.12762500  0.50000000  1
  Mn  Mn9  1  0.00375500  0.74971800  0.75195200  1
  Mn  Mn10  1  0.25028200  0.99624500  0.24804800  1
  Co  Co11  1  0.12682300  0.37202800  0.00312400  1
  Co  Co12  1  0.37310200  0.62689800  0.50000000  1
  Co  Co13  1  0.50784200  0.25069200  0.74179800  1
  Co  Co14  1  0.62797200  0.87317700  0.99687600  1
  Co  Co15  1  0.74930800  0.49215800  0.25820200  1
  O  O16  1  0.29370500  0.57039900  0.87906900  1
  O  O17  1  0.43390600  0.17984900  0.11084400  1
  O  O18  1  0.55802700  0.80971600  0.35142600  1
  O  O19  1  0.66574600  0.45462000  0.59866600  1
  O  O20  1  0.80884100  0.05259700  0.87110200  1
  O  O21  1  0.94082800  0.68934400  0.09646100  1
  O  O22  1  0.07124000  0.29709900  0.36293100  1
  O  O23  1  0.20162200  0.92691500  0.58083100  1
  O  O24  1  0.19028400  0.44197300  0.64857400  1
  O  O25  1  0.31065600  0.05917200  0.90353900  1
  O  O26  1  0.42960100  0.70629500  0.12093100  1
  O  O27  1  0.54538000  0.33425400  0.40133400  1
  O  O28  1  0.70290100  0.92876000  0.63706900  1
  O  O29  1  0.82015100  0.56609400  0.88915600  1
  O  O30  1  0.94740300  0.19115900  0.12889800  1
  O  O31  1  0.07308500  0.79837800  0.41916900  1
",Rotate all surrounding atoms within 3.9534792640157077 angstrom of the center atom at index 19 by 48.71601237368469 degree around the axis [-1.  0.  0.] in the cif file. The rotation should following the right-hand rule.,,"data_image0
_chemical_formula_structural       Li9Mn2Co5O16
_chemical_formula_sum              ""Li9 Mn2 Co5 O16""
_cell_length_a       10.14065527
_cell_length_b       10.140655269999998
_cell_length_c       5.16383966
_cell_angle_alpha    81.47217541999999
_cell_angle_beta     81.47217541999999
_cell_angle_gamma    33.20414773999998

_space_group_name_H-M_alt    ""P 1""
_space_group_IT_number       1

loop_
  _space_group_symop_operation_xyz
  'x, y, z'

loop_
  _atom_site_type_symbol
  _atom_site_label
  _atom_site_symmetry_multiplicity
  _atom_site_fract_x
  _atom_site_fract_y
  _atom_site_fract_z
  _atom_site_occupancy
  Li  Li1       1.0  0.2515040000000001  0.5033019999999999  0.250396  1.0000
  Li  Li2       1.0  0.3784949999999999  0.122685  0.49695299999999987  1.0000
  Li  Li3       1.0  0.507136844388034  0.7628063435452832  0.4527958971544563  1.0000
  Li  Li4       1.0  0.9275370102556187  0.9870464544950938  0.2868715365401846  1.0000
  Li  Li5       1.0  0.7517179999999999  0.004175  0.253188  1.0000
  Li  Li6       1.0  0.9830757029473269  0.5041999812739989  0.4022859344679084  1.0000
  Li  Li7       1.0  0.8485881247513315  0.41401643331516486  0.8602079114973513  1.0000
  Li  Li8       1.0  0.5857580315369616  0.3346962775764108  0.8767779711238558  1.0000
  Li  Li9       1.0  0.8226164189092807  0.15962580795567327  0.8043572525620383  1.0000
  Mn  Mn1       1.0  0.003755000000000114  0.7497179999999999  0.751952  1.0000
  Mn  Mn2       1.0  0.6157079959289992  0.5876646749802271  0.9360887822966006  1.0000
  Co  Co1       1.0  0.12682300000000005  0.37202799999999997  0.003124  1.0000
  Co  Co2       1.0  0.4822567614972674  0.5058319296045615  0.3959667015829782  1.0000
  Co  Co3       1.0  0.3641326560531228  0.4122192967634435  0.8550970219872797  1.0000
  Co  Co4       1.0  0.6279720000000001  0.8731769999999999  0.9968759999999999  1.0000
  Co  Co5       1.0  0.9486981312758314  0.24514414357261252  0.35477510099838827  1.0000
  O   O1        1.0  0.17618059178624332  0.7288636587939631  0.679540156610136  1.0000
  O   O2        1.0  0.433906  0.17984899999999998  0.11084399999999997  1.0000
  O   O3        1.0  0.8071681032766722  0.5298301908748646  0.15339545690149875  1.0000
  O   O4        1.0  0.665746  0.45461999999999997  0.5986659999999999  1.0000
  O   O5        1.0  0.5308918888890096  0.36429822253386374  0.09809824189478622  1.0000
  O   O6        1.0  0.940828  0.689344  0.09646099999999999  1.0000
  O   O7        1.0  0.1508864374141681  0.18232929539509923  0.5799050094548494  1.0000
  O   O8        1.0  0.36176757392664755  0.7697822126959183  0.2011750400185656  1.0000
  O   O9        1.0  0.19028400000000004  0.441973  0.648574  1.0000
  O   O10       1.0  0.31065599999999993  0.05917200000000001  0.903539  1.0000
  O   O11       1.0  0.7727231236773006  0.2986781424899693  0.09366335962758954  1.0000
  O   O12       1.0  0.6157097422679744  0.23465742435435546  0.5735598518709467  1.0000
  O   O13       1.0  0.7029009999999999  0.92876  0.6370689999999999  1.0000
  O   O14       1.0  0.695702965861414  0.732855854873711  0.6893776244693247  1.0000
  O   O15       1.0  0.1221765296685342  0.946983218418628  0.5200180153627992  1.0000
  O   O16       1.0  0.2813214831128041  0.5688273210020836  0.205087758858807  1.0000
"
"# generated using pymatgen
data_Li9Mn2Co5O16
_symmetry_space_group_name_H-M   'P 1'
_cell_length_a   3.01193000
_cell_length_b   9.89892242
_cell_length_c   10.24178953
_cell_angle_alpha   73.25185728
_cell_angle_beta   82.89928578
_cell_angle_gamma   86.87261073
_symmetry_Int_Tables_number   1
_chemical_formula_structural   Li9Mn2Co5O16
_chemical_formula_sum   'Li9 Mn2 Co5 O16'
_cell_volume   290.10424422
_cell_formula_units_Z   1
loop_
 _symmetry_equiv_pos_site_id
 _symmetry_equiv_pos_as_xyz
  1  'x, y, z'
loop_
 _atom_site_type_symbol
 _atom_site_label
 _atom_site_symmetry_multiplicity
 _atom_site_fract_x
 _atom_site_fract_y
 _atom_site_fract_z
 _atom_site_occupancy
  Li  Li0  1  0.93516900  0.68243800  0.12471800  1
  Li  Li1  1  0.44102900  0.19103100  0.12881000  1
  Li  Li2  1  0.31605400  0.55951900  0.37262400  1
  Li  Li3  1  0.81796400  0.06208500  0.37341800  1
  Li  Li4  1  0.68174800  0.43838500  0.62668300  1
  Li  Li5  1  0.18295800  0.93848500  0.62732700  1
  Li  Li6  1  0.06486000  0.31747300  0.87567000  1
  Li  Li7  1  0.55964500  0.80902900  0.87130400  1
  Li  Li8  1  0.49950900  0.49921600  0.00073600  1
  Mn  Mn9  1  0.00087600  0.00012300  0.99969900  1
  Mn  Mn10  1  0.74833300  0.74992000  0.50184900  1
  Co  Co11  1  0.37537500  0.87347800  0.25009100  1
  Co  Co12  1  0.87831900  0.38152500  0.24109400  1
  Co  Co13  1  0.25614700  0.24874400  0.49842700  1
  Co  Co14  1  0.11039500  0.61852300  0.76131400  1
  Co  Co15  1  0.63390200  0.12731200  0.74732600  1
  O  O16  1  0.43614800  0.84854700  0.06799000  1
  O  O17  1  0.95353500  0.34253300  0.08365600  1
  O  O18  1  0.81383900  0.72769900  0.31647800  1
  O  O19  1  0.30807800  0.22751000  0.31787300  1
  O  O20  1  0.18415500  0.59964600  0.57492100  1
  O  O21  1  0.73629100  0.10272100  0.56783700  1
  O  O22  1  0.56872100  0.48063300  0.80895700  1
  O  O23  1  0.06913200  0.98102600  0.81342300  1
  O  O24  1  0.42242300  0.51872400  0.19150500  1
  O  O25  1  0.93551100  0.02014800  0.18536300  1
  O  O26  1  0.77383500  0.39766400  0.42593700  1
  O  O27  1  0.31245300  0.90138500  0.43109500  1
  O  O28  1  0.19537600  0.27357400  0.68060000  1
  O  O29  1  0.67907800  0.77165900  0.68495100  1
  O  O30  1  0.56273900  0.15286300  0.93019800  1
  O  O31  1  0.04640400  0.65638000  0.91812800  1
",Rotate all surrounding atoms within 3.206663421451407 angstrom of the center atom at index 17 by 250.05428088465058 degree around the axis [-1.  0.  0.] in the cif file. The rotation should following the right-hand rule.,,"data_image0
_chemical_formula_structural       Li9Mn2Co5O16
_chemical_formula_sum              ""Li9 Mn2 Co5 O16""
_cell_length_a       3.01193
_cell_length_b       9.89892242
_cell_length_c       10.24178953
_cell_angle_alpha    73.25185728
_cell_angle_beta     82.89928578
_cell_angle_gamma    86.87261073

_space_group_name_H-M_alt    ""P 1""
_space_group_IT_number       1

loop_
  _space_group_symop_operation_xyz
  'x, y, z'

loop_
  _atom_site_type_symbol
  _atom_site_label
  _atom_site_symmetry_multiplicity
  _atom_site_fract_x
  _atom_site_fract_y
  _atom_site_fract_z
  _atom_site_occupancy
  Li  Li1       1.0  0.935169  0.682438  0.12471799999999998  1.0000
  Li  Li2       1.0  0.48608363354014494  0.39088217656972235  0.9363730056864956  1.0000
  Li  Li3       1.0  0.3160540000000001  0.5595189999999999  0.372624  1.0000
  Li  Li4       1.0  0.817964  0.062084999999999994  0.373418  1.0000
  Li  Li5       1.0  0.681748  0.438385  0.626683  1.0000
  Li  Li6       1.0  0.18295800000000007  0.9384849999999999  0.627327  1.0000
  Li  Li7       1.0  0.5645625003977206  0.5596546017545391  0.010118633630975007  1.0000
  Li  Li8       1.0  0.5596450000000001  0.809029  0.8713039999999999  1.0000
  Li  Li9       1.0  0.43018680317233654  0.3290445299694572  0.2382460973520801  1.0000
  Mn  Mn1       1.0  0.0008759999999999154  0.00012299999999997266  0.9996990000000001  1.0000
  Mn  Mn2       1.0  0.748333  0.7499199999999999  0.501849  1.0000
  Co  Co1       1.0  0.37537500000000007  0.8734779999999999  0.250091  1.0000
  Co  Co2       1.0  0.9727967865768794  0.1596659270645973  0.1109655327149577  1.0000
  Co  Co3       1.0  0.25614700000000007  0.248744  0.49842699999999995  1.0000
  Co  Co4       1.0  0.11039500000000002  0.6185229999999999  0.761314  1.0000
  Co  Co5       1.0  0.6339019999999997  0.127312  0.747326  1.0000
  O   O1        1.0  0.436148  0.8485469999999999  0.06799  1.0000
  O   O2        1.0  0.9535350000000001  0.342533  0.083656  1.0000
  O   O3        1.0  0.813839  0.7276989999999999  0.316478  1.0000
  O   O4        1.0  0.46773040694732043  0.17769191291110922  0.9593042131399919  1.0000
  O   O5        1.0  0.18415499999999996  0.5996459999999999  0.574921  1.0000
  O   O6        1.0  0.736291  0.102721  0.567837  1.0000
  O   O7        1.0  0.008555159997496009  0.5258153345235115  0.16986850813033524  1.0000
  O   O8        1.0  0.06913200000000003  0.981026  0.813423  1.0000
  O   O9        1.0  0.4706423160866347  0.12464938453264246  0.2448890186149711  1.0000
  O   O10       1.0  0.034911748252729025  0.43974844158345394  0.7698963037610252  1.0000
  O   O11       1.0  0.7738349999999999  0.3976640000000001  0.425937  1.0000
  O   O12       1.0  0.312453  0.9013849999999999  0.431095  1.0000
  O   O13       1.0  0.19537600000000005  0.27357400000000004  0.6806  1.0000
  O   O14       1.0  0.6790780000000003  0.771659  0.684951  1.0000
  O   O15       1.0  0.11482461908487651  0.6066755847302746  0.8497499813737985  1.0000
  O   O16       1.0  0.5353359541917828  0.30687414465723284  0.3305953228023643  1.0000
"
"# generated using pymatgen
data_Li9Mn2Co5O16
_symmetry_space_group_name_H-M   'P 1'
_cell_length_a   5.02819900
_cell_length_b   5.92262301
_cell_length_c   10.15453205
_cell_angle_alpha   104.88178895
_cell_angle_beta   99.65063334
_cell_angle_gamma   92.25218717
_symmetry_Int_Tables_number   1
_chemical_formula_structural   Li9Mn2Co5O16
_chemical_formula_sum   'Li9 Mn2 Co5 O16'
_cell_volume   287.04571934
_cell_formula_units_Z   1
loop_
 _symmetry_equiv_pos_site_id
 _symmetry_equiv_pos_as_xyz
  1  'x, y, z'
loop_
 _atom_site_type_symbol
 _atom_site_label
 _atom_site_symmetry_multiplicity
 _atom_site_fract_x
 _atom_site_fract_y
 _atom_site_fract_z
 _atom_site_occupancy
  Li  Li0  1  0.25844100  0.86592200  0.72978500  1
  Li  Li1  1  0.25576700  0.39376200  0.26395500  1
  Li  Li2  1  0.75154700  0.61908600  0.73393900  1
  Li  Li3  1  0.75581700  0.13764100  0.26440000  1
  Li  Li4  1  0.24630400  0.35556200  0.73408900  1
  Li  Li5  1  0.25835700  0.87665500  0.26595400  1
  Li  Li6  1  0.74200400  0.11457100  0.73692000  1
  Li  Li7  1  0.73818100  0.63795000  0.27008600  1
  Li  Li8  1  0.50149100  0.74834300  0.50117500  1
  Mn  Mn9  1  0.00070600  0.00243300  0.99965300  1
  Mn  Mn10  1  0.50166600  0.74919700  0.00170300  1
  Co  Co11  1  0.00590300  0.50512300  0.50151000  1
  Co  Co12  1  0.49476000  0.25208600  0.50100300  1
  Co  Co13  1  0.00167100  0.49804500  0.00024600  1
  Co  Co14  1  0.98623500  0.99110200  0.49662300  1
  Co  Co15  1  0.49823600  0.24643500  0.99819200  1
  O  O16  1  0.13943000  0.18173300  0.88639500  1
  O  O17  1  0.10508700  0.68029000  0.38578100  1
  O  O18  1  0.64263500  0.92427700  0.88474300  1
  O  O19  1  0.64492400  0.43179500  0.38981300  1
  O  O20  1  0.12475200  0.70861300  0.89782500  1
  O  O21  1  0.12218800  0.21569700  0.38724600  1
  O  O22  1  0.64438600  0.42175200  0.88839400  1
  O  O23  1  0.63711000  0.94714700  0.38119600  1
  O  O24  1  0.34704600  0.54923700  0.61374400  1
  O  O25  1  0.35568100  0.08210200  0.11378300  1
  O  O26  1  0.87953900  0.31732200  0.61441300  1
  O  O27  1  0.86804100  0.82412200  0.11473200  1
  O  O28  1  0.36894200  0.07082100  0.61267900  1
  O  O29  1  0.35916900  0.56855900  0.11453300  1
  O  O30  1  0.89454000  0.79093000  0.61326600  1
  O  O31  1  0.86944200  0.29168800  0.10222200  1
",Rotate all surrounding atoms within 2.1205945028317883 angstrom of the center atom at index 19 by 139.8657077657631 degree around the axis [0. 0. 1.] in the cif file. The rotation should following the right-hand rule.,,"data_image0
_chemical_formula_structural       Li9Mn2Co5O16
_chemical_formula_sum              ""Li9 Mn2 Co5 O16""
_cell_length_a       5.028199
_cell_length_b       5.922623009999999
_cell_length_c       10.15453205
_cell_angle_alpha    104.88178895
_cell_angle_beta     99.65063333999998
_cell_angle_gamma    92.25218717

_space_group_name_H-M_alt    ""P 1""
_space_group_IT_number       1

loop_
  _space_group_symop_operation_xyz
  'x, y, z'

loop_
  _atom_site_type_symbol
  _atom_site_label
  _atom_site_symmetry_multiplicity
  _atom_site_fract_x
  _atom_site_fract_y
  _atom_site_fract_z
  _atom_site_occupancy
  Li  Li1       1.0  0.2584409999999999  0.865922  0.729785  1.0000
  Li  Li2       1.0  0.8395364637303308  0.17159240506590848  0.263955  1.0000
  Li  Li3       1.0  0.751547  0.619086  0.733939  1.0000
  Li  Li4       1.0  0.664945710440873  0.6480292901492484  0.2644  1.0000
  Li  Li5       1.0  0.24630399999999997  0.355562  0.734089  1.0000
  Li  Li6       1.0  0.258357  0.876655  0.26595399999999997  1.0000
  Li  Li7       1.0  0.7420039999999998  0.1145709999999999  0.7369199999999998  1.0000
  Li  Li8       1.0  0.30334271936092577  0.2466676798017152  0.270086  1.0000
  Li  Li9       1.0  0.5014909999999999  0.7483429999999999  0.501175  1.0000
  Mn  Mn1       1.0  0.000705999999999968  0.0024329999999999977  0.999653  1.0000
  Mn  Mn2       1.0  0.501666  0.749197  0.001703  1.0000
  Co  Co1       1.0  0.16978687655557545  0.09234871312692422  0.5015099999999999  1.0000
  Co  Co2       1.0  0.00020411452421975618  0.5596362928716944  0.501003  1.0000
  Co  Co3       1.0  0.0016709999999999963  0.49804499999999996  0.000246  1.0000
  Co  Co4       1.0  0.986235  0.991102  0.496623  1.0000
  Co  Co5       1.0  0.49823599999999996  0.2464349999999999  0.998192  1.0000
  O   O1        1.0  0.13942999999999997  0.181733  0.8863949999999999  1.0000
  O   O2        1.0  0.105087  0.68029  0.385781  1.0000
  O   O3        1.0  0.642635  0.924277  0.884743  1.0000
  O   O4        1.0  0.644924  0.431795  0.389813  1.0000
  O   O5        1.0  0.12475199999999996  0.7086129999999999  0.8978249999999999  1.0000
  O   O6        1.0  0.122188  0.215697  0.387246  1.0000
  O   O7        1.0  0.6443859999999999  0.42175199999999996  0.888394  1.0000
  O   O8        1.0  0.6371099999999998  0.947147  0.3811959999999999  1.0000
  O   O9        1.0  0.347046  0.549237  0.613744  1.0000
  O   O10       1.0  0.355681  0.08210200000000001  0.11378299999999998  1.0000
  O   O11       1.0  0.8795389999999998  0.317322  0.614413  1.0000
  O   O12       1.0  0.868041  0.8241219999999999  0.114732  1.0000
  O   O13       1.0  0.3689419999999998  0.07082099999999991  0.6126789999999999  1.0000
  O   O14       1.0  0.359169  0.568559  0.11453299999999998  1.0000
  O   O15       1.0  0.89454  0.79093  0.6132659999999999  1.0000
  O   O16       1.0  0.869442  0.291688  0.10222199999999997  1.0000
"
"# generated using pymatgen
data_MnCo9O10
_symmetry_space_group_name_H-M   'P 1'
_cell_length_a   8.10841386
_cell_length_b   8.10841386
_cell_length_c   8.63907364
_cell_angle_alpha   74.53307521
_cell_angle_beta   74.53307521
_cell_angle_gamma   21.70297492
_symmetry_Int_Tables_number   1
_chemical_formula_structural   MnCo9O10
_chemical_formula_sum   'Mn1 Co9 O10'
_cell_volume   202.14741990
_cell_formula_units_Z   1
loop_
 _symmetry_equiv_pos_site_id
 _symmetry_equiv_pos_as_xyz
  1  'x, y, z'
loop_
 _atom_site_type_symbol
 _atom_site_label
 _atom_site_symmetry_multiplicity
 _atom_site_fract_x
 _atom_site_fract_y
 _atom_site_fract_z
 _atom_site_occupancy
  Mn  Mn0  1  0.00000000  0.00000000  0.00000000  1
  Co  Co1  1  0.20158900  0.20158900  0.89859100  1
  Co  Co2  1  0.39960900  0.39960900  0.79792400  1
  Co  Co3  1  0.20000200  0.20000200  0.40064700  1
  Co  Co4  1  0.39811400  0.39811400  0.30300200  1
  Co  Co5  1  0.60188600  0.60188600  0.69699800  1
  Co  Co6  1  0.79999800  0.79999800  0.59935300  1
  Co  Co7  1  0.60039100  0.60039100  0.20207600  1
  Co  Co8  1  0.79841100  0.79841100  0.10140900  1
  Co  Co9  1  0.00000000  0.00000000  0.50000000  1
  O  O10  1  0.20098400  0.20098400  0.65024000  1
  O  O11  1  0.39878300  0.39878300  0.54925900  1
  O  O12  1  0.19822800  0.19822800  0.15028700  1
  O  O13  1  0.39602600  0.39602600  0.05325700  1
  O  O14  1  0.60397400  0.60397400  0.94674300  1
  O  O15  1  0.80177200  0.80177200  0.84971300  1
  O  O16  1  0.60121700  0.60121700  0.45074100  1
  O  O17  1  0.79901600  0.79901600  0.34976000  1
  O  O18  1  0.99981800  0.99981800  0.74408100  1
  O  O19  1  0.00018200  0.00018200  0.25591900  1
",Rotate all surrounding atoms within 2.89876355899494 angstrom of the center atom at index 3 by 126.2077641178827 degree around the axis [1. 0. 0.] in the cif file. The rotation should following the right-hand rule.,,"data_image0
_chemical_formula_structural       MnCo9O10
_chemical_formula_sum              ""Mn1 Co9 O10""
_cell_length_a       8.10841386
_cell_length_b       8.10841386
_cell_length_c       8.63907364
_cell_angle_alpha    74.53307521
_cell_angle_beta     74.53307521
_cell_angle_gamma    21.70297492

_space_group_name_H-M_alt    ""P 1""
_space_group_IT_number       1

loop_
  _space_group_symop_operation_xyz
  'x, y, z'

loop_
  _atom_site_type_symbol
  _atom_site_label
  _atom_site_symmetry_multiplicity
  _atom_site_fract_x
  _atom_site_fract_y
  _atom_site_fract_z
  _atom_site_occupancy
  Mn  Mn1       1.0  0.0  0.0  0.0  1.0000
  Co  Co1       1.0  0.201589  0.201589  0.898591  1.0000
  Co  Co2       1.0  0.39960900000000016  0.39960899999999994  0.797924  1.0000
  Co  Co3       1.0  0.20000200000000012  0.20000199999999999  0.400647  1.0000
  Co  Co4       1.0  0.398114  0.398114  0.303002  1.0000
  Co  Co5       1.0  0.6018859999999999  0.601886  0.696998  1.0000
  Co  Co6       1.0  0.7999980000000001  0.7999979999999999  0.599353  1.0000
  Co  Co7       1.0  0.6003910000000002  0.6003909999999999  0.202076  1.0000
  Co  Co8       1.0  0.798411  0.7984109999999999  0.101409  1.0000
  Co  Co9       1.0  0.0  0.0  0.5  1.0000
  O   O1        1.0  0.8324864024161769  0.6393598977518432  0.26419162201222224  1.0000
  O   O2        1.0  0.398783  0.39878299999999994  0.549259  1.0000
  O   O3        1.0  0.5636527235524846  0.7628668354000041  0.5372921236918101  1.0000
  O   O4        1.0  0.39602600000000004  0.396026  0.053257  1.0000
  O   O5        1.0  0.6039740000000002  0.6039739999999998  0.946743  1.0000
  O   O6        1.0  0.8017720000000002  0.8017719999999999  0.849713  1.0000
  O   O7        1.0  0.30346045886567596  0.8334052250382997  0.48995024977331014  1.0000
  O   O8        1.0  0.530195252049215  0.9346593521415155  0.6028298909595871  1.0000
  O   O9        1.0  0.9998180000000004  0.9998179999999998  0.744081  1.0000
  O   O10       1.0  0.00018199999999999431  0.0001820000000000005  0.255919  1.0000
"
"# generated using pymatgen
data_Mn2V3Sn(PO4)6
_symmetry_space_group_name_H-M   'P 1'
_cell_length_a   8.71487334
_cell_length_b   8.71487334
_cell_length_c   8.71487412
_cell_angle_alpha   59.74041824
_cell_angle_beta   59.74041824
_cell_angle_gamma   59.74042180
_symmetry_Int_Tables_number   1
_chemical_formula_structural   Mn2V3Sn(PO4)6
_chemical_formula_sum   'Mn2 V3 Sn1 P6 O24'
_cell_volume   465.26522327
_cell_formula_units_Z   1
loop_
 _symmetry_equiv_pos_site_id
 _symmetry_equiv_pos_as_xyz
  1  'x, y, z'
loop_
 _atom_site_type_symbol
 _atom_site_label
 _atom_site_symmetry_multiplicity
 _atom_site_fract_x
 _atom_site_fract_y
 _atom_site_fract_z
 _atom_site_occupancy
  Mn  Mn0  1  0.00329800  0.00329800  0.00329800  1
  Mn  Mn1  1  0.49932400  0.49932400  0.49932400  1
  V  V2  1  0.35534600  0.35534600  0.35534600  1
  V  V3  1  0.14450000  0.14450000  0.14450000  1
  V  V4  1  0.64334100  0.64334100  0.64334100  1
  Sn  Sn5  1  0.85512300  0.85512300  0.85512300  1
  P  P6  1  0.45331200  0.74797300  0.04410200  1
  P  P7  1  0.74797300  0.04410200  0.45331200  1
  P  P8  1  0.04410200  0.45331200  0.74797300  1
  P  P9  1  0.95839600  0.53950000  0.25284000  1
  P  P10  1  0.25284000  0.95839600  0.53950000  1
  P  P11  1  0.53950000  0.25284000  0.95839600  1
  O  O12  1  0.69352700  0.88247400  0.49556900  1
  O  O13  1  0.88247400  0.49556900  0.69352700  1
  O  O14  1  0.49556900  0.69352700  0.88247400  1
  O  O15  1  0.26233500  0.91347600  0.06117600  1
  O  O16  1  0.60953900  0.80498000  0.01660200  1
  O  O17  1  0.43617500  0.58414800  0.23688400  1
  O  O18  1  0.91347600  0.06117600  0.26233500  1
  O  O19  1  0.58414800  0.23688400  0.43617500  1
  O  O20  1  0.99451200  0.38438000  0.19233100  1
  O  O21  1  0.23688400  0.43617500  0.58414800  1
  O  O22  1  0.94357400  0.73592300  0.08773300  1
  O  O23  1  0.19233100  0.99451200  0.38438000  1
  O  O24  1  0.80498000  0.01660200  0.60953900  1
  O  O25  1  0.06117600  0.26233500  0.91347600  1
  O  O26  1  0.76360100  0.56039400  0.41411300  1
  O  O27  1  0.01660200  0.60953900  0.80498000  1
  O  O28  1  0.41411300  0.76360100  0.56039400  1
  O  O29  1  0.08773300  0.94357400  0.73592300  1
  O  O30  1  0.56039400  0.41411300  0.76360100  1
  O  O31  1  0.38438000  0.19233100  0.99451200  1
  O  O32  1  0.73592300  0.08773300  0.94357400  1
  O  O33  1  0.50324200  0.30985300  0.11640100  1
  O  O34  1  0.11640100  0.50324200  0.30985300  1
  O  O35  1  0.30985300  0.11640100  0.50324200  1
",Rotate all surrounding atoms within 2.708348091137921 angstrom of the center atom at index 0 by 196.88750406288645 degree around the axis [1. 0. 0.] in the cif file. The rotation should following the right-hand rule.,,"data_image0
_chemical_formula_structural       Mn2V3SnP6O24
_chemical_formula_sum              ""Mn2 V3 Sn1 P6 O24""
_cell_length_a       8.71487334
_cell_length_b       8.71487334
_cell_length_c       8.71487412
_cell_angle_alpha    59.74041824000001
_cell_angle_beta     59.74041824000001
_cell_angle_gamma    59.74042179999999

_space_group_name_H-M_alt    ""P 1""
_space_group_IT_number       1

loop_
  _space_group_symop_operation_xyz
  'x, y, z'

loop_
  _atom_site_type_symbol
  _atom_site_label
  _atom_site_symmetry_multiplicity
  _atom_site_fract_x
  _atom_site_fract_y
  _atom_site_fract_z
  _atom_site_occupancy
  Mn  Mn1       1.0  0.003298  0.0032980000000000006  0.0032979999999999993  1.0000
  Mn  Mn2       1.0  0.499324  0.49932400000000005  0.4993239999999999  1.0000
  V   V1        1.0  0.35534599999999994  0.355346  0.355346  1.0000
  V   V2        1.0  0.1444999999999999  0.1445  0.1445  1.0000
  V   V3        1.0  0.6433409999999999  0.643341  0.643341  1.0000
  Sn  Sn1       1.0  0.8551229999999999  0.8551230000000001  0.8551229999999997  1.0000
  P   P1        1.0  0.453312  0.747973  0.044101999999999995  1.0000
  P   P2        1.0  0.747973  0.044102000000000016  0.453312  1.0000
  P   P3        1.0  0.044102000000000106  0.453312  0.7479729999999999  1.0000
  P   P4        1.0  0.9583959999999999  0.5395  0.25284  1.0000
  P   P5        1.0  0.2528400000000001  0.958396  0.5394999999999998  1.0000
  P   P6        1.0  0.5395  0.25284000000000006  0.958396  1.0000
  O   O1        1.0  0.693527  0.8824740000000001  0.49556899999999987  1.0000
  O   O2        1.0  0.8824739999999999  0.495569  0.693527  1.0000
  O   O3        1.0  0.49556900000000004  0.693527  0.8824739999999999  1.0000
  O   O4        1.0  0.30499021342298915  0.2442427275693313  0.6613139214693698  1.0000
  O   O5        1.0  0.609539  0.80498  0.016602  1.0000
  O   O6        1.0  0.4361749999999999  0.584148  0.236884  1.0000
  O   O7        1.0  0.20520665891361323  0.03376045352711762  0.7108262266443595  1.0000
  O   O8        1.0  0.584148  0.23688400000000007  0.43617499999999987  1.0000
  O   O9        1.0  0.994512  0.38438  0.19233099999999997  1.0000
  O   O10       1.0  0.23688399999999996  0.43617500000000003  0.5841479999999999  1.0000
  O   O11       1.0  0.8162449921712793  0.4039844756707498  0.6879010826160292  1.0000
  O   O12       1.0  0.192331  0.994512  0.3843799999999999  1.0000
  O   O13       1.0  0.8049800000000001  0.01660200000000006  0.6095389999999998  1.0000
  O   O14       1.0  0.14687858541632726  0.06281471047449075  0.9584759565806973  1.0000
  O   O15       1.0  0.763601  0.560394  0.4141129999999999  1.0000
  O   O16       1.0  0.016602000000000065  0.6095390000000002  0.8049799999999998  1.0000
  O   O17       1.0  0.414113  0.763601  0.560394  1.0000
  O   O18       1.0  0.7588432545004629  0.4265875191758165  0.9366778279366208  1.0000
  O   O19       1.0  0.560394  0.4141130000000001  0.7636009999999998  1.0000
  O   O20       1.0  0.3843800000000001  0.1923310000000001  0.9945119999999997  1.0000
  O   O21       1.0  0.657982215293001  0.2211293236840659  0.9803991625985167  1.0000
  O   O22       1.0  0.503242  0.309853  0.116401  1.0000
  O   O23       1.0  0.11640099999999998  0.503242  0.309853  1.0000
  O   O24       1.0  0.30985300000000005  0.11640100000000003  0.5032419999999999  1.0000
"
"# generated using pymatgen
data_LiSn(PO3)4
_symmetry_space_group_name_H-M   'P 1'
_cell_length_a   7.63060826
_cell_length_b   7.63060826
_cell_length_c   10.66993964
_cell_angle_alpha   65.67612041
_cell_angle_beta   65.67612041
_cell_angle_gamma   69.25576011
_symmetry_Int_Tables_number   1
_chemical_formula_structural   LiSn(PO3)4
_chemical_formula_sum   'Li2 Sn2 P8 O24'
_cell_volume   502.96570684
_cell_formula_units_Z   2
loop_
 _symmetry_equiv_pos_site_id
 _symmetry_equiv_pos_as_xyz
  1  'x, y, z'
loop_
 _atom_site_type_symbol
 _atom_site_label
 _atom_site_symmetry_multiplicity
 _atom_site_fract_x
 _atom_site_fract_y
 _atom_site_fract_z
 _atom_site_occupancy
  Li  Li0  1  0.00158400  0.99841600  0.25000000  1
  Li  Li1  1  0.99841600  0.00158400  0.75000000  1
  Sn  Sn2  1  0.00000000  0.50000000  0.50000000  1
  Sn  Sn3  1  0.50000000  0.00000000  0.00000000  1
  P  P4  1  0.69373200  0.68050100  0.81078400  1
  P  P5  1  0.25766300  0.72587800  0.97673400  1
  P  P6  1  0.27412200  0.74233700  0.52326600  1
  P  P7  1  0.68050100  0.69373200  0.31078400  1
  P  P8  1  0.31949900  0.30626800  0.68921600  1
  P  P9  1  0.72587800  0.25766300  0.47673400  1
  P  P10  1  0.74233700  0.27412200  0.02326600  1
  P  P11  1  0.30626800  0.31949900  0.18921600  1
  O  O12  1  0.79743200  0.65760700  0.66315400  1
  O  O13  1  0.29303000  0.80365400  0.07355900  1
  O  O14  1  0.46701700  0.68048800  0.85250500  1
  O  O15  1  0.10195200  0.83458700  0.90784900  1
  O  O16  1  0.86267900  0.71056400  0.32759800  1
  O  O17  1  0.22540700  0.50370200  0.06828300  1
  O  O18  1  0.80365400  0.29303000  0.57355900  1
  O  O19  1  0.16541300  0.89804800  0.59215100  1
  O  O20  1  0.49629800  0.77459300  0.43171700  1
  O  O21  1  0.65760700  0.79743200  0.16315400  1
  O  O22  1  0.31951200  0.53298300  0.64749500  1
  O  O23  1  0.28943600  0.13732100  0.17240200  1
  O  O24  1  0.71056400  0.86267900  0.82759800  1
  O  O25  1  0.68048800  0.46701700  0.35250500  1
  O  O26  1  0.34239300  0.20256800  0.83684600  1
  O  O27  1  0.50370200  0.22540700  0.56828300  1
  O  O28  1  0.83458700  0.10195200  0.40784900  1
  O  O29  1  0.19634600  0.70697000  0.42644100  1
  O  O30  1  0.77459300  0.49629800  0.93171700  1
  O  O31  1  0.13732100  0.28943600  0.67240200  1
  O  O32  1  0.89804800  0.16541300  0.09215100  1
  O  O33  1  0.53298300  0.31951200  0.14749500  1
  O  O34  1  0.70697000  0.19634600  0.92644100  1
  O  O35  1  0.20256800  0.34239300  0.33684600  1
",Rotate all surrounding atoms within 2.134717123575829 angstrom of the center atom at index 8 by 162.74709872176666 degree around the axis [0. 1. 0.] in the cif file. The rotation should following the right-hand rule.,,"data_image0
_chemical_formula_structural       Li2Sn2P8O24
_chemical_formula_sum              ""Li2 Sn2 P8 O24""
_cell_length_a       7.63060826
_cell_length_b       7.63060826
_cell_length_c       10.669939640000003
_cell_angle_alpha    65.67612041
_cell_angle_beta     65.67612041
_cell_angle_gamma    69.25576010999998

_space_group_name_H-M_alt    ""P 1""
_space_group_IT_number       1

loop_
  _space_group_symop_operation_xyz
  'x, y, z'

loop_
  _atom_site_type_symbol
  _atom_site_label
  _atom_site_symmetry_multiplicity
  _atom_site_fract_x
  _atom_site_fract_y
  _atom_site_fract_z
  _atom_site_occupancy
  Li  Li1       1.0  0.0015840000000000459  0.9984159999999999  0.25  1.0000
  Li  Li2       1.0  0.9984160000000001  0.0015840000000000175  0.75  1.0000
  Sn  Sn1       1.0  0.0  0.5  0.5  1.0000
  Sn  Sn2       1.0  0.5  0.0  0.0  1.0000
  P   P1        1.0  0.6937319999999999  0.680501  0.810784  1.0000
  P   P2        1.0  0.25766299999999986  0.725878  0.976734  1.0000
  P   P3        1.0  0.274122  0.7423369999999999  0.523266  1.0000
  P   P4        1.0  0.680501  0.693732  0.310784  1.0000
  P   P5        1.0  0.319499  0.306268  0.689216  1.0000
  P   P6        1.0  0.725878  0.25766299999999986  0.476734  1.0000
  P   P7        1.0  0.7423370000000002  0.274122  0.023266  1.0000
  P   P8        1.0  0.30626799999999993  0.319499  0.189216  1.0000
  O   O1        1.0  0.7974320000000006  0.657607  0.663154  1.0000
  O   O2        1.0  0.2930300000000002  0.8036539999999998  0.073559  1.0000
  O   O3        1.0  0.467017  0.6804879999999998  0.852505  1.0000
  O   O4        1.0  0.10195199999999993  0.834587  0.907849  1.0000
  O   O5        1.0  0.8626790000000004  0.710564  0.327598  1.0000
  O   O6        1.0  0.22540700000000002  0.503702  0.068283  1.0000
  O   O7        1.0  0.803654  0.29303  0.573559  1.0000
  O   O8        1.0  0.16541300000000006  0.898048  0.592151  1.0000
  O   O9        1.0  0.496298  0.774593  0.431717  1.0000
  O   O10       1.0  0.657607  0.797432  0.163154  1.0000
  O   O11       1.0  0.16566978264006146  0.5041578885886088  0.7152691992326868  1.0000
  O   O12       1.0  0.289436  0.137321  0.172402  1.0000
  O   O13       1.0  0.7105640000000002  0.8626789999999998  0.8275979999999998  1.0000
  O   O14       1.0  0.6804880000000004  0.46701699999999996  0.352505  1.0000
  O   O15       1.0  0.38638615954853656  0.3327387787085371  0.5307857678449222  1.0000
  O   O16       1.0  0.2007271499411996  0.13380539397767474  0.7836585941473229  1.0000
  O   O17       1.0  0.8345870000000001  0.10195199999999999  0.407849  1.0000
  O   O18       1.0  0.19634600000000002  0.70697  0.426441  1.0000
  O   O19       1.0  0.774593  0.496298  0.931717  1.0000
  O   O20       1.0  0.4834360783695573  0.25484095189714556  0.7537425939399309  1.0000
  O   O21       1.0  0.898048  0.165413  0.092151  1.0000
  O   O22       1.0  0.532983  0.3195119999999999  0.147495  1.0000
  O   O23       1.0  0.70697  0.196346  0.9264409999999998  1.0000
  O   O24       1.0  0.2025680000000001  0.342393  0.336846  1.0000
"
"# generated using pymatgen
data_LiMn3(PO4)3
_symmetry_space_group_name_H-M   'P 1'
_cell_length_a   8.65339600
_cell_length_b   9.04480956
_cell_length_c   12.55063090
_cell_angle_alpha   104.67754178
_cell_angle_beta   100.84578260
_cell_angle_gamma   103.51534343
_symmetry_Int_Tables_number   1
_chemical_formula_structural   LiMn3(PO4)3
_chemical_formula_sum   'Li4 Mn12 P12 O48'
_cell_volume   891.41629010
_cell_formula_units_Z   4
loop_
 _symmetry_equiv_pos_site_id
 _symmetry_equiv_pos_as_xyz
  1  'x, y, z'
loop_
 _atom_site_type_symbol
 _atom_site_label
 _atom_site_symmetry_multiplicity
 _atom_site_fract_x
 _atom_site_fract_y
 _atom_site_fract_z
 _atom_site_occupancy
  Li  Li0  1  0.49847200  0.50595600  0.01256700  1
  Li  Li1  1  0.49957700  0.24897300  0.74920600  1
  Li  Li2  1  0.50092100  0.99332300  0.48832300  1
  Li  Li3  1  0.99161700  0.13187800  0.12075800  1
  Mn  Mn4  1  0.61139200  0.89013400  0.95821800  1
  Mn  Mn5  1  0.26096200  0.49524200  0.75592400  1
  Mn  Mn6  1  0.93292700  0.48348400  0.86682300  1
  Mn  Mn7  1  0.06640300  0.01619300  0.63180400  1
  Mn  Mn8  1  0.38574000  0.60857400  0.53978300  1
  Mn  Mn9  1  0.73785700  0.00149700  0.74106100  1
  Mn  Mn10  1  0.27399900  0.98145700  0.25769700  1
  Mn  Mn11  1  0.61338600  0.39035500  0.45628000  1
  Mn  Mn12  1  0.93457700  0.98679700  0.37142800  1
  Mn  Mn13  1  0.06638600  0.52011800  0.13085800  1
  Mn  Mn14  1  0.73392200  0.51760600  0.24727200  1
  Mn  Mn15  1  0.38396400  0.10750300  0.04238800  1
  P  P16  1  0.13212700  0.24042800  0.89208200  1
  P  P17  1  0.34951200  0.88385500  0.74870300  1
  P  P18  1  0.71194700  0.26885100  0.98043600  1
  P  P19  1  0.64975500  0.61553300  0.75067900  1
  P  P20  1  0.13339700  0.74147000  0.39372000  1
  P  P21  1  0.28770300  0.23139100  0.51995600  1
  P  P22  1  0.71193100  0.77333400  0.48050300  1
  P  P23  1  0.86486900  0.25965300  0.60832000  1
  P  P24  1  0.34328400  0.37258200  0.24341100  1
  P  P25  1  0.28838900  0.72657000  0.01876100  1
  P  P26  1  0.65435700  0.12336800  0.25393000  1
  P  P27  1  0.87052100  0.76400300  0.10834500  1
  O  O28  1  0.04226000  0.36055500  0.95003600  1
  O  O29  1  0.40892400  0.92838300  0.88411800  1
  O  O30  1  0.16640000  0.63348200  0.89900600  1
  O  O31  1  0.18181100  0.15365800  0.97956400  1
  O  O32  1  0.17831900  0.90828400  0.71929600  1
  O  O33  1  0.53660100  0.26663900  0.99471800  1
  O  O34  1  0.28068000  0.33396000  0.86227300  1
  O  O35  1  0.47746700  0.99121000  0.70957000  1
  O  O36  1  0.99712900  0.38312800  0.71464400  1
  O  O37  1  0.66834200  0.79646900  0.80155800  1
  O  O38  1  0.33347300  0.70391100  0.69970300  1
  O  O39  1  0.52310100  0.50971900  0.79165100  1
  O  O40  1  0.72672900  0.34829900  0.88466200  1
  O  O41  1  0.04340400  0.85965700  0.45406200  1
  O  O42  1  0.73740000  0.10049100  0.93812800  1
  O  O43  1  0.82158500  0.59211100  0.78097300  1
  O  O44  1  0.18732000  0.64900100  0.47432000  1
  O  O45  1  0.26818500  0.40049400  0.56594500  1
  O  O46  1  0.83441600  0.86628000  0.60062700  1
  O  O47  1  0.59061600  0.57214100  0.61592300  1
  O  O48  1  0.27289800  0.15161800  0.61624200  1
  O  O49  1  0.53785400  0.77393000  0.49820100  1
  O  O50  1  0.28097500  0.83988300  0.36619300  1
  O  O51  1  0.00390800  0.88863100  0.21348600  1
  O  O52  1  0.00181400  0.11576700  0.78604400  1
  O  O53  1  0.71892200  0.16395800  0.63984900  1
  O  O54  1  0.46284200  0.23171900  0.50473200  1
  O  O55  1  0.73289600  0.85881800  0.38893700  1
  O  O56  1  0.40662900  0.42731400  0.37834900  1
  O  O57  1  0.16441400  0.13347400  0.40196500  1
  O  O58  1  0.72869000  0.60352700  0.43207200  1
  O  O59  1  0.80990100  0.34821400  0.52486800  1
  O  O60  1  0.16619400  0.38912600  0.20819900  1
  O  O61  1  0.26995200  0.89593400  0.06684300  1
  O  O62  1  0.95565000  0.14101200  0.54945800  1
  O  O63  1  0.26885400  0.64223000  0.11111100  1
  O  O64  1  0.46617400  0.46101100  0.19212300  1
  O  O65  1  0.67519600  0.30564600  0.29834100  1
  O  O66  1  0.31481100  0.18781400  0.19984700  1
  O  O67  1  0.00302000  0.62007600  0.28528000  1
  O  O68  1  0.53472000  0.03288900  0.30618100  1
  O  O69  1  0.72372200  0.66427100  0.13554600  1
  O  O70  1  0.46304500  0.72613300  0.00192700  1
  O  O71  1  0.82617500  0.09501500  0.27584300  1
  O  O72  1  0.81903400  0.86740700  0.03317000  1
  O  O73  1  0.83742100  0.36367600  0.09872100  1
  O  O74  1  0.58749700  0.07069600  0.11825200  1
  O  O75  1  0.95726800  0.64494100  0.04547800  1
",Rotate all surrounding atoms within 3.0702317504519625 angstrom of the center atom at index 39 by 140.28731991414406 degree around the axis [0. 1. 0.] in the cif file. The rotation should following the right-hand rule.,,"data_image0
_chemical_formula_structural       Li4Mn12P12O48
_chemical_formula_sum              ""Li4 Mn12 P12 O48""
_cell_length_a       8.653396
_cell_length_b       9.04480956
_cell_length_c       12.550630899999998
_cell_angle_alpha    104.67754178
_cell_angle_beta     100.84578259999999
_cell_angle_gamma    103.51534343

_space_group_name_H-M_alt    ""P 1""
_space_group_IT_number       1

loop_
  _space_group_symop_operation_xyz
  'x, y, z'

loop_
  _atom_site_type_symbol
  _atom_site_label
  _atom_site_symmetry_multiplicity
  _atom_site_fract_x
  _atom_site_fract_y
  _atom_site_fract_z
  _atom_site_occupancy
  Li  Li1       1.0  0.9797108280255683  0.06863980167515038  0.30179941825707957  1.0000
  Li  Li2       1.0  0.39053017783840926  0.27108682038758036  0.7998736290490451  1.0000
  Li  Li3       1.0  0.500921  0.9933230000000001  0.48832299999999995  1.0000
  Li  Li4       1.0  0.991617  0.131878  0.120758  1.0000
  Mn  Mn1       1.0  0.611392  0.890134  0.958218  1.0000
  Mn  Mn2       1.0  0.7389154272364491  0.5740960270541194  0.9365959292178642  1.0000
  Mn  Mn3       1.0  0.9329269999999998  0.48348399999999997  0.8668229999999998  1.0000
  Mn  Mn4       1.0  0.066403  0.016193000000000016  0.631804  1.0000
  Mn  Mn5       1.0  0.38574  0.608574  0.539783  1.0000
  Mn  Mn6       1.0  0.7378569999999999  0.0014969999999999528  0.7410609999999999  1.0000
  Mn  Mn7       1.0  0.273999  0.981457  0.25769699999999995  1.0000
  Mn  Mn8       1.0  0.613386  0.390355  0.45628  1.0000
  Mn  Mn9       1.0  0.934577  0.9867970000000001  0.371428  1.0000
  Mn  Mn10      1.0  0.06638600000000004  0.520118  0.130858  1.0000
  Mn  Mn11      1.0  0.733922  0.517606  0.24727199999999994  1.0000
  Mn  Mn12      1.0  0.383964  0.10750299999999999  0.042387999999999995  1.0000
  P   P1        1.0  0.13212700000000002  0.24042799999999998  0.8920819999999998  1.0000
  P   P2        1.0  0.34951199999999993  0.8838549999999998  0.7487029999999998  1.0000
  P   P3        1.0  0.711947  0.26885099999999995  0.9804359999999999  1.0000
  P   P4        1.0  0.4236334192909125  0.6241006205808383  0.7703093042086152  1.0000
  P   P5        1.0  0.133397  0.74147  0.39372  1.0000
  P   P6        1.0  0.2877030000000001  0.23139099999999999  0.519956  1.0000
  P   P7        1.0  0.711931  0.773334  0.48050299999999996  1.0000
  P   P8        1.0  0.8648689999999999  0.259653  0.60832  1.0000
  P   P9        1.0  0.343284  0.37258199999999997  0.24341099999999996  1.0000
  P   P10       1.0  0.2883890000000001  0.72657  0.018761  1.0000
  P   P11       1.0  0.6543570000000001  0.123368  0.25393  1.0000
  P   P12       1.0  0.870521  0.764003  0.10834499999999997  1.0000
  O   O1        1.0  0.04225999999999997  0.36055499999999996  0.9500359999999999  1.0000
  O   O2        1.0  0.408924  0.9283829999999998  0.8841179999999997  1.0000
  O   O3        1.0  0.1664  0.633482  0.899006  1.0000
  O   O4        1.0  0.181811  0.15365799999999996  0.9795639999999999  1.0000
  O   O5        1.0  0.17831899999999998  0.908284  0.7192959999999999  1.0000
  O   O6        1.0  0.536601  0.26663899999999985  0.9947179999999998  1.0000
  O   O7        1.0  0.7205725310748852  0.324493172910711  0.8405824157940734  1.0000
  O   O8        1.0  0.47746699999999986  0.99121  0.7095699999999998  1.0000
  O   O9        1.0  0.9971289999999998  0.38312799999999997  0.7146439999999997  1.0000
  O   O10       1.0  0.529016985119994  0.773885085164396  0.7498132811178541  1.0000
  O   O11       1.0  0.7286928199005706  0.8185804381915769  0.9624359179546137  1.0000
  O   O12       1.0  0.5231010000000001  0.5097189999999999  0.7916509999999999  1.0000
  O   O13       1.0  0.32060022518912834  0.23163355037197245  0.6173557805865153  1.0000
  O   O14       1.0  0.04340400000000003  0.859657  0.454062  1.0000
  O   O15       1.0  0.7374  0.10049100000000002  0.938128  1.0000
  O   O16       1.0  0.271490210139305  0.5424117682428838  0.6671011228409393  1.0000
  O   O17       1.0  0.18731999999999996  0.649001  0.47431999999999996  1.0000
  O   O18       1.0  0.5492055748061612  0.6091108993951139  0.04393222638852601  1.0000
  O   O19       1.0  0.8344160000000002  0.8662800000000003  0.600627  1.0000
  O   O20       1.0  0.36134932653517077  0.6871892017180437  0.879523748547427  1.0000
  O   O21       1.0  0.272898  0.151618  0.616242  1.0000
  O   O22       1.0  0.5378540000000003  0.7739299999999999  0.49820099999999995  1.0000
  O   O23       1.0  0.280975  0.839883  0.366193  1.0000
  O   O24       1.0  0.0039079999999999705  0.888631  0.21348599999999995  1.0000
  O   O25       1.0  0.00181399999999987  0.11576699999999984  0.7860439999999997  1.0000
  O   O26       1.0  0.718922  0.16395799999999994  0.6398489999999999  1.0000
  O   O27       1.0  0.462842  0.231719  0.504732  1.0000
  O   O28       1.0  0.732896  0.858818  0.388937  1.0000
  O   O29       1.0  0.406629  0.42731399999999997  0.3783489999999999  1.0000
  O   O30       1.0  0.16441400000000003  0.133474  0.401965  1.0000
  O   O31       1.0  0.7286899999999998  0.603527  0.432072  1.0000
  O   O32       1.0  0.809901  0.348214  0.524868  1.0000
  O   O33       1.0  0.166194  0.38912599999999997  0.20819899999999997  1.0000
  O   O34       1.0  0.269952  0.895934  0.066843  1.0000
  O   O35       1.0  0.95565  0.14101200000000003  0.549458  1.0000
  O   O36       1.0  0.2688539999999999  0.6422299999999999  0.111111  1.0000
  O   O37       1.0  0.46617400000000003  0.46101099999999995  0.19212299999999996  1.0000
  O   O38       1.0  0.675196  0.305646  0.298341  1.0000
  O   O39       1.0  0.314811  0.187814  0.199847  1.0000
  O   O40       1.0  0.0030199999999999793  0.620076  0.28528  1.0000
  O   O41       1.0  0.53472  0.03288899999999998  0.306181  1.0000
  O   O42       1.0  0.723722  0.664271  0.135546  1.0000
  O   O43       1.0  0.46304500000000004  0.726133  0.0019269999999999995  1.0000
  O   O44       1.0  0.826175  0.09501499999999997  0.275843  1.0000
  O   O45       1.0  0.819034  0.867407  0.03317  1.0000
  O   O46       1.0  0.8374210000000002  0.363676  0.098721  1.0000
  O   O47       1.0  0.587497  0.070696  0.11825199999999998  1.0000
  O   O48       1.0  0.957268  0.644941  0.04547799999999999  1.0000
"
"# generated using pymatgen
data_LiFeSnO4
_symmetry_space_group_name_H-M   'P 1'
_cell_length_a   6.13343900
_cell_length_b   6.13343900
_cell_length_c   8.57949500
_cell_angle_alpha   90.00000000
_cell_angle_beta   90.00000000
_cell_angle_gamma   90.00000000
_symmetry_Int_Tables_number   1
_chemical_formula_structural   LiFeSnO4
_chemical_formula_sum   'Li4 Fe4 Sn4 O16'
_cell_volume   322.75265700
_cell_formula_units_Z   4
loop_
 _symmetry_equiv_pos_site_id
 _symmetry_equiv_pos_as_xyz
  1  'x, y, z'
loop_
 _atom_site_type_symbol
 _atom_site_label
 _atom_site_symmetry_multiplicity
 _atom_site_fract_x
 _atom_site_fract_y
 _atom_site_fract_z
 _atom_site_occupancy
  Li  Li0  1  0.00000000  0.22721900  0.00000000  1
  Li  Li1  1  0.00000000  0.77278100  0.50000000  1
  Li  Li2  1  0.22721900  0.00000000  0.25000000  1
  Li  Li3  1  0.77278100  0.00000000  0.75000000  1
  Fe  Fe4  1  0.23484300  0.50000000  0.25000000  1
  Fe  Fe5  1  0.50000000  0.23484300  0.00000000  1
  Fe  Fe6  1  0.50000000  0.76515700  0.50000000  1
  Fe  Fe7  1  0.76515700  0.50000000  0.75000000  1
  Sn  Sn8  1  0.25502800  0.25502800  0.62500000  1
  Sn  Sn9  1  0.25502800  0.74497200  0.87500000  1
  Sn  Sn10  1  0.74497200  0.25502800  0.37500000  1
  Sn  Sn11  1  0.74497200  0.74497200  0.12500000  1
  O  O12  1  0.01671900  0.26112600  0.25222300  1
  O  O13  1  0.01671900  0.73887400  0.24777700  1
  O  O14  1  0.26112600  0.01671900  0.99777700  1
  O  O15  1  0.26112600  0.98328100  0.50222300  1
  O  O16  1  0.26233500  0.48037200  0.01250100  1
  O  O17  1  0.26233500  0.51962800  0.48749900  1
  O  O18  1  0.48037200  0.26233500  0.23749900  1
  O  O19  1  0.48037200  0.73766500  0.26250100  1
  O  O20  1  0.51962800  0.26233500  0.76250100  1
  O  O21  1  0.51962800  0.73766500  0.73749900  1
  O  O22  1  0.73766500  0.51962800  0.51250100  1
  O  O23  1  0.73766500  0.48037200  0.98749900  1
  O  O24  1  0.73887400  0.01671900  0.00222300  1
  O  O25  1  0.73887400  0.98328100  0.49777700  1
  O  O26  1  0.98328100  0.26112600  0.74777700  1
  O  O27  1  0.98328100  0.73887400  0.75222300  1
",Rotate all surrounding atoms within 2.081613061619048 angstrom of the center atom at index 13 by 267.8309127906581 degree around the axis [ 0.  0. -1.] in the cif file. The rotation should following the right-hand rule.,,"data_image0
_chemical_formula_structural       Li4Fe4Sn4O16
_chemical_formula_sum              ""Li4 Fe4 Sn4 O16""
_cell_length_a       6.133439
_cell_length_b       6.133439
_cell_length_c       8.579495
_cell_angle_alpha    90.0
_cell_angle_beta     90.0
_cell_angle_gamma    90.0

_space_group_name_H-M_alt    ""P 1""
_space_group_IT_number       1

loop_
  _space_group_symop_operation_xyz
  'x, y, z'

loop_
  _atom_site_type_symbol
  _atom_site_label
  _atom_site_symmetry_multiplicity
  _atom_site_fract_x
  _atom_site_fract_y
  _atom_site_fract_z
  _atom_site_occupancy
  Li  Li1       1.0  0.0  0.227219  0.0  1.0000
  Li  Li2       1.0  0.0  0.7727809999999999  0.5  1.0000
  Li  Li3       1.0  0.7470964384404044  0.9771885721378225  0.25  1.0000
  Li  Li4       1.0  0.7727809999999999  0.0  0.75  1.0000
  Fe  Fe1       1.0  0.24716613899877218  0.965882773793615  0.25  1.0000
  Fe  Fe2       1.0  0.4999999999999999  0.234843  0.0  1.0000
  Fe  Fe3       1.0  0.4999999999999999  0.7651569999999998  0.5  1.0000
  Fe  Fe4       1.0  0.7651569999999998  0.4999999999999999  0.75  1.0000
  Sn  Sn1       1.0  0.255028  0.255028  0.625  1.0000
  Sn  Sn2       1.0  0.255028  0.744972  0.875  1.0000
  Sn  Sn3       1.0  0.744972  0.255028  0.375  1.0000
  Sn  Sn4       1.0  0.9830619609574401  0.466374392670607  0.125  1.0000
  O   O1        1.0  0.016719  0.26112599999999997  0.252223  1.0000
  O   O2        1.0  0.016719  0.738874  0.247777  1.0000
  O   O3        1.0  0.26112599999999997  0.016719  0.997777  1.0000
  O   O4        1.0  0.26112599999999997  0.983281  0.5022230000000002  1.0000
  O   O5        1.0  0.262335  0.480372  0.012501000000000002  1.0000
  O   O6        1.0  0.262335  0.519628  0.487499  1.0000
  O   O7        1.0  0.480372  0.262335  0.237499  1.0000
  O   O8        1.0  0.480372  0.737665  0.262501  1.0000
  O   O9        1.0  0.519628  0.262335  0.762501  1.0000
  O   O10       1.0  0.519628  0.737665  0.737499  1.0000
  O   O11       1.0  0.737665  0.519628  0.5125010000000002  1.0000
  O   O12       1.0  0.737665  0.480372  0.9874990000000001  1.0000
  O   O13       1.0  0.738874  0.016719  0.002223  1.0000
  O   O14       1.0  0.738874  0.983281  0.497777  1.0000
  O   O15       1.0  0.983281  0.26112599999999997  0.747777  1.0000
  O   O16       1.0  0.983281  0.738874  0.752223  1.0000
"
"# generated using pymatgen
data_LiFePCO7
_symmetry_space_group_name_H-M   'P 1'
_cell_length_a   5.12281000
_cell_length_b   6.31467065
_cell_length_c   8.69266276
_cell_angle_alpha   85.32555338
_cell_angle_beta   88.47374689
_cell_angle_gamma   87.66421277
_symmetry_Int_Tables_number   1
_chemical_formula_structural   LiFePCO7
_chemical_formula_sum   'Li2 Fe2 P2 C2 O14'
_cell_volume   279.95279265
_cell_formula_units_Z   2
loop_
 _symmetry_equiv_pos_site_id
 _symmetry_equiv_pos_as_xyz
  1  'x, y, z'
loop_
 _atom_site_type_symbol
 _atom_site_label
 _atom_site_symmetry_multiplicity
 _atom_site_fract_x
 _atom_site_fract_y
 _atom_site_fract_z
 _atom_site_occupancy
  Li  Li0  1  0.29595900  0.11746700  0.72874600  1
  Li  Li1  1  0.81693600  0.60104000  0.18218100  1
  Fe  Fe2  1  0.89160100  0.84998800  0.61690100  1
  Fe  Fe3  1  0.30545100  0.37097300  0.32386500  1
  P  P4  1  0.79897600  0.36609500  0.54475000  1
  P  P5  1  0.41411800  0.86964700  0.38943800  1
  C  C6  1  0.38034600  0.38221900  0.01684000  1
  C  C7  1  0.79171300  0.87412600  0.90251100  1
  O  O8  1  0.02316300  0.84717300  0.83923100  1
  O  O9  1  0.60281600  0.89763700  0.80574300  1
  O  O10  1  0.37075400  0.32750000  0.88098200  1
  O  O11  1  0.93627000  0.16895200  0.62823900  1
  O  O12  1  0.81540000  0.55137500  0.64709700  1
  O  O13  1  0.50843200  0.31934300  0.51438700  1
  O  O14  1  0.25312200  0.83739700  0.54221400  1
  O  O15  1  0.94028900  0.42245800  0.38463400  1
  O  O16  1  0.70569100  0.89500900  0.42946000  1
  O  O17  1  0.31761800  0.06981500  0.29064100  1
  O  O18  1  0.40531200  0.67279200  0.29433400  1
  O  O19  1  0.76557200  0.87130500  0.04663700  1
  O  O20  1  0.59697500  0.39177100  0.08682500  1
  O  O21  1  0.16944100  0.42444400  0.09618000  1
",Rotate all surrounding atoms within 3.2399365103202538 angstrom of the center atom at index 17 by 139.43340894101118 degree around the axis [ 0.  0. -1.] in the cif file. The rotation should following the right-hand rule.,,"data_image0
_chemical_formula_structural       Li2Fe2P2C2O14
_chemical_formula_sum              ""Li2 Fe2 P2 C2 O14""
_cell_length_a       5.12281
_cell_length_b       6.31467065
_cell_length_c       8.692662759999997
_cell_angle_alpha    85.32555338
_cell_angle_beta     88.47374689
_cell_angle_gamma    87.66421276999999

_space_group_name_H-M_alt    ""P 1""
_space_group_IT_number       1

loop_
  _space_group_symop_operation_xyz
  'x, y, z'

loop_
  _atom_site_type_symbol
  _atom_site_label
  _atom_site_symmetry_multiplicity
  _atom_site_fract_x
  _atom_site_fract_y
  _atom_site_fract_z
  _atom_site_occupancy
  Li  Li1       1.0  0.295959  0.11746700000000003  0.7287459999999998  1.0000
  Li  Li2       1.0  0.816936  0.60104  0.182181  1.0000
  Fe  Fe1       1.0  0.891601  0.8499879999999999  0.616901  1.0000
  Fe  Fe2       1.0  0.5688314400624305  0.8322010137339984  0.323865  1.0000
  P   P1        1.0  0.7989760000000001  0.366095  0.54475  1.0000
  P   P2        1.0  0.8905821451629972  0.3684179907043469  0.389438  1.0000
  C   C1        1.0  0.5167211154388229  0.8510402126503678  0.016840000000000126  1.0000
  C   C2        1.0  0.791713  0.874126  0.902511  1.0000
  O   O1        1.0  0.023162999999999993  0.8471729999999998  0.839231  1.0000
  O   O2        1.0  0.602816  0.8976369999999998  0.8057429999999998  1.0000
  O   O3        1.0  0.370754  0.3275  0.8809819999999998  1.0000
  O   O4        1.0  0.9362699999999999  0.168952  0.6282389999999998  1.0000
  O   O5        1.0  0.8153999999999999  0.551375  0.6470969999999998  1.0000
  O   O6        1.0  0.38246168395985153  0.7238955055359015  0.5143869999999998  1.0000
  O   O7        1.0  0.9858358059910939  0.44532971588350256  0.5422139999999998  1.0000
  O   O8        1.0  0.1459554036326999  0.44320917314281205  0.384634  1.0000
  O   O9        1.0  0.6979825926617722  0.1857582578677186  0.42945999999999995  1.0000
  O   O10       1.0  0.317618  0.06981499999999997  0.290641  1.0000
  O   O11       1.0  0.7371722948987898  0.5486549215563454  0.294334  1.0000
  O   O12       1.0  0.765572  0.871305  0.046636999999999984  1.0000
  O   O13       1.0  0.36698796408765527  0.713821374326599  0.08682500000000005  1.0000
  O   O14       1.0  0.706826628608229  0.911834200277863  0.09617999999999999  1.0000
"
"# generated using pymatgen
data_Li6MnV3(PO4)6
_symmetry_space_group_name_H-M   'P 1'
_cell_length_a   8.57405447
_cell_length_b   8.86595484
_cell_length_c   12.34469076
_cell_angle_alpha   90.00000000
_cell_angle_beta   87.59489739
_cell_angle_gamma   90.00000000
_symmetry_Int_Tables_number   1
_chemical_formula_structural   Li6MnV3(PO4)6
_chemical_formula_sum   'Li12 Mn2 V6 P12 O48'
_cell_volume   937.58192917
_cell_formula_units_Z   2
loop_
 _symmetry_equiv_pos_site_id
 _symmetry_equiv_pos_as_xyz
  1  'x, y, z'
loop_
 _atom_site_type_symbol
 _atom_site_label
 _atom_site_symmetry_multiplicity
 _atom_site_fract_x
 _atom_site_fract_y
 _atom_site_fract_z
 _atom_site_occupancy
  Li  Li0  1  0.99979949  0.00045350  0.00095160  1
  Li  Li1  1  0.99960313  0.10225872  0.24872858  1
  Li  Li2  1  0.99979949  0.99954650  0.50095160  1
  Li  Li3  1  0.99960313  0.89774128  0.74872858  1
  Li  Li4  1  0.29212093  0.80433346  0.04937066  1
  Li  Li5  1  0.29212093  0.19566654  0.54937066  1
  Li  Li6  1  0.50702964  0.50455350  0.99829488  1
  Li  Li7  1  0.50473395  0.40319947  0.25354916  1
  Li  Li8  1  0.50702964  0.49544650  0.49829488  1
  Li  Li9  1  0.50473395  0.59680053  0.75354916  1
  Li  Li10  1  0.71349662  0.80159519  0.44619989  1
  Li  Li11  1  0.71349662  0.19840481  0.94619989  1
  Mn  Mn12  1  0.79100923  0.49986536  0.35350579  1
  Mn  Mn13  1  0.79100923  0.50013464  0.85350579  1
  V  V14  1  0.21269543  0.50043844  0.14410770  1
  V  V15  1  0.21269543  0.49956156  0.64410770  1
  V  V16  1  0.28589153  0.99556386  0.35803415  1
  V  V17  1  0.28589153  0.00443614  0.85803415  1
  V  V18  1  0.71677369  0.99843344  0.14189240  1
  V  V19  1  0.71677369  0.00156656  0.64189240  1
  P  P20  1  0.00052939  0.80202397  0.24935194  1
  P  P21  1  0.00052939  0.19797603  0.74935194  1
  P  P22  1  0.15577784  0.35458405  0.39545925  1
  P  P23  1  0.15577784  0.64541595  0.89545925  1
  P  P24  1  0.35178163  0.14839435  0.10334367  1
  P  P25  1  0.35178163  0.85160565  0.60334367  1
  P  P26  1  0.50004613  0.70776648  0.24935867  1
  P  P27  1  0.50004613  0.29223352  0.74935867  1
  P  P28  1  0.64547935  0.14496658  0.39763178  1
  P  P29  1  0.64547935  0.85503342  0.89763178  1
  P  P30  1  0.84287976  0.35552626  0.10470985  1
  P  P31  1  0.84287976  0.64447374  0.60470985  1
  O  O32  1  0.01014407  0.41345818  0.10751327  1
  O  O33  1  0.01014407  0.58654182  0.60751327  1
  O  O34  1  0.07385538  0.91263120  0.33363534  1
  O  O35  1  0.07385538  0.08736880  0.83363534  1
  O  O36  1  0.12512649  0.70374107  0.18961912  1
  O  O37  1  0.12512649  0.29625893  0.68961912  1
  O  O38  1  0.15054610  0.17707226  0.40945872  1
  O  O39  1  0.15054610  0.82292774  0.90945872  1
  O  O40  1  0.24880436  0.40429396  0.29175314  1
  O  O41  1  0.25333890  0.06442831  0.01804412  1
  O  O42  1  0.25252492  0.40837068  0.49262765  1
  O  O43  1  0.24880436  0.59570604  0.79175314  1
  O  O44  1  0.25333890  0.93557169  0.51804412  1
  O  O45  1  0.27693030  0.09604227  0.21353522  1
  O  O46  1  0.25252492  0.59162932  0.99262765  1
  O  O47  1  0.27693030  0.90395773  0.71353522  1
  O  O48  1  0.34501961  0.32253672  0.08991656  1
  O  O49  1  0.34501961  0.67746328  0.58991656  1
  O  O50  1  0.37769853  0.80658280  0.31092139  1
  O  O51  1  0.37769853  0.19341720  0.81092139  1
  O  O52  1  0.42820790  0.60096096  0.16412786  1
  O  O53  1  0.42820790  0.39903904  0.66412786  1
  O  O54  1  0.47175114  0.09372818  0.40890085  1
  O  O55  1  0.47175114  0.90627182  0.90890085  1
  O  O56  1  0.52654784  0.10846455  0.09202740  1
  O  O57  1  0.52654784  0.89153545  0.59202740  1
  O  O58  1  0.57016888  0.60541815  0.33767979  1
  O  O59  1  0.57016888  0.39458185  0.83767979  1
  O  O60  1  0.61709829  0.80724928  0.18647880  1
  O  O61  1  0.61709829  0.19275072  0.68647880  1
  O  O62  1  0.63807869  0.31676408  0.41175809  1
  O  O63  1  0.63807869  0.68323592  0.91175809  1
  O  O64  1  0.72334073  0.09553712  0.28750885  1
  O  O65  1  0.74662039  0.40925929  0.00792910  1
  O  O66  1  0.72334073  0.90446288  0.78750885  1
  O  O67  1  0.74468665  0.06002437  0.48196995  1
  O  O68  1  0.74643524  0.40166845  0.20781018  1
  O  O69  1  0.74662039  0.59074071  0.50792910  1
  O  O70  1  0.74468665  0.93997563  0.98196995  1
  O  O71  1  0.74643524  0.59833155  0.70781018  1
  O  O72  1  0.85647113  0.17911067  0.09061110  1
  O  O73  1  0.85647113  0.82088933  0.59061110  1
  O  O74  1  0.87269456  0.71750047  0.31291563  1
  O  O75  1  0.87269456  0.28249953  0.81291563  1
  O  O76  1  0.93670859  0.91226131  0.16182137  1
  O  O77  1  0.93670859  0.08773869  0.66182137  1
  O  O78  1  0.98755556  0.40669806  0.39694457  1
  O  O79  1  0.98755556  0.59330194  0.89694457  1
",Rotate all surrounding atoms within 1.7161453131553657 angstrom of the center atom at index 45 by 159.30931664348597 degree around the axis [ 0.  0. -1.] in the cif file. The rotation should following the right-hand rule.,,"data_image0
_chemical_formula_structural       Li12Mn2V6P12O48
_chemical_formula_sum              ""Li12 Mn2 V6 P12 O48""
_cell_length_a       8.57405447
_cell_length_b       8.86595484
_cell_length_c       12.34469076
_cell_angle_alpha    90.0
_cell_angle_beta     87.59489739
_cell_angle_gamma    90.0

_space_group_name_H-M_alt    ""P 1""
_space_group_IT_number       1

loop_
  _space_group_symop_operation_xyz
  'x, y, z'

loop_
  _atom_site_type_symbol
  _atom_site_label
  _atom_site_symmetry_multiplicity
  _atom_site_fract_x
  _atom_site_fract_y
  _atom_site_fract_z
  _atom_site_occupancy
  Li  Li1       1.0  0.9997994899999999  0.00045349999999999996  0.0009516  1.0000
  Li  Li2       1.0  0.9996031300000001  0.10225872  0.24872858  1.0000
  Li  Li3       1.0  0.9997994899999999  0.9995464999999999  0.5009516  1.0000
  Li  Li4       1.0  0.9996031300000001  0.89774128  0.74872858  1.0000
  Li  Li5       1.0  0.29212093  0.80433346  0.04937065999999999  1.0000
  Li  Li6       1.0  0.29212093  0.19566654  0.54937066  1.0000
  Li  Li7       1.0  0.50702964  0.5045535  0.99829488  1.0000
  Li  Li8       1.0  0.50473395  0.40319947  0.25354916  1.0000
  Li  Li9       1.0  0.50702964  0.4954465  0.49829488  1.0000
  Li  Li10      1.0  0.50473395  0.59680053  0.7535491599999999  1.0000
  Li  Li11      1.0  0.71349662  0.80159519  0.44619989  1.0000
  Li  Li12      1.0  0.71349662  0.19840481  0.94619989  1.0000
  Mn  Mn1       1.0  0.79100923  0.4998653599999999  0.35350579  1.0000
  Mn  Mn2       1.0  0.79100923  0.50013464  0.85350579  1.0000
  V   V1        1.0  0.21269543000000005  0.50043844  0.1441077  1.0000
  V   V2        1.0  0.21269543  0.49956156000000007  0.6441077  1.0000
  V   V3        1.0  0.28589153  0.99556386  0.35803415  1.0000
  V   V4        1.0  0.28589153  0.00443614  0.85803415  1.0000
  V   V5        1.0  0.7167736900000001  0.99843344  0.1418924  1.0000
  V   V6        1.0  0.7167736900000001  0.00156656  0.6418924  1.0000
  P   P1        1.0  0.0005293900000000011  0.80202397  0.24935194  1.0000
  P   P2        1.0  0.0005293900000000075  0.19797603  0.7493519399999999  1.0000
  P   P3        1.0  0.15577784  0.35458405  0.39545925  1.0000
  P   P4        1.0  0.15577784  0.64541595  0.89545925  1.0000
  P   P5        1.0  0.23891971006681023  0.023765745419481035  0.10334366999999998  1.0000
  P   P6        1.0  0.35178163  0.85160565  0.60334367  1.0000
  P   P7        1.0  0.50004613  0.70776648  0.24935867  1.0000
  P   P8        1.0  0.50004613  0.29223352  0.74935867  1.0000
  P   P9        1.0  0.64547935  0.14496658  0.39763178  1.0000
  P   P10       1.0  0.64547935  0.85503342  0.8976317799999999  1.0000
  P   P11       1.0  0.84287976  0.35552626  0.10470985  1.0000
  P   P12       1.0  0.84287976  0.64447374  0.60470985  1.0000
  O   O1        1.0  0.010144070000000002  0.41345818  0.10751327  1.0000
  O   O2        1.0  0.010144069999999998  0.58654182  0.60751327  1.0000
  O   O3        1.0  0.07385538  0.9126311999999999  0.33363534  1.0000
  O   O4        1.0  0.07385537999999998  0.0873688  0.83363534  1.0000
  O   O5        1.0  0.12512649  0.70374107  0.18961912000000003  1.0000
  O   O6        1.0  0.12512649  0.29625893  0.68961912  1.0000
  O   O7        1.0  0.15054610000000004  0.17707226  0.40945871999999994  1.0000
  O   O8        1.0  0.1505461  0.82292774  0.90945872  1.0000
  O   O9        1.0  0.24880435999999997  0.40429396  0.29175314  1.0000
  O   O10       1.0  0.2533389  0.06442831  0.01804412  1.0000
  O   O11       1.0  0.25252492  0.40837067999999993  0.49262765  1.0000
  O   O12       1.0  0.24880435999999997  0.59570604  0.7917531399999999  1.0000
  O   O13       1.0  0.2533389  0.9355716899999998  0.51804412  1.0000
  O   O14       1.0  0.2769303  0.09604227  0.21353522  1.0000
  O   O15       1.0  0.25252492  0.59162932  0.9926276499999999  1.0000
  O   O16       1.0  0.2769303  0.90395773  0.71353522  1.0000
  O   O17       1.0  0.34501961  0.32253672  0.08991656  1.0000
  O   O18       1.0  0.34501961000000003  0.67746328  0.58991656  1.0000
  O   O19       1.0  0.37769853  0.8065828  0.31092139  1.0000
  O   O20       1.0  0.37769853  0.1934172  0.81092139  1.0000
  O   O21       1.0  0.4282079  0.60096096  0.16412786  1.0000
  O   O22       1.0  0.42820790000000003  0.39903904  0.66412786  1.0000
  O   O23       1.0  0.47175114000000007  0.09372818  0.40890085  1.0000
  O   O24       1.0  0.47175114000000007  0.9062718199999998  0.90890085  1.0000
  O   O25       1.0  0.52654784  0.10846455  0.0920274  1.0000
  O   O26       1.0  0.52654784  0.89153545  0.5920274  1.0000
  O   O27       1.0  0.57016888  0.60541815  0.3376797899999999  1.0000
  O   O28       1.0  0.57016888  0.39458185  0.83767979  1.0000
  O   O29       1.0  0.61709829  0.80724928  0.1864788  1.0000
  O   O30       1.0  0.61709829  0.19275071999999996  0.6864788  1.0000
  O   O31       1.0  0.63807869  0.31676408  0.4117580900000001  1.0000
  O   O32       1.0  0.63807869  0.68323592  0.91175809  1.0000
  O   O33       1.0  0.72334073  0.09553712  0.28750885  1.0000
  O   O34       1.0  0.74662039  0.40925929  0.0079291  1.0000
  O   O35       1.0  0.72334073  0.90446288  0.78750885  1.0000
  O   O36       1.0  0.7446866500000002  0.06002437  0.48196995  1.0000
  O   O37       1.0  0.74643524  0.40166845  0.20781018  1.0000
  O   O38       1.0  0.74662039  0.59074071  0.5079291  1.0000
  O   O39       1.0  0.7446866500000002  0.9399756300000001  0.98196995  1.0000
  O   O40       1.0  0.74643524  0.59833155  0.70781018  1.0000
  O   O41       1.0  0.8564711300000002  0.17911067  0.09061110000000001  1.0000
  O   O42       1.0  0.8564711300000002  0.8208893299999999  0.5906111  1.0000
  O   O43       1.0  0.87269456  0.71750047  0.31291563  1.0000
  O   O44       1.0  0.87269456  0.28249953  0.81291563  1.0000
  O   O45       1.0  0.93670859  0.9122613099999999  0.16182137  1.0000
  O   O46       1.0  0.93670859  0.08773869  0.6618213699999999  1.0000
  O   O47       1.0  0.98755556  0.40669806  0.39694456999999994  1.0000
  O   O48       1.0  0.98755556  0.59330194  0.89694457  1.0000
"
"# generated using pymatgen
data_Li4TiCu3(PO4)4
_symmetry_space_group_name_H-M   'P 1'
_cell_length_a   6.05907300
_cell_length_b   4.81568600
_cell_length_c   10.36313943
_cell_angle_alpha   89.38117644
_cell_angle_beta   90.00000000
_cell_angle_gamma   90.00000000
_symmetry_Int_Tables_number   1
_chemical_formula_structural   Li4TiCu3(PO4)4
_chemical_formula_sum   'Li4 Ti1 Cu3 P4 O16'
_cell_volume   302.36419141
_cell_formula_units_Z   1
loop_
 _symmetry_equiv_pos_site_id
 _symmetry_equiv_pos_as_xyz
  1  'x, y, z'
loop_
 _atom_site_type_symbol
 _atom_site_label
 _atom_site_symmetry_multiplicity
 _atom_site_fract_x
 _atom_site_fract_y
 _atom_site_fract_z
 _atom_site_occupancy
  Li  Li0  1  0.26435000  0.99033900  0.01265600  1
  Li  Li1  1  0.73565000  0.99033900  0.01265600  1
  Li  Li2  1  0.73939700  0.49874200  0.48757400  1
  Li  Li3  1  0.26060300  0.49874200  0.48757400  1
  Ti  Ti4  1  0.00000000  0.01039400  0.71765600  1
  Cu  Cu5  1  0.50000000  0.99340000  0.27948000  1
  Cu  Cu6  1  0.50000000  0.54026900  0.78824600  1
  Cu  Cu7  1  0.00000000  0.46411800  0.21601900  1
  P  P8  1  0.00000000  0.92461200  0.40787700  1
  P  P9  1  0.00000000  0.59306100  0.89797100  1
  P  P10  1  0.50000000  0.41449400  0.09195800  1
  P  P11  1  0.50000000  0.06872300  0.59889700  1
  O  O12  1  0.00000000  0.80955800  0.55645800  1
  O  O13  1  0.20795500  0.79042700  0.34684600  1
  O  O14  1  0.79204500  0.79042700  0.34684600  1
  O  O15  1  0.50000000  0.75019800  0.59847200  1
  O  O16  1  0.50000000  0.73294900  0.08808200  1
  O  O17  1  0.19580700  0.74325300  0.82298700  1
  O  O18  1  0.80419300  0.74325300  0.82298700  1
  O  O19  1  0.00000000  0.69771800  0.03698500  1
  O  O20  1  0.50000000  0.29103600  0.95214700  1
  O  O21  1  0.70388000  0.27978500  0.16388700  1
  O  O22  1  0.29612000  0.27978500  0.16388700  1
  O  O23  1  0.00000000  0.27654800  0.88076600  1
  O  O24  1  0.00000000  0.24377500  0.41097700  1
  O  O25  1  0.71341500  0.18325200  0.67156300  1
  O  O26  1  0.28658500  0.18325200  0.67156300  1
  O  O27  1  0.50000000  0.21755100  0.46698000  1
",Rotate all surrounding atoms within 3.1712468220838166 angstrom of the center atom at index 24 by 302.33965267924685 degree around the axis [ 0.  0. -1.] in the cif file. The rotation should following the right-hand rule.,,"data_image0
_chemical_formula_structural       Li4TiCu3P4O16
_chemical_formula_sum              ""Li4 Ti1 Cu3 P4 O16""
_cell_length_a       6.059073
_cell_length_b       4.815686
_cell_length_c       10.36313943
_cell_angle_alpha    89.38117644
_cell_angle_beta     90.0
_cell_angle_gamma    90.0

_space_group_name_H-M_alt    ""P 1""
_space_group_IT_number       1

loop_
  _space_group_symop_operation_xyz
  'x, y, z'

loop_
  _atom_site_type_symbol
  _atom_site_label
  _atom_site_symmetry_multiplicity
  _atom_site_fract_x
  _atom_site_fract_y
  _atom_site_fract_z
  _atom_site_occupancy
  Li  Li1       1.0  0.26435  0.990339  0.012656  1.0000
  Li  Li2       1.0  0.73565  0.990339  0.012656  1.0000
  Li  Li3       1.0  0.22312237939009474  0.16534612986724184  0.48757399999999995  1.0000
  Li  Li4       1.0  0.9669976569003118  0.6563695149352139  0.48757399999999995  1.0000
  Ti  Ti1       1.0  0.0  0.010394  0.7176559999999998  1.0000
  Cu  Cu1       1.0  0.5  0.9934000000000001  0.27948  1.0000
  Cu  Cu2       1.0  0.5  0.540269  0.7882459999999999  1.0000
  Cu  Cu3       1.0  0.855079995861852  0.36375194470033323  0.21601899999999993  1.0000
  P   P1        1.0  0.5428588980756588  0.6080135470234763  0.407877  1.0000
  P   P2        1.0  0.0  0.593061  0.8979709999999997  1.0000
  P   P3        1.0  0.5  0.41449400000000003  0.09195799999999997  1.0000
  P   P4        1.0  0.5  0.068723  0.598897  1.0000
  O   O1        1.0  0.6177999985559717  0.5448608885929599  0.556458  1.0000
  O   O2        1.0  0.7451609738643321  0.7579569156400949  0.346846  1.0000
  O   O3        1.0  0.05761244393091046  0.37886726751511457  0.346846  1.0000
  O   O4        1.0  0.5  0.750198  0.5984719999999999  1.0000
  O   O5        1.0  0.5  0.732949  0.088082  1.0000
  O   O6        1.0  0.195807  0.743253  0.822987  1.0000
  O   O7        1.0  0.804193  0.743253  0.822987  1.0000
  O   O8        1.0  0.0  0.697718  0.036985  1.0000
  O   O9        1.0  0.5  0.291036  0.9521469999999999  1.0000
  O   O10       1.0  0.3562068457038801  0.013960627520270386  0.16388699999999998  1.0000
  O   O11       1.0  0.13808085239060988  0.5804959130403821  0.16388699999999998  1.0000
  O   O12       1.0  0.0  0.276548  0.880766  1.0000
  O   O13       1.0  0.0  0.243775  0.410977  1.0000
  O   O14       1.0  0.713415  0.183252  0.6715629999999999  1.0000
  O   O15       1.0  0.286585  0.183252  0.6715629999999999  1.0000
  O   O16       1.0  0.2842042592476213  0.7606608937511171  0.46698  1.0000
"
"# generated using pymatgen
data_Li4Fe5NiO12
_symmetry_space_group_name_H-M   'P 1'
_cell_length_a   5.11791100
_cell_length_b   5.11791100
_cell_length_c   10.32717334
_cell_angle_alpha   89.99249675
_cell_angle_beta   89.99249675
_cell_angle_gamma   118.72904127
_symmetry_Int_Tables_number   1
_chemical_formula_structural   Li4Fe5NiO12
_chemical_formula_sum   'Li4 Fe5 Ni1 O12'
_cell_volume   237.20196854
_cell_formula_units_Z   1
loop_
 _symmetry_equiv_pos_site_id
 _symmetry_equiv_pos_as_xyz
  1  'x, y, z'
loop_
 _atom_site_type_symbol
 _atom_site_label
 _atom_site_symmetry_multiplicity
 _atom_site_fract_x
 _atom_site_fract_y
 _atom_site_fract_z
 _atom_site_occupancy
  Li  Li0  1  0.34788400  0.85179800  0.75124400  1
  Li  Li1  1  0.14820200  0.65211600  0.24875600  1
  Li  Li2  1  0.85179800  0.34788400  0.75124400  1
  Li  Li3  1  0.65211600  0.14820200  0.24875600  1
  Fe  Fe4  1  0.16588400  0.83411600  0.50000000  1
  Fe  Fe5  1  0.66615300  0.33384700  0.00000000  1
  Fe  Fe6  1  0.33384700  0.66615300  0.00000000  1
  Fe  Fe7  1  0.83411600  0.16588400  0.50000000  1
  Fe  Fe8  1  0.50000000  0.50000000  0.50000000  1
  Ni  Ni9  1  0.00000000  0.00000000  0.00000000  1
  O  O10  1  0.33585700  0.96915700  0.10818300  1
  O  O11  1  0.03084300  0.66414300  0.89181700  1
  O  O12  1  0.47872600  0.83053500  0.39154300  1
  O  O13  1  0.83053500  0.47872600  0.39154300  1
  O  O14  1  0.16946500  0.52127400  0.60845700  1
  O  O15  1  0.83949000  0.83949000  0.59625800  1
  O  O16  1  0.52127400  0.16946500  0.60845700  1
  O  O17  1  0.96915700  0.33585700  0.10818300  1
  O  O18  1  0.64812400  0.64812400  0.09449900  1
  O  O19  1  0.66414300  0.03084300  0.89181700  1
  O  O20  1  0.35187600  0.35187600  0.90550100  1
  O  O21  1  0.16051000  0.16051000  0.40374200  1
",Rotate all surrounding atoms within 3.540301836320406 angstrom of the center atom at index 16 by 294.0302055670162 degree around the axis [ 0.  0. -1.] in the cif file. The rotation should following the right-hand rule.,,"data_image0
_chemical_formula_structural       Li4Fe5NiO12
_chemical_formula_sum              ""Li4 Fe5 Ni1 O12""
_cell_length_a       5.117911
_cell_length_b       5.117911
_cell_length_c       10.32717334
_cell_angle_alpha    89.99249674999999
_cell_angle_beta     89.99249674999999
_cell_angle_gamma    118.72904127

_space_group_name_H-M_alt    ""P 1""
_space_group_IT_number       1

loop_
  _space_group_symop_operation_xyz
  'x, y, z'

loop_
  _atom_site_type_symbol
  _atom_site_label
  _atom_site_symmetry_multiplicity
  _atom_site_fract_x
  _atom_site_fract_y
  _atom_site_fract_z
  _atom_site_occupancy
  Li  Li1       1.0  0.6531003503642174  0.9251262675951591  0.751244  1.0000
  Li  Li2       1.0  0.14820200000000003  0.652116  0.248756  1.0000
  Li  Li3       1.0  0.6354283327052278  0.4970483504490589  0.751244  1.0000
  Li  Li4       1.0  0.6521160000000001  0.148202  0.248756  1.0000
  Fe  Fe1       1.0  0.5064323755230593  0.7372240733574673  0.5  1.0000
  Fe  Fe2       1.0  0.666153  0.333847  0.0  1.0000
  Fe  Fe3       1.0  0.33384699999999995  0.666153  0.0  1.0000
  Fe  Fe4       1.0  0.8090812249213652  0.4956404643877366  0.5  1.0000
  Fe  Fe5       1.0  0.1577568002222123  0.11643226887260205  0.5  1.0000
  Ni  Ni1       1.0  0.0  0.0  0.0  1.0000
  O   O1        1.0  0.33585699999999985  0.9691569999999999  0.10818300000000002  1.0000
  O   O2        1.0  0.03084299999999998  0.664143  0.891817  1.0000
  O   O3        1.0  0.7942396004444247  0.06339953774520418  0.39154300000000003  1.0000
  O   O4        1.0  0.4800546902006299  0.46268857525308743  0.39154300000000003  1.0000
  O   O5        1.0  0.8354589102437946  0.7701759624921166  0.608457  1.0000
  O   O6        1.0  0.1123155868180402  0.43830842525542135  0.596258  1.0000
  O   O7        1.0  0.521274  0.169465  0.608457  1.0000
  O   O8        1.0  0.9691569999999999  0.335857  0.10818300000000002  1.0000
  O   O9        1.0  0.6481239999999999  0.648124  0.094499  1.0000
  O   O10       1.0  0.7951953849221615  0.33121133292153593  0.891817  1.0000
  O   O11       1.0  0.17732526490349312  0.9759816108771495  0.9055010000000001  1.0000
  O   O12       1.0  0.2031980136263844  0.7945561124897826  0.403742  1.0000
"
"# generated using pymatgen
data_Li3MnV(PO4)3
_symmetry_space_group_name_H-M   'P 1'
_cell_length_a   8.61768986
_cell_length_b   8.84991684
_cell_length_c   12.28656014
_cell_angle_alpha   90.00000000
_cell_angle_beta   86.89441651
_cell_angle_gamma   90.00000000
_symmetry_Int_Tables_number   1
_chemical_formula_structural   Li3MnV(PO4)3
_chemical_formula_sum   'Li12 Mn4 V4 P12 O48'
_cell_volume   935.66866528
_cell_formula_units_Z   4
loop_
 _symmetry_equiv_pos_site_id
 _symmetry_equiv_pos_as_xyz
  1  'x, y, z'
loop_
 _atom_site_type_symbol
 _atom_site_label
 _atom_site_symmetry_multiplicity
 _atom_site_fract_x
 _atom_site_fract_y
 _atom_site_fract_z
 _atom_site_occupancy
  Li  Li0  1  0.00305227  0.00818502  0.00652017  1
  Li  Li1  1  0.97993917  0.10770791  0.24383851  1
  Li  Li2  1  0.00305227  0.99181498  0.50652017  1
  Li  Li3  1  0.97993917  0.89229209  0.74383851  1
  Li  Li4  1  0.27558706  0.80460193  0.06134740  1
  Li  Li5  1  0.27558706  0.19539807  0.56134740  1
  Li  Li6  1  0.50932931  0.50606096  0.99884799  1
  Li  Li7  1  0.50752548  0.40659714  0.26279473  1
  Li  Li8  1  0.50932931  0.49393904  0.49884699  1
  Li  Li9  1  0.50752548  0.59340286  0.76279473  1
  Li  Li10  1  0.71801825  0.80046663  0.44258697  1
  Li  Li11  1  0.71801825  0.19953337  0.94258697  1
  Mn  Mn12  1  0.71217991  0.00234585  0.14234918  1
  Mn  Mn13  1  0.71217991  0.99765415  0.64234918  1
  Mn  Mn14  1  0.79506206  0.49893035  0.35449754  1
  Mn  Mn15  1  0.79506206  0.50106965  0.85449754  1
  V  V16  1  0.21146643  0.50034573  0.14486817  1
  V  V17  1  0.21146643  0.49965427  0.64486817  1
  V  V18  1  0.28640093  0.99706238  0.35433818  1
  V  V19  1  0.28640093  0.00293762  0.85433818  1
  P  P20  1  0.00415508  0.80511582  0.24907891  1
  P  P21  1  0.00415508  0.19488418  0.74907891  1
  P  P22  1  0.16332669  0.35247877  0.39471224  1
  P  P23  1  0.16332669  0.64752123  0.89471224  1
  P  P24  1  0.35080238  0.15131474  0.09831659  1
  P  P25  1  0.35080238  0.84868526  0.59831659  1
  P  P26  1  0.49687973  0.70962069  0.25012908  1
  P  P27  1  0.49687973  0.29037931  0.75012908  1
  P  P28  1  0.64788392  0.14248651  0.39674717  1
  P  P29  1  0.64788392  0.85751349  0.89674717  1
  P  P30  1  0.83941854  0.35913128  0.10673527  1
  P  P31  1  0.83941854  0.64086872  0.60673527  1
  O  O32  1  0.00287951  0.42421345  0.11194721  1
  O  O33  1  0.00287951  0.57578655  0.61194721  1
  O  O34  1  0.07671993  0.91504533  0.33557598  1
  O  O35  1  0.07671993  0.08495467  0.83557598  1
  O  O36  1  0.13057185  0.70385639  0.19283778  1
  O  O37  1  0.13057185  0.29614361  0.69283678  1
  O  O38  1  0.16635882  0.17376554  0.41015520  1
  O  O39  1  0.16635882  0.82623446  0.91015520  1
  O  O40  1  0.25825808  0.40165533  0.29093707  1
  O  O41  1  0.25318995  0.06081724  0.01534715  1
  O  O42  1  0.25399972  0.40704499  0.49323490  1
  O  O43  1  0.25825808  0.59834467  0.79093707  1
  O  O44  1  0.25318995  0.93918276  0.51534715  1
  O  O45  1  0.27924458  0.09500767  0.21109744  1
  O  O46  1  0.25399972  0.59295501  0.99323490  1
  O  O47  1  0.27924458  0.90499233  0.71109744  1
  O  O48  1  0.32934076  0.32316653  0.08318189  1
  O  O49  1  0.32934076  0.67683347  0.58318189  1
  O  O50  1  0.36752989  0.81270853  0.30714614  1
  O  O51  1  0.36752989  0.18729147  0.80714614  1
  O  O52  1  0.42721592  0.60388800  0.16379765  1
  O  O53  1  0.42721592  0.39611200  0.66379765  1
  O  O54  1  0.47759242  0.08232675  0.39831571  1
  O  O55  1  0.47759242  0.91767325  0.89831571  1
  O  O56  1  0.52429377  0.12054281  0.08403368  1
  O  O57  1  0.52429377  0.87945719  0.58403368  1
  O  O58  1  0.55944663  0.61172971  0.34175346  1
  O  O59  1  0.55944663  0.38827029  0.84175346  1
  O  O60  1  0.61526777  0.81075092  0.19038434  1
  O  O61  1  0.61526777  0.18924908  0.69038434  1
  O  O62  1  0.63157575  0.31398104  0.41173361  1
  O  O63  1  0.63157575  0.68601896  0.91173361  1
  O  O64  1  0.73786932  0.09377880  0.28944254  1
  O  O65  1  0.74568644  0.41039450  0.00911652  1
  O  O66  1  0.73786932  0.90622120  0.78944254  1
  O  O67  1  0.74266999  0.05969000  0.48359672  1
  O  O68  1  0.73835799  0.40053422  0.20942122  1
  O  O69  1  0.74568644  0.58960550  0.50911652  1
  O  O70  1  0.74266999  0.94031000  0.98359572  1
  O  O71  1  0.73835799  0.59946578  0.70942122  1
  O  O72  1  0.86189955  0.18241277  0.09266437  1
  O  O73  1  0.86189955  0.81758723  0.59266437  1
  O  O74  1  0.87550268  0.72086742  0.31349319  1
  O  O75  1  0.87550268  0.27913258  0.81349319  1
  O  O76  1  0.94931266  0.91346298  0.15975353  1
  O  O77  1  0.94931266  0.08653702  0.65975353  1
  O  O78  1  0.99418680  0.39486310  0.39332861  1
  O  O79  1  0.99418680  0.60513690  0.89332861  1
",Rotate all surrounding atoms within 1.8291532534492523 angstrom of the center atom at index 48 by 119.23734561613382 degree around the axis [ 0. -1.  0.] in the cif file. The rotation should following the right-hand rule.,,"data_image0
_chemical_formula_structural       Li12Mn4V4P12O48
_chemical_formula_sum              ""Li12 Mn4 V4 P12 O48""
_cell_length_a       8.61768986
_cell_length_b       8.84991684
_cell_length_c       12.28656014
_cell_angle_alpha    90.0
_cell_angle_beta     86.89441651
_cell_angle_gamma    90.0

_space_group_name_H-M_alt    ""P 1""
_space_group_IT_number       1

loop_
  _space_group_symop_operation_xyz
  'x, y, z'

loop_
  _atom_site_type_symbol
  _atom_site_label
  _atom_site_symmetry_multiplicity
  _atom_site_fract_x
  _atom_site_fract_y
  _atom_site_fract_z
  _atom_site_occupancy
  Li  Li1       1.0  0.00305227  0.00818502  0.00652017  1.0000
  Li  Li2       1.0  0.97993917  0.10770791  0.24383851  1.0000
  Li  Li3       1.0  0.003052269999999999  0.9918149800000001  0.50652017  1.0000
  Li  Li4       1.0  0.97993917  0.8922920900000001  0.7438385100000002  1.0000
  Li  Li5       1.0  0.27558706  0.80460193  0.0613474  1.0000
  Li  Li6       1.0  0.27558706  0.19539807  0.5613474  1.0000
  Li  Li7       1.0  0.50932931  0.50606096  0.9988479900000002  1.0000
  Li  Li8       1.0  0.50752548  0.4065971400000001  0.26279473  1.0000
  Li  Li9       1.0  0.50932931  0.49393904  0.4988469900000001  1.0000
  Li  Li10      1.0  0.50752548  0.59340286  0.76279473  1.0000
  Li  Li11      1.0  0.71801825  0.80046663  0.44258697  1.0000
  Li  Li12      1.0  0.71801825  0.19953337  0.9425869700000001  1.0000
  Mn  Mn1       1.0  0.71217991  0.0023458500000000005  0.14234918  1.0000
  Mn  Mn2       1.0  0.71217991  0.99765415  0.64234918  1.0000
  Mn  Mn3       1.0  0.79506206  0.4989303500000001  0.35449754000000006  1.0000
  Mn  Mn4       1.0  0.79506206  0.50106965  0.8544975400000002  1.0000
  V   V1        1.0  0.21146642999999996  0.5003457300000002  0.14486817  1.0000
  V   V2        1.0  0.21146642999999998  0.49965427  0.6448681700000001  1.0000
  V   V3        1.0  0.28640093  0.9970623800000001  0.35433818000000006  1.0000
  V   V4        1.0  0.28640093  0.00293762  0.85433818  1.0000
  P   P1        1.0  0.004155080000000002  0.8051158200000003  0.24907891  1.0000
  P   P2        1.0  0.004155079999999995  0.19488418000000005  0.7490789100000002  1.0000
  P   P3        1.0  0.16332669  0.35247877  0.39471224000000005  1.0000
  P   P4        1.0  0.16332669  0.64752123  0.8947122400000002  1.0000
  P   P5        1.0  0.2989853869960193  0.15131474000000003  0.08966083045529709  1.0000
  P   P6        1.0  0.35080238  0.84868526  0.59831659  1.0000
  P   P7        1.0  0.49687973  0.70962069  0.25012908  1.0000
  P   P8        1.0  0.49687973  0.29037931  0.75012908  1.0000
  P   P9        1.0  0.64788392  0.14248651  0.39674717  1.0000
  P   P10       1.0  0.64788392  0.85751349  0.89674717  1.0000
  P   P11       1.0  0.83941854  0.35913128  0.10673527  1.0000
  P   P12       1.0  0.8394185400000002  0.64086872  0.60673527  1.0000
  O   O1        1.0  0.00287951  0.42421345000000005  0.11194721  1.0000
  O   O2        1.0  0.0028795099999999953  0.5757865500000001  0.6119472100000001  1.0000
  O   O3        1.0  0.07671993  0.9150453299999999  0.33557598  1.0000
  O   O4        1.0  0.07671992999999996  0.08495467  0.83557598  1.0000
  O   O5        1.0  0.13057185  0.70385639  0.19283778  1.0000
  O   O6        1.0  0.13057184999999996  0.29614361  0.69283678  1.0000
  O   O7        1.0  0.16635882  0.17376554  0.41015520000000005  1.0000
  O   O8        1.0  0.16635881999999996  0.82623446  0.9101552  1.0000
  O   O9        1.0  0.25825808  0.40165533  0.29093707  1.0000
  O   O10       1.0  0.25318995  0.06081724000000001  0.01534715  1.0000
  O   O11       1.0  0.25399972  0.40704499  0.4932349  1.0000
  O   O12       1.0  0.25825808  0.59834467  0.79093707  1.0000
  O   O13       1.0  0.25318995  0.93918276  0.51534715  1.0000
  O   O14       1.0  0.2792445799999999  0.09500767  0.21109744  1.0000
  O   O15       1.0  0.25399972  0.59295501  0.9932349  1.0000
  O   O16       1.0  0.2792445799999999  0.90499233  0.71109744  1.0000
  O   O17       1.0  0.32934076  0.32316653000000006  0.08318189  1.0000
  O   O18       1.0  0.32934076  0.67683347  0.58318189  1.0000
  O   O19       1.0  0.36752989  0.81270853  0.30714614  1.0000
  O   O20       1.0  0.36752989  0.18729147  0.80714614  1.0000
  O   O21       1.0  0.42721592  0.603888  0.16379765  1.0000
  O   O22       1.0  0.42721591999999997  0.396112  0.66379765  1.0000
  O   O23       1.0  0.47759241999999996  0.08232675  0.39831571  1.0000
  O   O24       1.0  0.47759241999999996  0.91767325  0.89831571  1.0000
  O   O25       1.0  0.52429377  0.12054281000000001  0.08403368  1.0000
  O   O26       1.0  0.52429377  0.87945719  0.58403368  1.0000
  O   O27       1.0  0.55944663  0.6117297100000002  0.34175346  1.0000
  O   O28       1.0  0.5594466299999996  0.38827029  0.84175346  1.0000
  O   O29       1.0  0.61526777  0.81075092  0.19038434000000007  1.0000
  O   O30       1.0  0.61526777  0.18924908  0.69038434  1.0000
  O   O31       1.0  0.63157575  0.31398104  0.41173361  1.0000
  O   O32       1.0  0.63157575  0.68601896  0.91173361  1.0000
  O   O33       1.0  0.73786932  0.0937788  0.28944254  1.0000
  O   O34       1.0  0.7456864399999997  0.4103945  0.00911652  1.0000
  O   O35       1.0  0.73786932  0.9062212000000001  0.78944254  1.0000
  O   O36       1.0  0.74266999  0.05969000000000001  0.4835967200000001  1.0000
  O   O37       1.0  0.73835799  0.40053422  0.20942122000000002  1.0000
  O   O38       1.0  0.7456864399999997  0.5896055  0.50911652  1.0000
  O   O39       1.0  0.74266999  0.9403100000000001  0.98359572  1.0000
  O   O40       1.0  0.73835799  0.59946578  0.70942122  1.0000
  O   O41       1.0  0.8618995499999998  0.18241277  0.09266437  1.0000
  O   O42       1.0  0.8618995499999998  0.81758723  0.59266437  1.0000
  O   O43       1.0  0.8755026799999999  0.72086742  0.31349319  1.0000
  O   O44       1.0  0.8755026799999999  0.27913258  0.8134931900000001  1.0000
  O   O45       1.0  0.94931266  0.91346298  0.15975353  1.0000
  O   O46       1.0  0.94931266  0.08653702  0.65975353  1.0000
  O   O47       1.0  0.9941868  0.3948631  0.39332861  1.0000
  O   O48       1.0  0.9941868  0.6051369  0.89332861  1.0000
"
"# generated using pymatgen
data_Li3MnV(PO4)3
_symmetry_space_group_name_H-M   'P 1'
_cell_length_a   8.56927900
_cell_length_b   8.72571131
_cell_length_c   12.14063514
_cell_angle_alpha   90.23411746
_cell_angle_beta   91.38573790
_cell_angle_gamma   90.69574456
_symmetry_Int_Tables_number   1
_chemical_formula_structural   Li3MnV(PO4)3
_chemical_formula_sum   'Li12 Mn4 V4 P12 O48'
_cell_volume   907.45126452
_cell_formula_units_Z   4
loop_
 _symmetry_equiv_pos_site_id
 _symmetry_equiv_pos_as_xyz
  1  'x, y, z'
loop_
 _atom_site_type_symbol
 _atom_site_label
 _atom_site_symmetry_multiplicity
 _atom_site_fract_x
 _atom_site_fract_y
 _atom_site_fract_z
 _atom_site_occupancy
  Li  Li0  1  0.93522400  0.48660600  0.65449700  1
  Li  Li1  1  0.91921200  0.91438100  0.30816000  1
  Li  Li2  1  0.81891000  0.22061100  0.82225500  1
  Li  Li3  1  0.68052800  0.71947300  0.67736200  1
  Li  Li4  1  0.57909700  0.41436100  0.19078300  1
  Li  Li5  1  0.56514600  0.98746400  0.84595500  1
  Li  Li6  1  0.43498500  0.01456500  0.15322300  1
  Li  Li7  1  0.42044900  0.58469500  0.80824800  1
  Li  Li8  1  0.31877400  0.28039700  0.32224300  1
  Li  Li9  1  0.18062300  0.77921400  0.17718900  1
  Li  Li10  1  0.08153100  0.08475000  0.69172100  1
  Li  Li11  1  0.06455600  0.51257700  0.34535200  1
  Mn  Mn12  1  0.74612800  0.47280000  0.39344300  1
  Mn  Mn13  1  0.25408700  0.52746300  0.60553200  1
  Mn  Mn14  1  0.24647700  0.46336400  0.10989900  1
  Mn  Mn15  1  0.24753800  0.02951700  0.89433800  1
  V  V16  1  0.75635800  0.97306100  0.10438300  1
  V  V17  1  0.75491900  0.53519300  0.89161000  1
  V  V18  1  0.74469400  0.03633200  0.60923800  1
  V  V19  1  0.25488300  0.96381300  0.39026200  1
  P  P20  1  0.95653400  0.75111800  0.51000100  1
  P  P21  1  0.88557600  0.61824200  0.15227700  1
  P  P22  1  0.88528100  0.89040600  0.85302000  1
  P  P23  1  0.61496300  0.11848300  0.34858100  1
  P  P24  1  0.61588600  0.38951600  0.64674200  1
  P  P25  1  0.54266500  0.25123100  0.99092900  1
  P  P26  1  0.45696500  0.74987200  0.00919200  1
  P  P27  1  0.38188900  0.61115800  0.35144900  1
  P  P28  1  0.38516500  0.88082800  0.64929400  1
  P  P29  1  0.11640300  0.10984400  0.14823700  1
  P  P30  1  0.11576900  0.38148800  0.85203700  1
  P  P31  1  0.04417400  0.24858700  0.49015200  1
  O  O32  1  0.94862900  0.10895500  0.10327500  1
  O  O33  1  0.95168900  0.13008200  0.55661300  1
  O  O34  1  0.94999900  0.33162900  0.39965100  1
  O  O35  1  0.94368500  0.41902300  0.81369500  1
  O  O36  1  0.89660600  0.63843400  0.41630300  1
  O  O37  1  0.87362100  0.79604300  0.16919900  1
  O  O38  1  0.86113200  0.57992400  0.02994300  1
  O  O39  1  0.87151300  0.00682700  0.75414000  1
  O  O40  1  0.82614600  0.73049500  0.81230200  1
  O  O41  1  0.81309600  0.82407800  0.56480500  1
  O  O42  1  0.76821900  0.52750800  0.22166100  1
  O  O43  1  0.76472400  0.95078900  0.93720300  1
  O  O44  1  0.73840100  0.45194500  0.56451800  1
  O  O45  1  0.72933000  0.03056400  0.27621600  1
  O  O46  1  0.68756900  0.32202500  0.93368800  1
  O  O47  1  0.67354100  0.23014100  0.68768700  1
  O  O48  1  0.64079000  0.07958800  0.46996900  1
  O  O49  1  0.62812600  0.50561100  0.74707700  1
  O  O50  1  0.62281800  0.29782200  0.33295800  1
  O  O51  1  0.60064500  0.13890500  0.08175400  1
  O  O52  1  0.55412500  0.83628000  0.09918700  1
  O  O53  1  0.55790400  0.91934800  0.68819100  1
  O  O54  1  0.54834300  0.61273200  0.39636000  1
  O  O55  1  0.54845300  0.63191900  0.94339500  1
  O  O56  1  0.45448600  0.37236900  0.05441700  1
  O  O57  1  0.44883200  0.38613800  0.60168300  1
  O  O58  1  0.44207000  0.07983200  0.31103400  1
  O  O59  1  0.44639700  0.16664700  0.89850600  1
  O  O60  1  0.39777100  0.86252600  0.91669100  1
  O  O61  1  0.37756000  0.70116500  0.66599700  1
  O  O62  1  0.37098200  0.49361300  0.25022400  1
  O  O63  1  0.36208700  0.91811000  0.52728800  1
  O  O64  1  0.32554200  0.77044800  0.31050800  1
  O  O65  1  0.31250900  0.67755000  0.06489200  1
  O  O66  1  0.27006300  0.96903200  0.71907900  1
  O  O67  1  0.25997800  0.54787900  0.43317600  1
  O  O68  1  0.23770600  0.04854700  0.06718800  1
  O  O69  1  0.23066600  0.47072400  0.78077100  1
  O  O70  1  0.18820000  0.17557400  0.43627900  1
  O  O71  1  0.17184700  0.27137700  0.18944500  1
  O  O72  1  0.12562200  0.99471700  0.24839300  1
  O  O73  1  0.13729000  0.41832700  0.97496200  1
  O  O74  1  0.12357700  0.20213100  0.83406200  1
  O  O75  1  0.10354500  0.36164100  0.58407000  1
  O  O76  1  0.05596300  0.58291000  0.19162800  1
  O  O77  1  0.05116100  0.66738900  0.60053600  1
  O  O78  1  0.04865200  0.87014000  0.44420600  1
  O  O79  1  0.05300200  0.88914200  0.89757400  1
",Rotate all surrounding atoms within 3.302189725293439 angstrom of the center atom at index 51 by 262.67770897513446 degree around the axis [ 0. -1.  0.] in the cif file. The rotation should following the right-hand rule.,,"data_image0
_chemical_formula_structural       Li12Mn4V4P12O48
_chemical_formula_sum              ""Li12 Mn4 V4 P12 O48""
_cell_length_a       8.569279
_cell_length_b       8.72571131
_cell_length_c       12.140635140000002
_cell_angle_alpha    90.23411746000001
_cell_angle_beta     91.3857379
_cell_angle_gamma    90.69574456

_space_group_name_H-M_alt    ""P 1""
_space_group_IT_number       1

loop_
  _space_group_symop_operation_xyz
  'x, y, z'

loop_
  _atom_site_type_symbol
  _atom_site_label
  _atom_site_symmetry_multiplicity
  _atom_site_fract_x
  _atom_site_fract_y
  _atom_site_fract_z
  _atom_site_occupancy
  Li  Li1       1.0  0.935224  0.4866059999999999  0.654497  1.0000
  Li  Li2       1.0  0.919212  0.914381  0.30816  1.0000
  Li  Li3       1.0  0.81891  0.220611  0.822255  1.0000
  Li  Li4       1.0  0.680528  0.719473  0.677362  1.0000
  Li  Li5       1.0  0.7610740826013326  0.413734254362532  0.08794909962485542  1.0000
  Li  Li6       1.0  0.6922067777631733  0.9825208261012476  0.03489893219088418  1.0000
  Li  Li7       1.0  0.7244229845579905  0.01478483978303564  0.1892934263351715  1.0000
  Li  Li8       1.0  0.420449  0.584695  0.8082479999999999  1.0000
  Li  Li9       1.0  0.318774  0.280397  0.322243  1.0000
  Li  Li10      1.0  0.180623  0.779214  0.177189  1.0000
  Li  Li11      1.0  0.081531  0.08475  0.691721  1.0000
  Li  Li12      1.0  0.064556  0.512577  0.345352  1.0000
  Mn  Mn1       1.0  0.746128  0.4728  0.393443  1.0000
  Mn  Mn2       1.0  0.254087  0.527463  0.605532  1.0000
  Mn  Mn3       1.0  0.24647700000000003  0.46336399999999994  0.109899  1.0000
  Mn  Mn4       1.0  0.24753799999999998  0.029516999999999998  0.894338  1.0000
  V   V1        1.0  0.6207369448698633  0.972288237899929  0.9775913064296686  1.0000
  V   V2        1.0  0.754919  0.535193  0.89161  1.0000
  V   V3        1.0  0.744694  0.036332  0.609238  1.0000
  V   V4        1.0  0.254883  0.9638130000000001  0.39026199999999994  1.0000
  P   P1        1.0  0.956534  0.751118  0.510001  1.0000
  P   P2        1.0  0.885576  0.618242  0.152277  1.0000
  P   P3        1.0  0.885281  0.890406  0.85302  1.0000
  P   P4        1.0  0.9732167026893513  0.11662632513684741  0.04394526503453824  1.0000
  P   P5        1.0  0.615886  0.389516  0.646742  1.0000
  P   P6        1.0  0.8888947565047018  0.24536993319054934  0.029268759635143717  1.0000
  P   P7        1.0  0.456965  0.749872  0.009192  1.0000
  P   P8        1.0  0.381889  0.611158  0.351449  1.0000
  P   P9        1.0  0.385165  0.880828  0.649294  1.0000
  P   P10       1.0  0.116403  0.109844  0.148237  1.0000
  P   P11       1.0  0.11576900000000001  0.381488  0.852037  1.0000
  P   P12       1.0  0.044174  0.248587  0.490152  1.0000
  O   O1        1.0  0.5777484501569159  0.1073234600550547  0.8355784958258722  1.0000
  O   O2        1.0  0.951689  0.130082  0.556613  1.0000
  O   O3        1.0  0.949999  0.331629  0.399651  1.0000
  O   O4        1.0  0.9436849999999999  0.419023  0.813695  1.0000
  O   O5        1.0  0.896606  0.638434  0.4163029999999999  1.0000
  O   O6        1.0  0.873621  0.796043  0.169199  1.0000
  O   O7        1.0  0.861132  0.579924  0.029942999999999997  1.0000
  O   O8        1.0  0.871513  0.006827  0.75414  1.0000
  O   O9        1.0  0.826146  0.730495  0.812302  1.0000
  O   O10       1.0  0.813096  0.824078  0.564805  1.0000
  O   O11       1.0  0.768219  0.527508  0.221661  1.0000
  O   O12       1.0  0.789700419143764  0.9443784066871311  0.8853786638237799  1.0000
  O   O13       1.0  0.7384009999999999  0.451945  0.564518  1.0000
  O   O14       1.0  0.8529280344072938  0.02870123259898945  0.9705806259566276  1.0000
  O   O15       1.0  0.787496658199297  0.31593416868754237  0.9343289252125879  1.0000
  O   O16       1.0  0.673541  0.230141  0.687687  1.0000
  O   O17       1.0  0.64079  0.079588  0.469969  1.0000
  O   O18       1.0  0.628126  0.505611  0.747077  1.0000
  O   O19       1.0  0.622818  0.297822  0.332958  1.0000
  O   O20       1.0  0.600645  0.138905  0.081754  1.0000
  O   O21       1.0  0.6421240350600053  0.8363981114656337  0.11856625366215523  1.0000
  O   O22       1.0  0.557904  0.919348  0.6881909999999999  1.0000
  O   O23       1.0  0.548343  0.612732  0.39636  1.0000
  O   O24       1.0  0.548453  0.631919  0.9433949999999999  1.0000
  O   O25       1.0  0.5876887621241229  0.3731889882121607  0.18895736386879125  1.0000
  O   O26       1.0  0.448832  0.386138  0.601683  1.0000
  O   O27       1.0  0.9460859266809173  0.07896372127680142  0.16857032353951895  1.0000
  O   O28       1.0  0.7723720751702103  0.16181392003096365  0.105513700845214  1.0000
  O   O29       1.0  0.397771  0.862526  0.916691  1.0000
  O   O30       1.0  0.37756  0.701165  0.665997  1.0000
  O   O31       1.0  0.370982  0.493613  0.250224  1.0000
  O   O32       1.0  0.362087  0.9181100000000001  0.527288  1.0000
  O   O33       1.0  0.325542  0.770448  0.310508  1.0000
  O   O34       1.0  0.312509  0.67755  0.064892  1.0000
  O   O35       1.0  0.270063  0.969032  0.719079  1.0000
  O   O36       1.0  0.259978  0.547879  0.433176  1.0000
  O   O37       1.0  0.6338697041177017  0.05018924586496386  0.3366410884194718  1.0000
  O   O38       1.0  0.23066600000000004  0.470724  0.780771  1.0000
  O   O39       1.0  0.1882  0.175574  0.4362789999999999  1.0000
  O   O40       1.0  0.171847  0.271377  0.189445  1.0000
  O   O41       1.0  0.125622  0.994717  0.24839300000000003  1.0000
  O   O42       1.0  0.13729  0.418327  0.974962  1.0000
  O   O43       1.0  0.12357700000000002  0.202131  0.8340619999999999  1.0000
  O   O44       1.0  0.10354500000000001  0.361641  0.58407  1.0000
  O   O45       1.0  0.055963  0.58291  0.191628  1.0000
  O   O46       1.0  0.051161  0.667389  0.600536  1.0000
  O   O47       1.0  0.048652  0.87014  0.444206  1.0000
  O   O48       1.0  0.053001999999999994  0.889142  0.897574  1.0000
"
"# generated using pymatgen
data_Li2VCr3O8
_symmetry_space_group_name_H-M   'P 1'
_cell_length_a   5.90889247
_cell_length_b   5.90998115
_cell_length_c   10.47686151
_cell_angle_alpha   74.55597285
_cell_angle_beta   73.61695878
_cell_angle_gamma   60.00595955
_symmetry_Int_Tables_number   1
_chemical_formula_structural   Li2VCr3O8
_chemical_formula_sum   'Li4 V2 Cr6 O16'
_cell_volume   300.52752047
_cell_formula_units_Z   2
loop_
 _symmetry_equiv_pos_site_id
 _symmetry_equiv_pos_as_xyz
  1  'x, y, z'
loop_
 _atom_site_type_symbol
 _atom_site_label
 _atom_site_symmetry_multiplicity
 _atom_site_fract_x
 _atom_site_fract_y
 _atom_site_fract_z
 _atom_site_occupancy
  Li  Li0  1  0.25004600  0.74986000  0.24999000  1
  Li  Li1  1  0.75007300  0.24989700  0.75003500  1
  Li  Li2  1  0.75002100  0.74992000  0.25004200  1
  Li  Li3  1  0.24991500  0.24995900  0.75008600  1
  V  V4  1  0.99989600  0.99989400  0.00018200  1
  V  V5  1  0.49992100  0.50004000  0.50014200  1
  Cr  Cr6  1  0.49993800  0.00011600  0.00003600  1
  Cr  Cr7  1  0.99999700  0.00019600  0.49983200  1
  Cr  Cr8  1  0.50005100  0.99991300  0.50007600  1
  Cr  Cr9  1  0.00021300  0.49987400  0.49986200  1
  Cr  Cr10  1  0.49999100  0.50026400  0.99971600  1
  Cr  Cr11  1  0.99973700  0.50003000  0.00014000  1
  O  O12  1  0.37941200  0.84784500  0.39357200  1
  O  O13  1  0.87937200  0.34783600  0.89353300  1
  O  O14  1  0.12072200  0.65213000  0.10643300  1
  O  O15  1  0.62080100  0.15211400  0.60642600  1
  O  O16  1  0.87290000  0.86032100  0.39385600  1
  O  O17  1  0.37272400  0.36035500  0.89393700  1
  O  O18  1  0.62691000  0.63976000  0.10613900  1
  O  O19  1  0.12707100  0.13974100  0.60607300  1
  O  O20  1  0.84869100  0.37696500  0.39750000  1
  O  O21  1  0.34866600  0.87703500  0.89752600  1
  O  O22  1  0.37701300  0.37680000  0.39755600  1
  O  O23  1  0.87681800  0.87691700  0.89759000  1
  O  O24  1  0.12307400  0.12301500  0.10248900  1
  O  O25  1  0.62330700  0.62293600  0.60243700  1
  O  O26  1  0.65137900  0.12315100  0.10241700  1
  O  O27  1  0.15134100  0.62311700  0.60237600  1
",Rotate all surrounding atoms within 2.7996888160111153 angstrom of the center atom at index 21 by 138.90941479387197 degree around the axis [-1.  0.  0.] in the cif file. The rotation should following the right-hand rule.,,"data_image0
_chemical_formula_structural       Li4V2Cr6O16
_chemical_formula_sum              ""Li4 V2 Cr6 O16""
_cell_length_a       5.90889247
_cell_length_b       5.90998115
_cell_length_c       10.47686151
_cell_angle_alpha    74.55597285
_cell_angle_beta     73.61695878
_cell_angle_gamma    60.00595955

_space_group_name_H-M_alt    ""P 1""
_space_group_IT_number       1

loop_
  _space_group_symop_operation_xyz
  'x, y, z'

loop_
  _atom_site_type_symbol
  _atom_site_label
  _atom_site_symmetry_multiplicity
  _atom_site_fract_x
  _atom_site_fract_y
  _atom_site_fract_z
  _atom_site_occupancy
  Li  Li1       1.0  0.25004600000000005  0.74986  0.24999  1.0000
  Li  Li2       1.0  0.7500729999999998  0.24989699999999995  0.7500350000000001  1.0000
  Li  Li3       1.0  0.750021  0.74992  0.250042  1.0000
  Li  Li4       1.0  0.5848779318268214  0.09427881604214305  0.23573315701560715  1.0000
  V   V1        1.0  0.8760776718154222  0.6251768507221562  0.6221948735175853  1.0000
  V   V2        1.0  0.49992100000000006  0.50004  0.500142  1.0000
  Cr  Cr1       1.0  0.38027094856552923  0.27825913183192347  0.960806980907245  1.0000
  Cr  Cr2       1.0  0.999997  0.0001960000000000028  0.499832  1.0000
  Cr  Cr3       1.0  0.500051  0.999913  0.500076  1.0000
  Cr  Cr4       1.0  0.0002129999999999736  0.49987399999999993  0.49986200000000003  1.0000
  Cr  Cr5       1.0  0.15275205520736487  0.25664406105604365  0.9378239877476937  1.0000
  Cr  Cr6       1.0  0.9997369999999998  0.50003  0.00014000000000000001  1.0000
  O   O1        1.0  0.379412  0.847845  0.393572  1.0000
  O   O2        1.0  0.35117853925090897  0.21760983596128436  0.0801027087511863  1.0000
  O   O3        1.0  0.6796707129784926  0.9911342927989808  0.649204387272251  1.0000
  O   O4        1.0  0.620801  0.152114  0.606426  1.0000
  O   O5        1.0  0.8728999999999997  0.8603209999999998  0.39385600000000004  1.0000
  O   O6        1.0  0.3727239999999999  0.360355  0.893937  1.0000
  O   O7        1.0  0.17345716456601853  0.9988332240761151  0.6536434604797992  1.0000
  O   O8        1.0  0.1270709999999999  0.13974099999999998  0.6060730000000001  1.0000
  O   O9        1.0  0.8486909999999995  0.376965  0.39750000000000013  1.0000
  O   O10       1.0  0.3486659999999999  0.877035  0.8975260000000002  1.0000
  O   O11       1.0  0.3770129999999999  0.3768  0.397556  1.0000
  O   O12       1.0  0.8767180271152567  0.8771956622573139  0.8975112991962109  1.0000
  O   O13       1.0  0.15392636205756483  0.33171821646377997  0.8317108144480687  1.0000
  O   O14       1.0  0.6233069999999999  0.6229359999999999  0.602437  1.0000
  O   O15       1.0  0.6513789999999998  0.123151  0.10241700000000001  1.0000
  O   O16       1.0  0.15134100000000006  0.623117  0.602376  1.0000
"
"# generated using pymatgen
data_Li2Co3TeO8
_symmetry_space_group_name_H-M   'P 1'
_cell_length_a   5.97413600
_cell_length_b   6.02594005
_cell_length_c   6.03372097
_cell_angle_alpha   91.70161400
_cell_angle_beta   118.60278938
_cell_angle_gamma   119.02207413
_symmetry_Int_Tables_number   1
_chemical_formula_structural   Li2Co3TeO8
_chemical_formula_sum   'Li2 Co3 Te1 O8'
_cell_volume   156.75032697
_cell_formula_units_Z   1
loop_
 _symmetry_equiv_pos_site_id
 _symmetry_equiv_pos_as_xyz
  1  'x, y, z'
loop_
 _atom_site_type_symbol
 _atom_site_label
 _atom_site_symmetry_multiplicity
 _atom_site_fract_x
 _atom_site_fract_y
 _atom_site_fract_z
 _atom_site_occupancy
  Li  Li0  1  0.50000000  0.00000000  0.50000000  1
  Li  Li1  1  0.50000000  0.50000000  0.50000000  1
  Co  Co2  1  0.00000000  0.50000000  0.00000000  1
  Co  Co3  1  0.50000000  0.00000000  0.00000000  1
  Co  Co4  1  0.50000000  0.50000000  0.00000000  1
  Te  Te5  1  0.00000000  0.00000000  0.00000000  1
  O  O6  1  0.43772900  0.70630800  0.19354800  1
  O  O7  1  0.01372000  0.77400100  0.77976600  1
  O  O8  1  0.00880400  0.24739100  0.78974600  1
  O  O9  1  0.54443600  0.76658600  0.77405600  1
  O  O10  1  0.45556400  0.23341400  0.22594400  1
  O  O11  1  0.99119600  0.75260900  0.21025400  1
  O  O12  1  0.98628000  0.22599900  0.22023400  1
  O  O13  1  0.56227100  0.29369200  0.80645200  1
",Rotate all surrounding atoms within 3.764973928941968 angstrom of the center atom at index 3 by 184.621762263981 degree around the axis [ 0. -1.  0.] in the cif file. The rotation should following the right-hand rule.,,"data_image0
_chemical_formula_structural       Li2Co3TeO8
_chemical_formula_sum              ""Li2 Co3 Te1 O8""
_cell_length_a       5.974136
_cell_length_b       6.02594005
_cell_length_c       6.03372097
_cell_angle_alpha    91.701614
_cell_angle_beta     118.60278938000002
_cell_angle_gamma    119.02207413

_space_group_name_H-M_alt    ""P 1""
_space_group_IT_number       1

loop_
  _space_group_symop_operation_xyz
  'x, y, z'

loop_
  _atom_site_type_symbol
  _atom_site_label
  _atom_site_symmetry_multiplicity
  _atom_site_fract_x
  _atom_site_fract_y
  _atom_site_fract_z
  _atom_site_occupancy
  Li  Li1       1.0  0.3812159961758371  0.665548468497144  0.5249970729390219  1.0000
  Li  Li2       1.0  0.5  0.5  0.5  1.0000
  Co  Co1       1.0  0.5338244393544411  0.524694598238364  0.07199041803399321  1.0000
  Co  Co2       1.0  0.5  0.0  0.0  1.0000
  Co  Co3       1.0  0.00396517383210937  0.5081138474355965  0.02365372633781835  1.0000
  Te  Te1       1.0  0.029859265522331757  0.01658075080276759  0.048336691696174855  1.0000
  O   O1        1.0  0.2319181879003831  0.5903699005369312  0.8555618474880522  1.0000
  O   O2        1.0  0.6102115692469476  0.28109916123102585  0.3428440837091661  1.0000
  O   O3        1.0  0.08226401644577885  0.7394308642080027  0.3089256939842686  1.0000
  O   O4        1.0  0.04168469912078998  0.2597839298772355  0.29661172103415834  1.0000
  O   O5        1.0  0.7286776408951032  0.08754070198824561  0.8006898775195223  1.0000
  O   O6        1.0  0.6880983235701146  0.6078937676574783  0.7883759045694119  1.0000
  O   O7        1.0  0.1601507707689454  0.06622547063445511  0.7544575148445145  1.0000
  O   O8        1.0  0.5384441521155102  0.7569547313285497  0.2417397510656285  1.0000
"
"# generated using pymatgen
data_Li11Fe5(OF11)2
_symmetry_space_group_name_H-M   'P 1'
_cell_length_a   5.16196100
_cell_length_b   8.76569767
_cell_length_c   9.56349962
_cell_angle_alpha   90.40093575
_cell_angle_beta   90.59588448
_cell_angle_gamma   90.42896588
_symmetry_Int_Tables_number   1
_chemical_formula_structural   Li11Fe5(OF11)2
_chemical_formula_sum   'Li11 Fe5 O2 F22'
_cell_volume   432.68468062
_cell_formula_units_Z   1
loop_
 _symmetry_equiv_pos_site_id
 _symmetry_equiv_pos_as_xyz
  1  'x, y, z'
loop_
 _atom_site_type_symbol
 _atom_site_label
 _atom_site_symmetry_multiplicity
 _atom_site_fract_x
 _atom_site_fract_y
 _atom_site_fract_z
 _atom_site_occupancy
  Li  Li0  1  0.79311100  0.14219500  0.44154300  1
  Li  Li1  1  0.18799700  0.15516500  0.13700200  1
  Li  Li2  1  0.31286300  0.35887900  0.86168500  1
  Li  Li3  1  0.68496800  0.33541200  0.14417800  1
  Li  Li4  1  0.28669000  0.34809900  0.43545300  1
  Li  Li5  1  0.69237200  0.65368500  0.93959400  1
  Li  Li6  1  0.31149600  0.66599700  0.63271800  1
  Li  Li7  1  0.68790200  0.65692500  0.36019600  1
  Li  Li8  1  0.20136800  0.85136300  0.35467300  1
  Li  Li9  1  0.81680800  0.84049100  0.63465700  1
  Li  Li10  1  0.19476400  0.85220900  0.93845300  1
  Fe  Fe11  1  0.33367000  0.01495100  0.63296800  1
  Fe  Fe12  1  0.81548000  0.13652000  0.86350200  1
  Fe  Fe13  1  0.81440300  0.48457500  0.63368500  1
  Fe  Fe14  1  0.18015300  0.52013000  0.13551100  1
  Fe  Fe15  1  0.70728100  0.97330300  0.13680300  1
  O  O16  1  0.64219000  0.01059700  0.73803700  1
  O  O17  1  0.97415200  0.01669900  0.00509600  1
  F  F18  1  0.15197600  0.17267500  0.76021800  1
  F  F19  1  0.44705100  0.16931400  0.50075000  1
  F  F20  1  0.53361900  0.16947300  0.01060600  1
  F  F21  1  0.84367400  0.15613200  0.24606300  1
  F  F22  1  0.33637800  0.34527600  0.23786300  1
  F  F23  1  0.02219200  0.34338900  0.01321500  1
  F  F24  1  0.94719300  0.32978100  0.51159900  1
  F  F25  1  0.66724100  0.33656900  0.77058700  1
  F  F26  1  0.48197300  0.49136500  0.01279900  1
  F  F27  1  0.13375200  0.50008400  0.73838600  1
  F  F28  1  0.86856200  0.50054800  0.24252700  1
  F  F29  1  0.50536900  0.50747700  0.51371700  1
  F  F30  1  0.34717100  0.66141500  0.26130200  1
  F  F31  1  0.03752000  0.66529600  0.00663000  1
  F  F32  1  0.96175700  0.65374300  0.52008000  1
  F  F33  1  0.65504600  0.65250500  0.74193400  1
  F  F34  1  0.15954900  0.84501200  0.73863700  1
  F  F35  1  0.47015300  0.83794800  0.51373100  1
  F  F36  1  0.53132200  0.82936200  0.01190200  1
  F  F37  1  0.85786200  0.82999600  0.26396900  1
  F  F38  1  0.02056600  0.98675400  0.50928300  1
  F  F39  1  0.38240500  0.99869000  0.23644700  1
",Rotate all surrounding atoms within 2.9308211209787167 angstrom of the center atom at index 14 by 310.31194554347655 degree around the axis [0. 1. 0.] in the cif file. The rotation should following the right-hand rule.,,"data_image0
_chemical_formula_structural       Li11Fe5O2F22
_chemical_formula_sum              ""Li11 Fe5 O2 F22""
_cell_length_a       5.161961
_cell_length_b       8.76569767
_cell_length_c       9.56349962
_cell_angle_alpha    90.40093575
_cell_angle_beta     90.59588448
_cell_angle_gamma    90.42896588

_space_group_name_H-M_alt    ""P 1""
_space_group_IT_number       1

loop_
  _space_group_symop_operation_xyz
  'x, y, z'

loop_
  _atom_site_type_symbol
  _atom_site_label
  _atom_site_symmetry_multiplicity
  _atom_site_fract_x
  _atom_site_fract_y
  _atom_site_fract_z
  _atom_site_occupancy
  Li  Li1       1.0  0.7931109999999999  0.142195  0.441543  1.0000
  Li  Li2       1.0  0.18799699999999997  0.155165  0.137002  1.0000
  Li  Li3       1.0  0.312863  0.358879  0.861685  1.0000
  Li  Li4       1.0  0.684968  0.335412  0.144178  1.0000
  Li  Li5       1.0  0.28668999999999994  0.348099  0.4354529999999999  1.0000
  Li  Li6       1.0  0.692372  0.653685  0.9395939999999999  1.0000
  Li  Li7       1.0  0.311496  0.665997  0.632718  1.0000
  Li  Li8       1.0  0.687902  0.656925  0.360196  1.0000
  Li  Li9       1.0  0.20136799999999996  0.851363  0.354673  1.0000
  Li  Li10      1.0  0.816808  0.840491  0.634657  1.0000
  Li  Li11      1.0  0.19476399999999996  0.852209  0.938453  1.0000
  Fe  Fe1       1.0  0.33367  0.014950999999999999  0.632968  1.0000
  Fe  Fe2       1.0  0.8154799999999999  0.13652  0.863502  1.0000
  Fe  Fe3       1.0  0.8144029999999998  0.484575  0.633685  1.0000
  Fe  Fe4       1.0  0.180153  0.52013  0.135511  1.0000
  Fe  Fe5       1.0  0.707281  0.973303  0.136803  1.0000
  O   O1        1.0  0.6421899999999999  0.010597  0.738037  1.0000
  O   O2        1.0  0.9741519999999999  0.016699  0.005096  1.0000
  F   F1        1.0  0.15197600000000003  0.172675  0.760218  1.0000
  F   F2        1.0  0.447051  0.169314  0.50075  1.0000
  F   F3        1.0  0.533619  0.169473  0.010606  1.0000
  F   F4        1.0  0.843674  0.156132  0.246063  1.0000
  F   F5        1.0  0.13709658618834347  0.34549425820668617  0.26613532714752125  1.0000
  F   F6        1.0  0.2487070881302555  0.3432350079967871  0.9932674692333809  1.0000
  F   F7        1.0  0.947193  0.329781  0.511599  1.0000
  F   F8        1.0  0.667241  0.336569  0.770587  1.0000
  F   F9        1.0  0.5510638444487463  0.49266719250001095  0.1814799991172785  1.0000
  F   F10       1.0  0.133752  0.500084  0.738386  1.0000
  F   F11       1.0  0.4797264449727861  0.5024380596471091  0.48735804430637836  1.0000
  F   F12       1.0  0.505369  0.507477  0.513717  1.0000
  F   F13       1.0  0.11243719094629435  0.6615894643483105  0.2839014394708181  1.0000
  F   F14       1.0  0.26946134478462863  0.6651960603247618  0.9936841995361623  1.0000
  F   F15       1.0  0.961757  0.653743  0.52008  1.0000
  F   F16       1.0  0.655046  0.652505  0.741934  1.0000
  F   F17       1.0  0.159549  0.845012  0.738637  1.0000
  F   F18       1.0  0.47015299999999993  0.837948  0.513731  1.0000
  F   F19       1.0  0.531322  0.829362  0.011902  1.0000
  F   F20       1.0  0.857862  0.829996  0.263969  1.0000
  F   F21       1.0  0.020566000000000004  0.9867540000000001  0.509283  1.0000
  F   F22       1.0  0.382405  0.99869  0.236447  1.0000
"
"# generated using pymatgen
data_KLi(WO3)3
_symmetry_space_group_name_H-M   'P 1'
_cell_length_a   7.62591800
_cell_length_b   7.62840872
_cell_length_c   7.88483005
_cell_angle_alpha   90.00119376
_cell_angle_beta   90.00493401
_cell_angle_gamma   119.73291296
_symmetry_Int_Tables_number   1
_chemical_formula_structural   KLi(WO3)3
_chemical_formula_sum   'K2 Li2 W6 O18'
_cell_volume   398.30119339
_cell_formula_units_Z   2
loop_
 _symmetry_equiv_pos_site_id
 _symmetry_equiv_pos_as_xyz
  1  'x, y, z'
loop_
 _atom_site_type_symbol
 _atom_site_label
 _atom_site_symmetry_multiplicity
 _atom_site_fract_x
 _atom_site_fract_y
 _atom_site_fract_z
 _atom_site_occupancy
  K  K0  1  0.99381700  0.99711900  0.26930200  1
  K  K1  1  0.99724700  0.00325800  0.76734400  1
  Li  Li2  1  0.59138300  0.29882400  0.25072500  1
  Li  Li3  1  0.29565900  0.69782400  0.74910500  1
  W  W4  1  0.99498600  0.49748200  0.49796400  1
  W  W5  1  0.99522300  0.49617100  0.00189300  1
  W  W6  1  0.49729000  0.50303000  0.50195600  1
  W  W7  1  0.49862800  0.50295300  0.99783800  1
  W  W8  1  0.50045400  0.99907100  0.99991000  1
  W  W9  1  0.50132000  0.00014800  0.50002700  1
  O  O10  1  0.99541300  0.49632200  0.74993800  1
  O  O11  1  0.79564600  0.21599900  0.00845600  1
  O  O12  1  0.79838300  0.21613600  0.49209800  1
  O  O13  1  0.79345100  0.57681900  0.49301800  1
  O  O14  1  0.49945800  0.00349200  0.74277300  1
  O  O15  1  0.79665800  0.57980500  0.00582000  1
  O  O16  1  0.42396600  0.20446300  0.01668400  1
  O  O17  1  0.42384400  0.22070800  0.48255300  1
  O  O18  1  0.49766000  0.49545800  0.75722900  1
  O  O19  1  0.49922200  0.50377700  0.24233100  1
  O  O20  1  0.58355000  0.80073100  0.98984900  1
  O  O21  1  0.58356100  0.78462000  0.50920400  1
  O  O22  1  0.20391400  0.42322200  0.50720500  1
  O  O23  1  0.49903300  0.99711400  0.25758800  1
  O  O24  1  0.20136500  0.42052300  0.99436500  1
  O  O25  1  0.20718800  0.78027900  0.98401600  1
  O  O26  1  0.20448000  0.78017800  0.51447700  1
  O  O27  1  0.00236800  0.50447600  0.25011300  1
",Rotate all surrounding atoms within 3.6198070490933225 angstrom of the center atom at index 22 by 145.44597650074007 degree around the axis [0. 0. 1.] in the cif file. The rotation should following the right-hand rule.,,"data_image0
_chemical_formula_structural       K2Li2W6O18
_chemical_formula_sum              ""K2 Li2 W6 O18""
_cell_length_a       7.625918
_cell_length_b       7.628408720000001
_cell_length_c       7.88483005
_cell_angle_alpha    90.00119376
_cell_angle_beta     90.00493400999999
_cell_angle_gamma    119.73291296

_space_group_name_H-M_alt    ""P 1""
_space_group_IT_number       1

loop_
  _space_group_symop_operation_xyz
  'x, y, z'

loop_
  _atom_site_type_symbol
  _atom_site_label
  _atom_site_symmetry_multiplicity
  _atom_site_fract_x
  _atom_site_fract_y
  _atom_site_fract_z
  _atom_site_occupancy
  K   K1        1.0  0.4342046998383261  0.28040575064753503  0.2693019999999998  1.0000
  K   K2        1.0  0.08199597051221204  0.4231900415103802  0.7673439999999998  1.0000
  Li  Li1       1.0  0.5913830000000002  0.298824  0.250725  1.0000
  Li  Li2       1.0  0.9787139280409476  0.16803584001381416  0.7491049999999998  1.0000
  W   W1        1.0  0.7601363419405993  0.8545451431557746  0.4979639999999999  1.0000
  W   W2        1.0  0.9952229999999999  0.496171  0.001893  1.0000
  W   W3        1.0  0.005183334319031435  0.5232021825174171  0.501956  1.0000
  W   W4        1.0  0.4986280000000001  0.502953  0.9978379999999998  1.0000
  W   W5        1.0  0.500454  0.9990709999999999  0.99991  1.0000
  W   W6        1.0  0.50132  0.000148  0.500027  1.0000
  O   O1        1.0  0.7607452408524431  0.8561804792183969  0.7499379999999998  1.0000
  O   O2        1.0  0.795646  0.215999  0.008455999999999997  1.0000
  O   O3        1.0  0.04219482031062701  0.049025738073624314  0.49209799999999987  1.0000
  O   O4        1.0  0.7934510000000002  0.576819  0.4930179999999999  1.0000
  O   O5        1.0  0.499458  0.0034919999999999994  0.7427729999999998  1.0000
  O   O6        1.0  0.796658  0.579805  0.005819999999999999  1.0000
  O   O7        1.0  0.4239660000000001  0.204463  0.016683999999999994  1.0000
  O   O8        1.0  0.22634137047969163  0.7992183127457362  0.482553  1.0000
  O   O9        1.0  0.010011085813718934  0.532158653407125  0.757229  1.0000
  O   O10       1.0  0.0036636712660133635  0.523580348133864  0.24233099999999988  1.0000
  O   O11       1.0  0.58355  0.800731  0.9898489999999998  1.0000
  O   O12       1.0  0.778092538119303  0.2563990707222357  0.509204  1.0000
  O   O13       1.0  0.20391400000000007  0.423222  0.507205  1.0000
  O   O14       1.0  0.499033  0.997114  0.2575879999999999  1.0000
  O   O15       1.0  0.201365  0.420523  0.9943649999999998  1.0000
  O   O16       1.0  0.20718800000000012  0.780279  0.9840159999999998  1.0000
  O   O17       1.0  0.9704019042021039  0.013971300579955007  0.514477  1.0000
  O   O18       1.0  0.25145921418055633  0.19835198124527717  0.2501129999999998  1.0000
"
"# generated using pymatgen
data_FeCo3O8
_symmetry_space_group_name_H-M   'P 1'
_cell_length_a   8.03867700
_cell_length_b   8.11151586
_cell_length_c   8.15851278
_cell_angle_alpha   89.71692671
_cell_angle_beta   89.98536444
_cell_angle_gamma   89.66595056
_symmetry_Int_Tables_number   1
_chemical_formula_structural   FeCo3O8
_chemical_formula_sum   'Fe4 Co12 O32'
_cell_volume   531.96726184
_cell_formula_units_Z   4
loop_
 _symmetry_equiv_pos_site_id
 _symmetry_equiv_pos_as_xyz
  1  'x, y, z'
loop_
 _atom_site_type_symbol
 _atom_site_label
 _atom_site_symmetry_multiplicity
 _atom_site_fract_x
 _atom_site_fract_y
 _atom_site_fract_z
 _atom_site_occupancy
  Fe  Fe0  1  0.12644200  0.87649500  0.37628600  1
  Fe  Fe1  1  0.37621200  0.12644400  0.87505500  1
  Fe  Fe2  1  0.62657800  0.62610300  0.62230500  1
  Fe  Fe3  1  0.87649200  0.37536900  0.12663300  1
  Co  Co4  1  0.12026200  0.12750400  0.62645500  1
  Co  Co5  1  0.12444900  0.37962900  0.87154400  1
  Co  Co6  1  0.12821400  0.62687200  0.11886900  1
  Co  Co7  1  0.36987300  0.37393400  0.61738400  1
  Co  Co8  1  0.37493800  0.61736800  0.36777300  1
  Co  Co9  1  0.37599400  0.87050000  0.12315400  1
  Co  Co10  1  0.61752800  0.36803400  0.37610700  1
  Co  Co11  1  0.62653500  0.12007800  0.12967700  1
  Co  Co12  1  0.63147600  0.87534400  0.87981500  1
  Co  Co13  1  0.86891300  0.12293900  0.37927800  1
  Co  Co14  1  0.87514400  0.88210400  0.63441000  1
  Co  Co15  1  0.87980700  0.63288900  0.87622800  1
  O  O16  1  0.10813000  0.11410300  0.39495300  1
  O  O17  1  0.10724300  0.90011700  0.62616300  1
  O  O18  1  0.11583200  0.60958500  0.88527800  1
  O  O19  1  0.13604700  0.14461400  0.85896200  1
  O  O20  1  0.11437500  0.39245700  0.10776000  1
  O  O21  1  0.13699200  0.35993800  0.63709600  1
  O  O22  1  0.13899600  0.64010000  0.35434500  1
  O  O23  1  0.14888400  0.85626500  0.12057300  1
  O  O24  1  0.35937900  0.13883300  0.64034300  1
  O  O25  1  0.35791500  0.36287300  0.85643100  1
  O  O26  1  0.36262000  0.63504500  0.13684700  1
  O  O27  1  0.37397700  0.60195800  0.59634500  1
  O  O28  1  0.36688900  0.85655200  0.35216600  1
  O  O29  1  0.38335800  0.38275700  0.38447900  1
  O  O30  1  0.39003700  0.11009800  0.10876000  1
  O  O31  1  0.39113700  0.89041600  0.89055100  1
  O  O32  1  0.60060100  0.37640300  0.60232000  1
  O  O33  1  0.60463600  0.59767400  0.37515900  1
  O  O34  1  0.61040600  0.88944300  0.11241100  1
  O  O35  1  0.63693200  0.35166100  0.14208800  1
  O  O36  1  0.61263500  0.11047400  0.89209300  1
  O  O37  1  0.63524300  0.13561600  0.36358900  1
  O  O38  1  0.64401200  0.87359600  0.65231200  1
  O  O39  1  0.64999200  0.64730900  0.87315500  1
  O  O40  1  0.85790000  0.35286200  0.36336500  1
  O  O41  1  0.85450700  0.12044700  0.14934000  1
  O  O42  1  0.86419800  0.86611800  0.86730300  1
  O  O43  1  0.88529700  0.89319800  0.39851200  1
  O  O44  1  0.87649600  0.65232100  0.64740600  1
  O  O45  1  0.88486700  0.11487300  0.61409500  1
  O  O46  1  0.89299100  0.39402000  0.88916700  1
  O  O47  1  0.89862100  0.62680800  0.10580000  1
",Rotate all surrounding atoms within 3.1165819036717872 angstrom of the center atom at index 19 by 163.78932184303233 degree around the axis [0. 0. 1.] in the cif file. The rotation should following the right-hand rule.,,"data_image0
_chemical_formula_structural       Fe4Co12O32
_chemical_formula_sum              ""Fe4 Co12 O32""
_cell_length_a       8.038677
_cell_length_b       8.11151586
_cell_length_c       8.15851278
_cell_angle_alpha    89.71692671
_cell_angle_beta     89.98536444000001
_cell_angle_gamma    89.66595056000001

_space_group_name_H-M_alt    ""P 1""
_space_group_IT_number       1

loop_
  _space_group_symop_operation_xyz
  'x, y, z'

loop_
  _atom_site_type_symbol
  _atom_site_label
  _atom_site_symmetry_multiplicity
  _atom_site_fract_x
  _atom_site_fract_y
  _atom_site_fract_z
  _atom_site_occupancy
  Fe  Fe1       1.0  0.126442  0.8764950000000002  0.3762859999999999  1.0000
  Fe  Fe2       1.0  0.9101284387933045  0.22832240414020608  0.875055  1.0000
  Fe  Fe3       1.0  0.626578  0.626103  0.622305  1.0000
  Fe  Fe4       1.0  0.876492  0.375369  0.126633  1.0000
  Co  Co1       1.0  0.15648037827566924  0.1588961966949926  0.626455  1.0000
  Co  Co2       1.0  0.08097470742204678  0.9159949084436462  0.8715439999999998  1.0000
  Co  Co3       1.0  0.128214  0.6268720000000002  0.118869  1.0000
  Co  Co4       1.0  0.3698729999999999  0.3739340000000001  0.6173839999999998  1.0000
  Co  Co5       1.0  0.374938  0.617368  0.367773  1.0000
  Co  Co6       1.0  0.375994  0.8705  0.123154  1.0000
  Co  Co7       1.0  0.6175279999999997  0.3680340000000001  0.376107  1.0000
  Co  Co8       1.0  0.626535  0.120078  0.129677  1.0000
  Co  Co9       1.0  0.6314759999999998  0.8753440000000002  0.8798149999999998  1.0000
  Co  Co10      1.0  0.868913  0.12293899999999999  0.379278  1.0000
  Co  Co11      1.0  0.8751439999999998  0.8821040000000002  0.63441  1.0000
  Co  Co12      1.0  0.879807  0.6328890000000003  0.8762279999999998  1.0000
  O   O1        1.0  0.10812999999999998  0.114103  0.3949529999999999  1.0000
  O   O2        1.0  0.9513549890139578  0.4146594255541375  0.626163  1.0000
  O   O3        1.0  0.115832  0.609585  0.885278  1.0000
  O   O4        1.0  0.136047  0.144614  0.858962  1.0000
  O   O5        1.0  0.08846443395798964  0.908293723654693  0.10776000000000013  1.0000
  O   O6        1.0  0.07489092281336143  0.9406074991155438  0.637096  1.0000
  O   O7        1.0  0.138996  0.6401  0.354345  1.0000
  O   O8        1.0  0.148884  0.8562650000000003  0.120573  1.0000
  O   O9        1.0  0.9232639379431711  0.21405781236243293  0.6403429999999998  1.0000
  O   O10       1.0  0.8611591327084152  0.9967960847815674  0.856431  1.0000
  O   O11       1.0  0.3626199999999999  0.635045  0.136847  1.0000
  O   O12       1.0  0.373977  0.601958  0.5963449999999998  1.0000
  O   O13       1.0  0.366889  0.856552  0.352166  1.0000
  O   O14       1.0  0.383358  0.382757  0.384479  1.0000
  O   O15       1.0  0.9028535425755843  0.2552241836551897  0.10876000000000013  1.0000
  O   O16       1.0  0.6805295617023224  0.4999476112347421  0.890551  1.0000
  O   O17       1.0  0.600601  0.376403  0.6023199999999997  1.0000
  O   O18       1.0  0.604636  0.5976740000000003  0.3751589999999999  1.0000
  O   O19       1.0  0.610406  0.8894430000000002  0.112411  1.0000
  O   O20       1.0  0.636932  0.351661  0.142088  1.0000
  O   O21       1.0  0.612635  0.11047400000000003  0.8920929999999998  1.0000
  O   O22       1.0  0.635243  0.135616  0.363589  1.0000
  O   O23       1.0  0.6440119999999998  0.873596  0.652312  1.0000
  O   O24       1.0  0.649992  0.647309  0.873155  1.0000
  O   O25       1.0  0.8579  0.352862  0.363365  1.0000
  O   O26       1.0  0.8545069999999998  0.12044700000000003  0.14933999999999995  1.0000
  O   O27       1.0  0.864198  0.866118  0.8673029999999998  1.0000
  O   O28       1.0  0.885297  0.893198  0.398512  1.0000
  O   O29       1.0  0.876496  0.652321  0.647406  1.0000
  O   O30       1.0  0.42461136525867205  0.38266559715051124  0.614095  1.0000
  O   O31       1.0  0.3376511072052909  0.11466005369031312  0.889167  1.0000
  O   O32       1.0  0.898621  0.626808  0.1058  1.0000
"
"# generated using pymatgen
data_Ca9(WO3)20
_symmetry_space_group_name_H-M   'P 1'
_cell_length_a   12.92413229
_cell_length_b   12.92413229
_cell_length_c   17.49290734
_cell_angle_alpha   47.64644146
_cell_angle_beta   47.64644146
_cell_angle_gamma   34.18713304
_symmetry_Int_Tables_number   1
_chemical_formula_structural   Ca9(WO3)20
_chemical_formula_sum   'Ca9 W20 O60'
_cell_volume   1164.64364515
_cell_formula_units_Z   1
loop_
 _symmetry_equiv_pos_site_id
 _symmetry_equiv_pos_as_xyz
  1  'x, y, z'
loop_
 _atom_site_type_symbol
 _atom_site_label
 _atom_site_symmetry_multiplicity
 _atom_site_fract_x
 _atom_site_fract_y
 _atom_site_fract_z
 _atom_site_occupancy
  Ca  Ca0  1  0.16614900  0.16614900  0.37341400  1
  Ca  Ca1  1  0.66237300  0.66237300  0.31574700  1
  Ca  Ca2  1  0.48675600  0.48675600  0.84939700  1
  Ca  Ca3  1  0.03957100  0.03957100  0.79062900  1
  Ca  Ca4  1  0.24994400  0.24994400  0.50358400  1
  Ca  Ca5  1  0.01760900  0.01760900  0.14514300  1
  Ca  Ca6  1  0.47248700  0.47248700  0.21283300  1
  Ca  Ca7  1  0.83486500  0.83486500  0.67920900  1
  Ca  Ca8  1  0.32605200  0.32605200  0.63602900  1
  W  W9  1  0.64477600  0.14182500  0.79812400  1
  W  W10  1  0.14182500  0.64477600  0.79812400  1
  W  W11  1  0.55877200  0.06296900  0.08339000  1
  W  W12  1  0.06296900  0.55877200  0.08339000  1
  W  W13  1  0.36056800  0.85390800  0.57350400  1
  W  W14  1  0.85390800  0.36056800  0.57350400  1
  W  W15  1  0.57114200  0.06579800  0.28899000  1
  W  W16  1  0.06579800  0.57114200  0.28899000  1
  W  W17  1  0.74826800  0.25193400  0.99926000  1
  W  W18  1  0.25193400  0.74826800  0.99926000  1
  W  W19  1  0.92768800  0.43590400  0.71148000  1
  W  W20  1  0.43590400  0.92768800  0.71148000  1
  W  W21  1  0.13882900  0.64760100  0.42560700  1
  W  W22  1  0.64760100  0.13882900  0.42560700  1
  W  W23  1  0.43889000  0.94179800  0.91705000  1
  W  W24  1  0.94179800  0.43889000  0.91705000  1
  W  W25  1  0.35890800  0.85465300  0.20354100  1
  W  W26  1  0.85465300  0.35890800  0.20354100  1
  W  W27  1  0.74788900  0.25028800  0.50122400  1
  W  W28  1  0.25028800  0.74788900  0.50122400  1
  O  O29  1  0.73770700  0.12456400  0.65803200  1
  O  O30  1  0.12456400  0.73770700  0.65803200  1
  O  O31  1  0.89998900  0.50560100  0.15514100  1
  O  O32  1  0.50560100  0.89998900  0.15514100  1
  O  O33  1  0.39094200  0.39094200  0.77622600  1
  O  O34  1  0.90167500  0.90167500  0.81809200  1
  O  O35  1  0.55158400  0.15304200  0.93641800  1
  O  O36  1  0.15304200  0.55158400  0.93641800  1
  O  O37  1  0.79865200  0.38828900  0.47065600  1
  O  O38  1  0.38828900  0.79865200  0.47065600  1
  O  O39  1  0.83155100  0.83155100  0.05460200  1
  O  O40  1  0.28182900  0.28182900  0.12265400  1
  O  O41  1  0.27623400  0.72062000  0.73314500  1
  O  O42  1  0.72062000  0.27623400  0.73314500  1
  O  O43  1  0.55780400  0.98523700  0.23108300  1
  O  O44  1  0.98523700  0.55780400  0.23108300  1
  O  O45  1  0.62359800  0.62359800  0.57258500  1
  O  O46  1  0.08805800  0.08805800  0.57173800  1
  O  O47  1  0.61039100  0.22521500  0.00704900  1
  O  O48  1  0.22521500  0.61039100  0.00704900  1
  O  O49  1  0.02399000  0.41139100  0.42592500  1
  O  O50  1  0.41139100  0.02399000  0.42592500  1
  O  O51  1  0.33185100  0.33185100  0.24988200  1
  O  O52  1  0.80272200  0.80272200  0.32559400  1
  O  O53  1  0.95522400  0.32679400  0.64507600  1
  O  O54  1  0.32679400  0.95522400  0.64507600  1
  O  O55  1  0.11949300  0.73080500  0.15941700  1
  O  O56  1  0.73080500  0.11949300  0.15941700  1
  O  O57  1  0.50081800  0.50081800  0.03928300  1
  O  O58  1  0.99575700  0.99575700  0.96651300  1
  O  O59  1  0.37233400  0.76541100  0.84336200  1
  O  O60  1  0.76541100  0.37233400  0.84336200  1
  O  O61  1  0.54781400  0.17109700  0.35115500  1
  O  O62  1  0.17109700  0.54781400  0.35115500  1
  O  O63  1  0.70033000  0.70033000  0.67477500  1
  O  O64  1  0.16443300  0.16443300  0.75117000  1
  O  O65  1  0.10354600  0.47122900  0.57100200  1
  O  O66  1  0.47122900  0.10354600  0.57100200  1
  O  O67  1  0.88490400  0.28170800  0.98921400  1
  O  O68  1  0.28170800  0.88490400  0.98921400  1
  O  O69  1  0.87504400  0.87504400  0.42655100  1
  O  O70  1  0.41799400  0.41799400  0.41308700  1
  O  O71  1  0.51426100  0.94809600  0.77228600  1
  O  O72  1  0.94809600  0.51426100  0.77228600  1
  O  O73  1  0.21961800  0.78632900  0.26132100  1
  O  O74  1  0.78632900  0.21961800  0.26132100  1
  O  O75  1  0.66938000  0.66938000  0.94395800  1
  O  O76  1  0.21575200  0.21575200  0.87931100  1
  O  O77  1  0.11013000  0.70570900  0.52588300  1
  O  O78  1  0.70570900  0.11013000  0.52588300  1
  O  O79  1  0.94486900  0.35335100  0.05877000  1
  O  O80  1  0.35335100  0.94486900  0.05877000  1
  O  O81  1  0.11222500  0.11222500  0.21976300  1
  O  O82  1  0.59260100  0.59260100  0.18638200  1
  O  O83  1  0.58680500  0.00125600  0.85185600  1
  O  O84  1  0.00125600  0.58680500  0.85185600  1
  O  O85  1  0.37039800  0.75785300  0.34807400  1
  O  O86  1  0.75785300  0.37039800  0.34807400  1
  O  O87  1  0.46233800  0.46233800  0.54597600  1
  O  O88  1  0.03406600  0.03406600  0.46124000  1
",Rotate all surrounding atoms within 3.4389319129858156 angstrom of the center atom at index 27 by 225.96236482097422 degree around the axis [-1.  0.  0.] in the cif file. The rotation should following the right-hand rule.,,"data_image0
_chemical_formula_structural       Ca9W20O60
_chemical_formula_sum              ""Ca9 W20 O60""
_cell_length_a       12.92413229
_cell_length_b       12.92413229
_cell_length_c       17.49290734
_cell_angle_alpha    47.64644146
_cell_angle_beta     47.64644146
_cell_angle_gamma    34.18713303999999

_space_group_name_H-M_alt    ""P 1""
_space_group_IT_number       1

loop_
  _space_group_symop_operation_xyz
  'x, y, z'

loop_
  _atom_site_type_symbol
  _atom_site_label
  _atom_site_symmetry_multiplicity
  _atom_site_fract_x
  _atom_site_fract_y
  _atom_site_fract_z
  _atom_site_occupancy
  Ca  Ca1       1.0  0.1661489999999999  0.16614899999999994  0.3734140000000001  1.0000
  Ca  Ca2       1.0  0.6623730000000004  0.6623729999999997  0.315747  1.0000
  Ca  Ca3       1.0  0.48675600000000013  0.48675599999999974  0.8493970000000001  1.0000
  Ca  Ca4       1.0  0.039571000000000106  0.039571  0.790629  1.0000
  Ca  Ca5       1.0  0.24994399999999986  0.24994400000000003  0.503584  1.0000
  Ca  Ca6       1.0  0.01760899999999998  0.01760899999999999  0.14514300000000002  1.0000
  Ca  Ca7       1.0  0.472487  0.47248700000000005  0.212833  1.0000
  Ca  Ca8       1.0  0.8348649999999995  0.8348650000000001  0.6792090000000001  1.0000
  Ca  Ca9       1.0  0.32605199999999984  0.32605200000000006  0.636029  1.0000
  W   W1        1.0  0.644776  0.141825  0.798124  1.0000
  W   W2        1.0  0.1418250000000002  0.6447759999999998  0.798124  1.0000
  W   W3        1.0  0.558772  0.062969  0.08339  1.0000
  W   W4        1.0  0.06296900000000022  0.5587719999999998  0.08339  1.0000
  W   W5        1.0  0.3605680000000001  0.853908  0.573504  1.0000
  W   W6        1.0  0.853908  0.36056799999999983  0.573504  1.0000
  W   W7        1.0  0.571142  0.065798  0.28899  1.0000
  W   W8        1.0  0.06579799999999993  0.571142  0.28899  1.0000
  W   W9        1.0  0.748268  0.251934  0.99926  1.0000
  W   W10       1.0  0.2519340000000001  0.7482679999999999  0.99926  1.0000
  W   W11       1.0  0.9276880000000001  0.4359039999999999  0.7114800000000001  1.0000
  W   W12       1.0  0.4359040000000001  0.9276879999999996  0.7114800000000001  1.0000
  W   W13       1.0  0.13882900000000006  0.647601  0.425607  1.0000
  W   W14       1.0  0.6476009999999998  0.13882900000000004  0.425607  1.0000
  W   W15       1.0  0.43889  0.9417979999999999  0.91705  1.0000
  W   W16       1.0  0.941798  0.43889  0.91705  1.0000
  W   W17       1.0  0.358908  0.854653  0.203541  1.0000
  W   W18       1.0  0.8546529999999999  0.358908  0.203541  1.0000
  W   W19       1.0  0.7478890000000001  0.250288  0.501224  1.0000
  W   W20       1.0  0.2502880000000001  0.7478889999999998  0.501224  1.0000
  O   O1        1.0  0.973099025883856  0.1550291492310461  0.3722510477722795  1.0000
  O   O2        1.0  0.1245640000000001  0.7377069999999998  0.658032  1.0000
  O   O3        1.0  0.8999889999999999  0.505601  0.155141  1.0000
  O   O4        1.0  0.5056009999999999  0.899989  0.155141  1.0000
  O   O5        1.0  0.39094199999999985  0.390942  0.7762260000000001  1.0000
  O   O6        1.0  0.9016750000000004  0.9016749999999996  0.818092  1.0000
  O   O7        1.0  0.551584  0.15304199999999998  0.936418  1.0000
  O   O8        1.0  0.15304199999999998  0.551584  0.936418  1.0000
  O   O9        1.0  0.8880784630204035  0.1661372679651916  0.5741134079374078  1.0000
  O   O10       1.0  0.38828900000000033  0.7986519999999998  0.470656  1.0000
  O   O11       1.0  0.8315510000000002  0.831551  0.05460200000000001  1.0000
  O   O12       1.0  0.2818290000000002  0.2818289999999999  0.122654  1.0000
  O   O13       1.0  0.2762340000000003  0.7206199999999998  0.733145  1.0000
  O   O14       1.0  0.7206200000000004  0.27623399999999976  0.733145  1.0000
  O   O15       1.0  0.5578040000000003  0.9852369999999998  0.231083  1.0000
  O   O16       1.0  0.9852370000000003  0.5578039999999997  0.231083  1.0000
  O   O17       1.0  0.6235980000000001  0.6235979999999998  0.5725850000000001  1.0000
  O   O18       1.0  0.08805799999999994  0.08805799999999997  0.571738  1.0000
  O   O19       1.0  0.610391  0.225215  0.007049000000000001  1.0000
  O   O20       1.0  0.22521499999999994  0.610391  0.007049000000000001  1.0000
  O   O21       1.0  0.023990000000000095  0.41139099999999984  0.42592500000000005  1.0000
  O   O22       1.0  0.41139099999999995  0.023989999999999994  0.42592500000000005  1.0000
  O   O23       1.0  0.33185100000000006  0.331851  0.24988200000000002  1.0000
  O   O24       1.0  0.8027220000000003  0.8027219999999998  0.325594  1.0000
  O   O25       1.0  0.955224  0.326794  0.645076  1.0000
  O   O26       1.0  0.32679400000000025  0.9552239999999996  0.645076  1.0000
  O   O27       1.0  0.11949300000000007  0.730805  0.159417  1.0000
  O   O28       1.0  0.730805  0.11949299999999996  0.159417  1.0000
  O   O29       1.0  0.5008180000000002  0.500818  0.039283  1.0000
  O   O30       1.0  0.9957569999999999  0.995757  0.966513  1.0000
  O   O31       1.0  0.37233400000000033  0.7654109999999996  0.843362  1.0000
  O   O32       1.0  0.765411  0.372334  0.843362  1.0000
  O   O33       1.0  0.547814  0.171097  0.351155  1.0000
  O   O34       1.0  0.17109700000000014  0.5478139999999999  0.351155  1.0000
  O   O35       1.0  0.7003299999999999  0.7003300000000001  0.674775  1.0000
  O   O36       1.0  0.16443300000000002  0.16443299999999997  0.75117  1.0000
  O   O37       1.0  0.10354600000000015  0.47122899999999984  0.571002  1.0000
  O   O38       1.0  0.4712290000000002  0.10354599999999989  0.571002  1.0000
  O   O39       1.0  0.884904  0.28170799999999996  0.989214  1.0000
  O   O40       1.0  0.281708  0.884904  0.989214  1.0000
  O   O41       1.0  0.8750440000000004  0.8750439999999998  0.426551  1.0000
  O   O42       1.0  0.4179940000000001  0.41799399999999975  0.41308700000000004  1.0000
  O   O43       1.0  0.514261  0.9480959999999997  0.772286  1.0000
  O   O44       1.0  0.9480959999999998  0.514261  0.772286  1.0000
  O   O45       1.0  0.21961800000000017  0.7863289999999997  0.261321  1.0000
  O   O46       1.0  0.786329  0.219618  0.261321  1.0000
  O   O47       1.0  0.6693799999999998  0.66938  0.943958  1.0000
  O   O48       1.0  0.21575199999999992  0.21575199999999983  0.8793110000000002  1.0000
  O   O49       1.0  0.11013000000000003  0.705709  0.525883  1.0000
  O   O50       1.0  0.5991919635881924  0.3442686312177728  0.43029402306791137  1.0000
  O   O51       1.0  0.9448690000000001  0.35335099999999997  0.05877000000000001  1.0000
  O   O52       1.0  0.353351  0.9448689999999997  0.05877000000000001  1.0000
  O   O53       1.0  0.11222500000000005  0.11222500000000002  0.219763  1.0000
  O   O54       1.0  0.592601  0.592601  0.186382  1.0000
  O   O55       1.0  0.5868049999999999  0.0012559999999999807  0.851856  1.0000
  O   O56       1.0  0.0012560000000000735  0.5868049999999999  0.851856  1.0000
  O   O57       1.0  0.37039800000000006  0.757853  0.348074  1.0000
  O   O58       1.0  0.5247555528391857  0.34575130920691854  0.6260603065673231  1.0000
  O   O59       1.0  0.8251175838498819  0.9987031430742819  0.5687231883966444  1.0000
  O   O60       1.0  0.6780275985714027  0.4992923768739545  0.4296562859880224  1.0000
"
"# generated using pymatgen
data_NaZrP2O9
_symmetry_space_group_name_H-M   'P 1'
_cell_length_a   5.52616200
_cell_length_b   9.16838700
_cell_length_c   15.72032651
_cell_angle_alpha   85.91630481
_cell_angle_beta   90.00000000
_cell_angle_gamma   90.00000000
_symmetry_Int_Tables_number   1
_chemical_formula_structural   NaZrP2O9
_chemical_formula_sum   'Na4 Zr4 P8 O36'
_cell_volume   794.46372778
_cell_formula_units_Z   4
loop_
 _symmetry_equiv_pos_site_id
 _symmetry_equiv_pos_as_xyz
  1  'x, y, z'
loop_
 _atom_site_type_symbol
 _atom_site_label
 _atom_site_symmetry_multiplicity
 _atom_site_fract_x
 _atom_site_fract_y
 _atom_site_fract_z
 _atom_site_occupancy
  Na  Na0  1  0.29976800  0.59529500  0.83493100  1
  Na  Na1  1  0.79976800  0.40470500  0.66506900  1
  Na  Na2  1  0.70023200  0.40470500  0.16506900  1
  Na  Na3  1  0.20023200  0.59529500  0.33493100  1
  Zr  Zr4  1  0.74867000  0.75050500  0.48031100  1
  Zr  Zr5  1  0.24867000  0.24949500  0.01968900  1
  Zr  Zr6  1  0.25133000  0.24949500  0.51968900  1
  Zr  Zr7  1  0.75133000  0.75050500  0.98031100  1
  P  P8  1  0.74614400  0.06353400  0.60459000  1
  P  P9  1  0.24614400  0.93646600  0.89541000  1
  P  P10  1  0.25385600  0.93646600  0.39541000  1
  P  P11  1  0.75385600  0.06353400  0.10459000  1
  P  P12  1  0.24639600  0.59844800  0.60346200  1
  P  P13  1  0.74639600  0.40155200  0.89653800  1
  P  P14  1  0.75360400  0.40155200  0.39653800  1
  P  P15  1  0.25360400  0.59844800  0.10346200  1
  O  O16  1  0.75193500  0.95243100  0.53781200  1
  O  O17  1  0.25193500  0.04756900  0.96218800  1
  O  O18  1  0.24806500  0.04756900  0.46218800  1
  O  O19  1  0.74806500  0.95243100  0.03781200  1
  O  O20  1  0.96104200  0.16840700  0.60318000  1
  O  O21  1  0.46104200  0.83159300  0.89682000  1
  O  O22  1  0.03895800  0.83159300  0.39682000  1
  O  O23  1  0.53895800  0.16840700  0.10318000  1
  O  O24  1  0.50921000  0.14817900  0.60878200  1
  O  O25  1  0.00921000  0.85182100  0.89121800  1
  O  O26  1  0.49079000  0.85182100  0.39121800  1
  O  O27  1  0.99079000  0.14817900  0.10878200  1
  O  O28  1  0.00832200  0.66564300  0.56346700  1
  O  O29  1  0.50832200  0.33435700  0.93653300  1
  O  O30  1  0.99167800  0.33435700  0.43653300  1
  O  O31  1  0.49167800  0.66564300  0.06346700  1
  O  O32  1  0.77550900  0.57019300  0.40810400  1
  O  O33  1  0.27550900  0.42980700  0.09189600  1
  O  O34  1  0.22449100  0.42980700  0.59189600  1
  O  O35  1  0.72449100  0.57019300  0.90810400  1
  O  O36  1  0.46318300  0.65598600  0.54634600  1
  O  O37  1  0.96318300  0.34401400  0.95365400  1
  O  O38  1  0.53681700  0.34401400  0.45365400  1
  O  O39  1  0.03681700  0.65598600  0.04634600  1
  O  O40  1  0.77986800  0.97058900  0.70148100  1
  O  O41  1  0.27986800  0.02941100  0.79851900  1
  O  O42  1  0.22013200  0.02941100  0.29851900  1
  O  O43  1  0.72013200  0.97058900  0.20148100  1
  O  O44  1  0.77586500  0.37461600  0.80464700  1
  O  O45  1  0.27586500  0.62538400  0.69535300  1
  O  O46  1  0.22413500  0.62538400  0.19535300  1
  O  O47  1  0.72413500  0.37461600  0.30464700  1
  O  O48  1  0.70987300  0.82963900  0.70130000  1
  O  O49  1  0.20987300  0.17036100  0.79870000  1
  O  O50  1  0.29012700  0.17036100  0.29870000  1
  O  O51  1  0.79012700  0.82963900  0.20130000  1
",Rotate all surrounding atoms within 1.6278282066325782 angstrom of the center atom at index 51 by 88.94695475264996 degree around the axis [1. 0. 0.] in the cif file. The rotation should following the right-hand rule.,,"data_image0
_chemical_formula_structural       Na4Zr4P8O36
_chemical_formula_sum              ""Na4 Zr4 P8 O36""
_cell_length_a       5.526162
_cell_length_b       9.168387
_cell_length_c       15.72032651
_cell_angle_alpha    85.91630481
_cell_angle_beta     90.0
_cell_angle_gamma    90.0

_space_group_name_H-M_alt    ""P 1""
_space_group_IT_number       1

loop_
  _space_group_symop_operation_xyz
  'x, y, z'

loop_
  _atom_site_type_symbol
  _atom_site_label
  _atom_site_symmetry_multiplicity
  _atom_site_fract_x
  _atom_site_fract_y
  _atom_site_fract_z
  _atom_site_occupancy
  Na  Na1       1.0  0.299768  0.595295  0.8349310000000002  1.0000
  Na  Na2       1.0  0.799768  0.404705  0.6650690000000002  1.0000
  Na  Na3       1.0  0.700232  0.404705  0.165069  1.0000
  Na  Na4       1.0  0.20023199999999997  0.595295  0.334931  1.0000
  Zr  Zr1       1.0  0.74867  0.7505049999999999  0.4803110000000001  1.0000
  Zr  Zr2       1.0  0.24867  0.249495  0.01968900000000001  1.0000
  Zr  Zr3       1.0  0.25133  0.249495  0.5196890000000002  1.0000
  Zr  Zr4       1.0  0.7513299999999999  0.7505049999999999  0.9803110000000003  1.0000
  P   P1        1.0  0.7461440000000001  0.06353399999999995  0.6045900000000002  1.0000
  P   P2        1.0  0.24614399999999997  0.936466  0.8954100000000003  1.0000
  P   P3        1.0  0.253856  0.936466  0.39541  1.0000
  P   P4        1.0  0.753856  0.063534  0.10459000000000003  1.0000
  P   P5        1.0  0.246396  0.598448  0.6034620000000003  1.0000
  P   P6        1.0  0.7463959999999998  0.4015519999999999  0.8965380000000002  1.0000
  P   P7        1.0  0.753604  0.4015519999999999  0.396538  1.0000
  P   P8        1.0  0.253604  0.598448  0.10346200000000003  1.0000
  O   O1        1.0  0.7519350000000001  0.9524309999999999  0.5378120000000002  1.0000
  O   O2        1.0  0.251935  0.04756899999999997  0.9621880000000003  1.0000
  O   O3        1.0  0.24806499999999998  0.047569  0.462188  1.0000
  O   O4        1.0  0.748065  0.9524309999999999  0.037812  1.0000
  O   O5        1.0  0.961042  0.168407  0.60318  1.0000
  O   O6        1.0  0.46104199999999995  0.8315929999999999  0.89682  1.0000
  O   O7        1.0  0.038958  0.831593  0.39682  1.0000
  O   O8        1.0  0.538958  0.168407  0.10318000000000002  1.0000
  O   O9        1.0  0.50921  0.14817899999999998  0.608782  1.0000
  O   O10       1.0  0.00921  0.8518210000000002  0.8912180000000002  1.0000
  O   O11       1.0  0.49079  0.851821  0.391218  1.0000
  O   O12       1.0  0.99079  0.148179  0.10878200000000003  1.0000
  O   O13       1.0  0.008322  0.665643  0.563467  1.0000
  O   O14       1.0  0.508322  0.334357  0.936533  1.0000
  O   O15       1.0  0.9916780000000001  0.334357  0.4365330000000001  1.0000
  O   O16       1.0  0.491678  0.665643  0.063467  1.0000
  O   O17       1.0  0.7755090000000001  0.570193  0.40810400000000013  1.0000
  O   O18       1.0  0.275509  0.42980699999999994  0.091896  1.0000
  O   O19       1.0  0.224491  0.4298069999999999  0.5918960000000002  1.0000
  O   O20       1.0  0.724491  0.570193  0.9081040000000002  1.0000
  O   O21       1.0  0.463183  0.655986  0.5463460000000002  1.0000
  O   O22       1.0  0.9631829999999999  0.34401400000000004  0.9536540000000002  1.0000
  O   O23       1.0  0.536817  0.34401399999999993  0.4536540000000001  1.0000
  O   O24       1.0  0.036817  0.655986  0.04634600000000001  1.0000
  O   O25       1.0  0.779868  0.9705889999999998  0.7014810000000002  1.0000
  O   O26       1.0  0.279868  0.029410999999999975  0.7985190000000002  1.0000
  O   O27       1.0  0.22013200000000002  0.029410999999999982  0.2985190000000001  1.0000
  O   O28       1.0  0.720132  0.8218568988282356  0.2837162326345928  1.0000
  O   O29       1.0  0.775865  0.37461600000000006  0.804647  1.0000
  O   O30       1.0  0.275865  0.625384  0.695353  1.0000
  O   O31       1.0  0.224135  0.625384  0.19535300000000005  1.0000
  O   O32       1.0  0.724135  0.374616  0.304647  1.0000
  O   O33       1.0  0.709873  0.829639  0.7013000000000003  1.0000
  O   O34       1.0  0.209873  0.17036099999999996  0.7987000000000002  1.0000
  O   O35       1.0  0.290127  0.17036099999999996  0.29870000000000013  1.0000
  O   O36       1.0  0.7901270000000001  0.829639  0.20130000000000006  1.0000
"
"# generated using pymatgen
data_NiC4Br3N
_symmetry_space_group_name_H-M   'P 1'
_cell_length_a   6.51950700
_cell_length_b   9.33227000
_cell_length_c   9.51895474
_cell_angle_alpha   62.82911324
_cell_angle_beta   90.00000000
_cell_angle_gamma   90.00000000
_symmetry_Int_Tables_number   1
_chemical_formula_structural   NiC4Br3N
_chemical_formula_sum   'Ni2 C8 Br6 N2'
_cell_volume   515.24024004
_cell_formula_units_Z   2
loop_
 _symmetry_equiv_pos_site_id
 _symmetry_equiv_pos_as_xyz
  1  'x, y, z'
loop_
 _atom_site_type_symbol
 _atom_site_label
 _atom_site_symmetry_multiplicity
 _atom_site_fract_x
 _atom_site_fract_y
 _atom_site_fract_z
 _atom_site_occupancy
  Ni  Ni0  1  0.50701100  0.99801800  0.00166900  1
  Ni  Ni1  1  0.00701100  0.00198200  0.99833100  1
  C  C2  1  0.40584600  0.73218200  0.54429700  1
  C  C3  1  0.90584600  0.26781800  0.45570300  1
  C  C4  1  0.96334000  0.64999900  0.68441500  1
  C  C5  1  0.89696000  0.77461600  0.69862900  1
  C  C6  1  0.97422500  0.50117700  0.70875600  1
  C  C7  1  0.46334000  0.35000100  0.31558500  1
  C  C8  1  0.39696000  0.22538400  0.30137100  1
  C  C9  1  0.47422500  0.49882300  0.29124400  1
  Br  Br10  1  0.25994000  0.19994700  0.92331300  1
  Br  Br11  1  0.29203400  0.83324900  0.35194900  1
  Br  Br12  1  0.25598900  0.85548500  0.94335000  1
  Br  Br13  1  0.75994000  0.80005300  0.07668700  1
  Br  Br14  1  0.79203400  0.16675100  0.64805100  1
  Br  Br15  1  0.75598900  0.14451500  0.05665000  1
  N  N16  1  0.47765500  0.66590300  0.67087100  1
  N  N17  1  0.97765500  0.33409700  0.32912900  1
",Rotate all surrounding atoms within 2.6085783104560663 angstrom of the center atom at index 14 by 123.20104733546572 degree around the axis [-1.  0.  0.] in the cif file. The rotation should following the right-hand rule.,,"data_image0
_chemical_formula_structural       Ni2C8Br6N2
_chemical_formula_sum              ""Ni2 C8 Br6 N2""
_cell_length_a       6.519507
_cell_length_b       9.33227
_cell_length_c       9.51895474
_cell_angle_alpha    62.829113240000005
_cell_angle_beta     90.0
_cell_angle_gamma    90.0

_space_group_name_H-M_alt    ""P 1""
_space_group_IT_number       1

loop_
  _space_group_symop_operation_xyz
  'x, y, z'

loop_
  _atom_site_type_symbol
  _atom_site_label
  _atom_site_symmetry_multiplicity
  _atom_site_fract_x
  _atom_site_fract_y
  _atom_site_fract_z
  _atom_site_occupancy
  Ni  Ni1       1.0  0.507011  0.9980179999999998  0.001669  1.0000
  Ni  Ni2       1.0  0.007010999999999999  0.001981999999999992  0.998331  1.0000
  C   C1        1.0  0.4058459999999999  0.732182  0.544297  1.0000
  C   C2        1.0  0.905846  0.9702858355175782  0.7427955488414698  1.0000
  C   C3        1.0  0.9633399999999998  0.649999  0.684415  1.0000
  C   C4        1.0  0.8969599999999999  0.774616  0.698629  1.0000
  C   C5        1.0  0.9742249999999998  0.501177  0.708756  1.0000
  C   C6        1.0  0.46334  0.350001  0.315585  1.0000
  C   C7        1.0  0.39696  0.22538399999999997  0.301371  1.0000
  C   C8        1.0  0.474225  0.49882299999999996  0.291244  1.0000
  Br  Br1       1.0  0.25994  0.19994699999999996  0.923313  1.0000
  Br  Br2       1.0  0.292034  0.8332489999999998  0.351949  1.0000
  Br  Br3       1.0  0.25598899999999997  0.855485  0.94335  1.0000
  Br  Br4       1.0  0.75994  0.800053  0.076687  1.0000
  Br  Br5       1.0  0.7920339999999998  0.166751  0.648051  1.0000
  Br  Br6       1.0  0.755989  0.144515  0.05665  1.0000
  N   N1        1.0  0.477655  0.6659029999999998  0.670871  1.0000
  N   N2        1.0  0.977655  0.3340969999999999  0.329129  1.0000
"
"# generated using pymatgen
data_Mg2Cu2CO11
_symmetry_space_group_name_H-M   'P 1'
_cell_length_a   7.68740461
_cell_length_b   7.68740461
_cell_length_c   7.15082042
_cell_angle_alpha   87.03133299
_cell_angle_beta   87.03133299
_cell_angle_gamma   91.66012142
_symmetry_Int_Tables_number   1
_chemical_formula_structural   Mg2Cu2CO11
_chemical_formula_sum   'Mg4 Cu4 C2 O22'
_cell_volume   421.24046803
_cell_formula_units_Z   2
loop_
 _symmetry_equiv_pos_site_id
 _symmetry_equiv_pos_as_xyz
  1  'x, y, z'
loop_
 _atom_site_type_symbol
 _atom_site_label
 _atom_site_symmetry_multiplicity
 _atom_site_fract_x
 _atom_site_fract_y
 _atom_site_fract_z
 _atom_site_occupancy
  Mg  Mg0  1  0.17971600  0.48296000  0.29237200  1
  Mg  Mg1  1  0.51704000  0.82028400  0.20762800  1
  Mg  Mg2  1  0.82028400  0.51704000  0.70762800  1
  Mg  Mg3  1  0.48296000  0.17971600  0.79237200  1
  Cu  Cu4  1  0.10130000  0.78830500  0.53869500  1
  Cu  Cu5  1  0.21169500  0.89870000  0.96130500  1
  Cu  Cu6  1  0.89870000  0.21169500  0.46130500  1
  Cu  Cu7  1  0.78830500  0.10130000  0.03869500  1
  C  C8  1  0.56796900  0.43203100  0.25000000  1
  C  C9  1  0.43203100  0.56796900  0.75000000  1
  O  O10  1  0.40448100  0.38409900  0.26762000  1
  O  O11  1  0.61590100  0.59551900  0.23238000  1
  O  O12  1  0.59551900  0.61590100  0.73238000  1
  O  O13  1  0.38409900  0.40448100  0.76762000  1
  O  O14  1  0.68481900  0.31518100  0.25000000  1
  O  O15  1  0.31518100  0.68481900  0.75000000  1
  O  O16  1  0.22261900  0.72181300  0.15814500  1
  O  O17  1  0.27818700  0.77738100  0.34185500  1
  O  O18  1  0.77738100  0.27818700  0.84185500  1
  O  O19  1  0.72181300  0.22261900  0.65814500  1
  O  O20  1  0.84608300  0.97742000  0.40750200  1
  O  O21  1  0.02258000  0.15391700  0.09249800  1
  O  O22  1  0.15391700  0.02258000  0.59249800  1
  O  O23  1  0.97742000  0.84608300  0.90750200  1
  O  O24  1  0.97238500  0.58411200  0.45129600  1
  O  O25  1  0.41588800  0.02761500  0.04870400  1
  O  O26  1  0.02761500  0.41588800  0.54870400  1
  O  O27  1  0.58411200  0.97238500  0.95129600  1
  O  O28  1  0.03740400  0.26235200  0.23442200  1
  O  O29  1  0.73764800  0.96259600  0.26557800  1
  O  O30  1  0.96259600  0.73764800  0.76557800  1
  O  O31  1  0.26235200  0.03740400  0.73442200  1
",Rotate all surrounding atoms within 3.4966224753032518 angstrom of the center atom at index 30 by 90.390712569079 degree around the axis [1. 0. 0.] in the cif file. The rotation should following the right-hand rule.,,"data_image0
_chemical_formula_structural       Mg4Cu4C2O22
_chemical_formula_sum              ""Mg4 Cu4 C2 O22""
_cell_length_a       7.68740461
_cell_length_b       7.68740461
_cell_length_c       7.15082042
_cell_angle_alpha    87.03133299
_cell_angle_beta     87.03133299
_cell_angle_gamma    91.66012142

_space_group_name_H-M_alt    ""P 1""
_space_group_IT_number       1

loop_
  _space_group_symop_operation_xyz
  'x, y, z'

loop_
  _atom_site_type_symbol
  _atom_site_label
  _atom_site_symmetry_multiplicity
  _atom_site_fract_x
  _atom_site_fract_y
  _atom_site_fract_z
  _atom_site_occupancy
  Mg  Mg1       1.0  0.17971599999999993  0.48296  0.29237199999999997  1.0000
  Mg  Mg2       1.0  0.51704  0.8202840000000002  0.207628  1.0000
  Mg  Mg3       1.0  0.8374131262053713  0.8048768751037838  0.5251607274695798  1.0000
  Mg  Mg4       1.0  0.48296  0.17971600000000004  0.792372  1.0000
  Cu  Cu1       1.0  0.0928111332841606  0.945742408928509  0.8095812320340182  1.0000
  Cu  Cu2       1.0  0.20209999670736797  0.5457873444904435  0.948247081827534  1.0000
  Cu  Cu3       1.0  0.8987  0.211695  0.461305  1.0000
  Cu  Cu4       1.0  0.7883049999999999  0.1013  0.03869499999999999  1.0000
  C   C1        1.0  0.5679689999999997  0.432031  0.25  1.0000
  C   C2        1.0  0.432031  0.567969  0.7499999999999998  1.0000
  O   O1        1.0  0.404481  0.3840990000000001  0.26762  1.0000
  O   O2        1.0  0.615901  0.595519  0.23237999999999995  1.0000
  O   O3        1.0  0.6049489711169044  0.7758823244646628  0.6328420847097103  1.0000
  O   O4        1.0  0.384099  0.4044810000000001  0.7676199999999997  1.0000
  O   O5        1.0  0.684819  0.315181  0.25  1.0000
  O   O6        1.0  0.319250655163756  0.7553300623826509  0.7079259519660818  1.0000
  O   O7        1.0  0.22261899999999998  0.721813  0.158145  1.0000
  O   O8        1.0  0.278187  0.777381  0.34185499999999996  1.0000
  O   O9        1.0  0.777381  0.2781870000000001  0.841855  1.0000
  O   O10       1.0  0.7218129999999999  0.222619  0.658145  1.0000
  O   O11       1.0  0.8194797757504305  0.05643720325135204  0.0072418211643914265  1.0000
  O   O12       1.0  0.02258  0.153917  0.09249799999999997  1.0000
  O   O13       1.0  0.20971839125249284  0.9418274898191725  0.9869894258468067  1.0000
  O   O14       1.0  0.9711521338762402  0.5990306006616476  0.8890406567731997  1.0000
  O   O15       1.0  0.979110382756072  0.0393884310318362  0.5854783156584714  1.0000
  O   O16       1.0  0.415888  0.027615  0.048704  1.0000
  O   O17       1.0  0.05008778424685127  0.9588762620386885  0.40875293135272683  1.0000
  O   O18       1.0  0.584112  0.972385  0.9512959999999998  1.0000
  O   O19       1.0  0.03740400000000001  0.262352  0.23442199999999994  1.0000
  O   O20       1.0  0.737648  0.962596  0.265578  1.0000
  O   O21       1.0  0.962596  0.737648  0.765578  1.0000
  O   O22       1.0  0.3196203499039357  0.8088528107135573  0.00958225774880032  1.0000
"
"# generated using pymatgen
data_Nb3(Cl3O4)2
_symmetry_space_group_name_H-M   'P 1'
_cell_length_a   11.25776800
_cell_length_b   11.76131351
_cell_length_c   11.98827124
_cell_angle_alpha   88.35138782
_cell_angle_beta   115.84641859
_cell_angle_gamma   116.57636258
_symmetry_Int_Tables_number   1
_chemical_formula_structural   Nb3(Cl3O4)2
_chemical_formula_sum   'Nb6 Cl12 O16'
_cell_volume   1250.03461939
_cell_formula_units_Z   2
loop_
 _symmetry_equiv_pos_site_id
 _symmetry_equiv_pos_as_xyz
  1  'x, y, z'
loop_
 _atom_site_type_symbol
 _atom_site_label
 _atom_site_symmetry_multiplicity
 _atom_site_fract_x
 _atom_site_fract_y
 _atom_site_fract_z
 _atom_site_occupancy
  Nb  Nb0  1  0.99753300  0.86212800  0.13529100  1
  Nb  Nb1  1  0.28701700  0.12102600  0.11811500  1
  Nb  Nb2  1  0.00436400  0.13095600  0.13026000  1
  Nb  Nb3  1  0.71041500  0.87690100  0.87932000  1
  Nb  Nb4  1  0.99524800  0.87058400  0.87110200  1
  Nb  Nb5  1  0.00119000  0.14012800  0.86690000  1
  Cl  Cl6  1  0.44350100  0.05152200  0.47159300  1
  Cl  Cl7  1  0.44719300  0.42560800  0.42641800  1
  Cl  Cl8  1  0.07436300  0.04221500  0.46866400  1
  Cl  Cl9  1  0.56175900  0.53851800  0.95590700  1
  Cl  Cl10  1  0.55461200  0.56963300  0.57534700  1
  Cl  Cl11  1  0.91029500  0.51581400  0.94566800  1
  Cl  Cl12  1  0.55758700  0.95380800  0.53359300  1
  Cl  Cl13  1  0.56135500  0.92573300  0.93349000  1
  Cl  Cl14  1  0.08095300  0.48208500  0.04925100  1
  Cl  Cl15  1  0.44187500  0.46775100  0.04775800  1
  Cl  Cl16  1  0.43166800  0.06675300  0.06127300  1
  Cl  Cl17  1  0.92627400  0.95764100  0.53312800  1
  O  O18  1  0.99703500  0.75589800  0.23865300  1
  O  O19  1  0.44265400  0.24491800  0.24270600  1
  O  O20  1  0.00997600  0.23528500  0.23382900  1
  O  O21  1  0.55971100  0.75278100  0.75262000  1
  O  O22  1  0.99013700  0.76648300  0.76772000  1
  O  O23  1  0.00099400  0.24655500  0.76369800  1
  O  O24  1  0.51102700  0.25257600  0.74218000  1
  O  O25  1  0.50297400  0.74055000  0.24964400  1
  O  O26  1  0.15740600  0.05700300  0.21413400  1
  O  O27  1  0.84013900  0.78262600  0.94347700  1
  O  O28  1  0.86510400  0.10960100  0.94532200  1
  O  O29  1  0.13564600  0.06013200  0.89233400  1
  O  O30  1  0.84299800  0.94483900  0.78661100  1
  O  O31  1  0.15937100  0.21879800  0.05785700  1
  O  O32  1  0.13341600  0.89120400  0.05601200  1
  O  O33  1  0.86421300  0.94194800  0.11012600  1
",Rotate all surrounding atoms within 3.5951462578606006 angstrom of the center atom at index 33 by 282.92824186454243 degree around the axis [1. 0. 0.] in the cif file. The rotation should following the right-hand rule.,,"data_image0
_chemical_formula_structural       Nb6Cl12O16
_chemical_formula_sum              ""Nb6 Cl12 O16""
_cell_length_a       11.257768
_cell_length_b       11.76131351
_cell_length_c       11.98827124
_cell_angle_alpha    88.35138782
_cell_angle_beta     115.84641859
_cell_angle_gamma    116.57636258

_space_group_name_H-M_alt    ""P 1""
_space_group_IT_number       1

loop_
  _space_group_symop_operation_xyz
  'x, y, z'

loop_
  _atom_site_type_symbol
  _atom_site_label
  _atom_site_symmetry_multiplicity
  _atom_site_fract_x
  _atom_site_fract_y
  _atom_site_fract_z
  _atom_site_occupancy
  Nb  Nb1       1.0  0.07551271009819027  0.9662280755756771  0.19845360120032074  1.0000
  Nb  Nb2       1.0  0.287017  0.121026  0.118115  1.0000
  Nb  Nb3       1.0  0.7465519239650745  0.9479677722507881  0.9063850471527121  1.0000
  Nb  Nb4       1.0  0.9332237834653634  0.7267047091361498  0.5036799775842457  1.0000
  Nb  Nb5       1.0  0.9952479999999998  0.870584  0.871102  1.0000
  Nb  Nb6       1.0  0.0011899999999998923  0.14012799999999997  0.8668999999999999  1.0000
  Cl  Cl1       1.0  0.44350099999999987  0.05152199999999999  0.4715929999999999  1.0000
  Cl  Cl2       1.0  0.447193  0.425608  0.4264179999999999  1.0000
  Cl  Cl3       1.0  0.07436299999999998  0.042215  0.468664  1.0000
  Cl  Cl4       1.0  0.5617589999999999  0.538518  0.955907  1.0000
  Cl  Cl5       1.0  0.554612  0.569633  0.575347  1.0000
  Cl  Cl6       1.0  0.910295  0.515814  0.945668  1.0000
  Cl  Cl7       1.0  0.557587  0.9538080000000001  0.5335929999999999  1.0000
  Cl  Cl8       1.0  0.7512556537576425  0.7829291242507446  0.47952276430833496  1.0000
  Cl  Cl9       1.0  0.08095300000000001  0.482085  0.04925099999999999  1.0000
  Cl  Cl10      1.0  0.441875  0.467751  0.04775799999999999  1.0000
  Cl  Cl11      1.0  0.4316679999999999  0.066753  0.06127299999999999  1.0000
  Cl  Cl12      1.0  0.9262739999999999  0.957641  0.5331279999999999  1.0000
  O   O1        1.0  0.19365849553649062  0.06993203639829138  0.34601678292380417  1.0000
  O   O2        1.0  0.44265399999999994  0.244918  0.242706  1.0000
  O   O3        1.0  0.6792684249525185  0.055661428024766924  0.8495485442476778  1.0000
  O   O4        1.0  0.559711  0.752781  0.75262  1.0000
  O   O5        1.0  0.9901369999999998  0.7664829999999999  0.76772  1.0000
  O   O6        1.0  0.0009939999999998904  0.246555  0.7636979999999998  1.0000
  O   O7        1.0  0.511027  0.252576  0.74218  1.0000
  O   O8        1.0  0.502974  0.74055  0.249644  1.0000
  O   O9        1.0  0.9847240185061609  0.032339037663100534  0.014231336219797441  1.0000
  O   O10       1.0  0.16237422580401106  0.7905654814344143  0.6227935879966752  1.0000
  O   O11       1.0  0.8001033471588892  0.7803740986200882  0.2772077712875116  1.0000
  O   O12       1.0  0.135646  0.06013199999999999  0.892334  1.0000
  O   O13       1.0  0.8429979999999999  0.944839  0.7866109999999998  1.0000
  O   O14       1.0  0.15937099999999998  0.21879800000000002  0.05785699999999999  1.0000
  O   O15       1.0  0.13341600000000012  0.8912040000000001  0.05601199999999999  1.0000
  O   O16       1.0  0.8642130000000001  0.9419480000000001  0.110126  1.0000
"
"# generated using pymatgen
data_Li4P4O17
_symmetry_space_group_name_H-M   'P 1'
_cell_length_a   12.18420028
_cell_length_b   12.18420028
_cell_length_c   13.97197301
_cell_angle_alpha   62.24580504
_cell_angle_beta   117.75419496
_cell_angle_gamma   95.69538428
_symmetry_Int_Tables_number   1
_chemical_formula_structural   Li4P4O17
_chemical_formula_sum   'Li16 P16 O68'
_cell_volume   1605.97460990
_cell_formula_units_Z   4
loop_
 _symmetry_equiv_pos_site_id
 _symmetry_equiv_pos_as_xyz
  1  'x, y, z'
loop_
 _atom_site_type_symbol
 _atom_site_label
 _atom_site_symmetry_multiplicity
 _atom_site_fract_x
 _atom_site_fract_y
 _atom_site_fract_z
 _atom_site_occupancy
  Li  Li0  1  0.81546858  0.42629875  0.61870787  1
  Li  Li1  1  0.42629875  0.81546858  0.88129213  1
  Li  Li2  1  0.18453142  0.57370125  0.38129213  1
  Li  Li3  1  0.57370125  0.18453142  0.11870787  1
  Li  Li4  1  0.19930276  0.55214583  0.81582122  1
  Li  Li5  1  0.55214583  0.19930276  0.68417878  1
  Li  Li6  1  0.80069724  0.44785417  0.18417878  1
  Li  Li7  1  0.44785417  0.80069724  0.31582122  1
  Li  Li8  1  0.67300430  0.68016113  0.97987159  1
  Li  Li9  1  0.68016113  0.67300430  0.52012841  1
  Li  Li10  1  0.32699570  0.31983887  0.02012841  1
  Li  Li11  1  0.31983887  0.32699570  0.47987159  1
  Li  Li12  1  0.18909264  0.60237008  0.58158939  1
  Li  Li13  1  0.60237008  0.18909264  0.91841061  1
  Li  Li14  1  0.81090736  0.39762992  0.41841061  1
  Li  Li15  1  0.39762992  0.81090736  0.08158939  1
  P  P16  1  0.89196051  0.68572704  0.22394990  1
  P  P17  1  0.68572704  0.89196051  0.27605010  1
  P  P18  1  0.10803949  0.31427296  0.77605010  1
  P  P19  1  0.31427296  0.10803949  0.72394990  1
  P  P20  1  0.88703429  0.67482292  0.44016627  1
  P  P21  1  0.67482292  0.88703429  0.05983373  1
  P  P22  1  0.11296571  0.32517708  0.55983373  1
  P  P23  1  0.32517708  0.11296571  0.94016627  1
  P  P24  1  0.63507211  0.42897419  0.72676504  1
  P  P25  1  0.42897419  0.63507211  0.77323496  1
  P  P26  1  0.36492789  0.57102581  0.27323496  1
  P  P27  1  0.57102581  0.36492789  0.22676504  1
  P  P28  1  0.64205116  0.42712862  0.93966834  1
  P  P29  1  0.42712862  0.64205116  0.56033166  1
  P  P30  1  0.35794884  0.57287138  0.06033166  1
  P  P31  1  0.57287138  0.35794884  0.43966834  1
  O  O32  1  0.15167720  0.02219791  0.17966338  1
  O  O33  1  0.02219791  0.15167720  0.32033662  1
  O  O34  1  0.84832280  0.97780209  0.82033662  1
  O  O35  1  0.97780209  0.84832280  0.67966338  1
  O  O36  1  0.76737384  0.80087752  0.86024243  1
  O  O37  1  0.80087752  0.76737384  0.63975757  1
  O  O38  1  0.23262616  0.19912248  0.13975757  1
  O  O39  1  0.19912248  0.23262616  0.36024243  1
  O  O40  1  0.77847265  0.06137680  0.56179398  1
  O  O41  1  0.06137680  0.77847265  0.93820602  1
  O  O42  1  0.22152735  0.93862320  0.43820602  1
  O  O43  1  0.93862320  0.22152735  0.06179398  1
  O  O44  1  0.86574203  0.05518964  0.54317790  1
  O  O45  1  0.05518964  0.86574203  0.95682210  1
  O  O46  1  0.13425797  0.94481036  0.45682210  1
  O  O47  1  0.94481036  0.13425797  0.04317790  1
  O  O48  1  0.90296687  0.78718343  0.62873196  1
  O  O49  1  0.78718343  0.90296687  0.87126804  1
  O  O50  1  0.09703313  0.21281657  0.37126804  1
  O  O51  1  0.21281657  0.09703313  0.12873196  1
  O  O52  1  0.68599291  0.02911842  0.22925419  1
  O  O53  1  0.02911842  0.68599291  0.27074581  1
  O  O54  1  0.31400709  0.97088158  0.77074581  1
  O  O55  1  0.97088158  0.31400709  0.72925419  1
  O  O56  1  0.82508440  0.61353506  0.15526156  1
  O  O57  1  0.61353506  0.82508440  0.34473844  1
  O  O58  1  0.17491560  0.38646494  0.84473844  1
  O  O59  1  0.38646494  0.17491560  0.65526156  1
  O  O60  1  0.85448693  0.63395375  0.33478107  1
  O  O61  1  0.63395375  0.85448693  0.16521893  1
  O  O62  1  0.14551307  0.36604625  0.66521893  1
  O  O63  1  0.36604625  0.14551307  0.83478107  1
  O  O64  1  0.82338234  0.83086521  0.13931943  1
  O  O65  1  0.83086521  0.82338234  0.36068057  1
  O  O66  1  0.17661766  0.16913479  0.86068057  1
  O  O67  1  0.16913479  0.17661766  0.63931943  1
  O  O68  1  0.81125815  0.60269414  0.50256231  1
  O  O69  1  0.60269414  0.81125815  0.99743769  1
  O  O70  1  0.18874185  0.39730586  0.49743769  1
  O  O71  1  0.39730586  0.18874185  0.00256231  1
  O  O72  1  0.02478580  0.66369467  0.51593852  1
  O  O73  1  0.66369467  0.02478580  0.98406148  1
  O  O74  1  0.97521420  0.33630533  0.48406148  1
  O  O75  1  0.33630533  0.97521420  0.01593852  1
  O  O76  1  0.70600534  0.48954286  0.65692623  1
  O  O77  1  0.48954286  0.70600534  0.84307377  1
  O  O78  1  0.29399466  0.51045714  0.34307377  1
  O  O79  1  0.51045714  0.29399466  0.15692623  1
  O  O80  1  0.62869801  0.29060017  0.77523266  1
  O  O81  1  0.29060017  0.62869801  0.72476734  1
  O  O82  1  0.37130199  0.70939983  0.22476734  1
  O  O83  1  0.70939983  0.37130199  0.27523266  1
  O  O84  1  0.49030460  0.49585789  0.64413845  1
  O  O85  1  0.49585789  0.49030460  0.85586155  1
  O  O86  1  0.50969540  0.50414211  0.35586155  1
  O  O87  1  0.50414211  0.50969540  0.14413845  1
  O  O88  1  0.64104321  0.28850973  0.00149724  1
  O  O89  1  0.28850973  0.64104321  0.49850276  1
  O  O90  1  0.35895679  0.71149027  0.99850276  1
  O  O91  1  0.71149027  0.35895679  0.50149724  1
  O  O92  1  0.28505363  0.50849249  0.98596028  1
  O  O93  1  0.50849249  0.28505363  0.51403972  1
  O  O94  1  0.71494637  0.49150751  0.01403972  1
  O  O95  1  0.49150751  0.71494637  0.48596028  1
  O  O96  1  0.46373746  0.68838194  0.66202875  1
  O  O97  1  0.68838194  0.46373746  0.83797125  1
  O  O98  1  0.53626254  0.31161806  0.33797125  1
  O  O99  1  0.31161806  0.53626254  0.16202875  1
",Rotate all surrounding atoms within 2.7223200256182394 angstrom of the center atom at index 68 by 142.97749997588966 degree around the axis [ 0. -1.  0.] in the cif file. The rotation should following the right-hand rule.,,"data_image0
_chemical_formula_structural       Li16P16O68
_chemical_formula_sum              ""Li16 P16 O68""
_cell_length_a       12.18420028
_cell_length_b       12.18420028
_cell_length_c       13.97197301
_cell_angle_alpha    62.24580504
_cell_angle_beta     117.75419495999999
_cell_angle_gamma    95.69538428

_space_group_name_H-M_alt    ""P 1""
_space_group_IT_number       1

loop_
  _space_group_symop_operation_xyz
  'x, y, z'

loop_
  _atom_site_type_symbol
  _atom_site_label
  _atom_site_symmetry_multiplicity
  _atom_site_fract_x
  _atom_site_fract_y
  _atom_site_fract_z
  _atom_site_occupancy
  Li  Li1       1.0  0.7108704941550665  0.540983981315198  0.382631673178249  1.0000
  Li  Li2       1.0  0.42629875000000006  0.8154685799999999  0.8812921300000001  1.0000
  Li  Li3       1.0  0.18453142000000006  0.57370125  0.38129213  1.0000
  Li  Li4       1.0  0.57370125  0.18453141999999997  0.11870787  1.0000
  Li  Li5       1.0  0.19930276  0.5521458299999997  0.81582122  1.0000
  Li  Li6       1.0  0.55214583  0.19930275999999997  0.68417878  1.0000
  Li  Li7       1.0  0.8006972400000001  0.4478541699999999  0.18417878000000001  1.0000
  Li  Li8       1.0  0.4478541700000001  0.80069724  0.31582122  1.0000
  Li  Li9       1.0  0.6730043  0.68016113  0.97987159  1.0000
  Li  Li10      1.0  0.8722196532636367  0.7366911351504886  0.38903092118193666  1.0000
  Li  Li11      1.0  0.3269957  0.31983887  0.02012841  1.0000
  Li  Li12      1.0  0.31983887  0.3269957  0.47987159  1.0000
  Li  Li13      1.0  0.1890926400000001  0.6023700799999999  0.5815893900000001  1.0000
  Li  Li14      1.0  0.60237008  0.18909263999999998  0.91841061  1.0000
  Li  Li15      1.0  0.81090736  0.39762991999999997  0.41841061  1.0000
  Li  Li16      1.0  0.3976299200000002  0.81090736  0.08158939  1.0000
  P   P1        1.0  0.89196051  0.68572704  0.22394990000000004  1.0000
  P   P2        1.0  0.6857270400000002  0.8919605099999999  0.2760501  1.0000
  P   P3        1.0  0.10803949000000006  0.31427296000000005  0.7760501  1.0000
  P   P4        1.0  0.3142729600000001  0.10803948999999992  0.7239499000000001  1.0000
  P   P5        1.0  0.825163021769087  0.5868918377769198  0.6211698328440549  1.0000
  P   P6        1.0  0.67482292  0.8870342899999998  0.05983373  1.0000
  P   P7        1.0  0.11296571  0.32517708  0.55983373  1.0000
  P   P8        1.0  0.32517708  0.11296570999999994  0.9401662700000001  1.0000
  P   P9        1.0  0.6350721100000001  0.42897418999999987  0.7267650400000002  1.0000
  P   P10       1.0  0.42897419000000003  0.63507211  0.7732349600000001  1.0000
  P   P11       1.0  0.36492789  0.5710258099999999  0.27323496  1.0000
  P   P12       1.0  0.57102581  0.36492789  0.22676504000000003  1.0000
  P   P13       1.0  0.6420511600000001  0.42712861999999996  0.93966834  1.0000
  P   P14       1.0  0.42712862000000007  0.6420511599999998  0.56033166  1.0000
  P   P15       1.0  0.35794884000000005  0.5728713799999999  0.06033166000000001  1.0000
  P   P16       1.0  0.5728713800000002  0.35794884  0.4396683400000001  1.0000
  O   O1        1.0  0.15167720000000004  0.022197909999999977  0.17966338000000004  1.0000
  O   O2        1.0  0.022197910000000053  0.15167719999999998  0.32033662000000007  1.0000
  O   O3        1.0  0.8483228000000003  0.97780209  0.8203366200000001  1.0000
  O   O4        1.0  0.97780209  0.8483228  0.6796633800000002  1.0000
  O   O5        1.0  0.7673738400000002  0.8008775199999999  0.86024243  1.0000
  O   O6        1.0  0.8008775200000002  0.76737384  0.6397575700000001  1.0000
  O   O7        1.0  0.23262616000000008  0.19912247999999994  0.13975757000000003  1.0000
  O   O8        1.0  0.19912248000000007  0.23262615999999994  0.36024243000000006  1.0000
  O   O9        1.0  0.7784726500000003  0.061376799999999926  0.5617939800000001  1.0000
  O   O10       1.0  0.06137680000000002  0.77847265  0.93820602  1.0000
  O   O11       1.0  0.22152735000000004  0.9386232  0.43820602  1.0000
  O   O12       1.0  0.9386232  0.22152735  0.061793980000000005  1.0000
  O   O13       1.0  0.8657420300000003  0.05518964  0.5431779  1.0000
  O   O14       1.0  0.05518964000000003  0.86574203  0.9568221  1.0000
  O   O15       1.0  0.13425797  0.9448103599999998  0.45682210000000006  1.0000
  O   O16       1.0  0.9448103600000001  0.13425797  0.0431779  1.0000
  O   O17       1.0  0.90296687  0.78718343  0.62873196  1.0000
  O   O18       1.0  0.7871834300000001  0.9029668699999998  0.87126804  1.0000
  O   O19       1.0  0.09703313000000005  0.21281656999999998  0.3712680400000001  1.0000
  O   O20       1.0  0.21281657  0.09703313  0.12873196  1.0000
  O   O21       1.0  0.6859929100000001  0.02911842  0.22925419  1.0000
  O   O22       1.0  0.029118419999999996  0.68599291  0.27074581  1.0000
  O   O23       1.0  0.31400709000000016  0.9708815799999999  0.7707458100000001  1.0000
  O   O24       1.0  0.97088158  0.3140070899999999  0.72925419  1.0000
  O   O25       1.0  0.8250844  0.6135350600000001  0.15526156  1.0000
  O   O26       1.0  0.6135350600000001  0.8250843999999996  0.34473844  1.0000
  O   O27       1.0  0.17491560000000014  0.38646494  0.8447384400000001  1.0000
  O   O28       1.0  0.38646494  0.1749156  0.65526156  1.0000
  O   O29       1.0  0.9004459266970916  0.4448433228807127  0.7240593572012394  1.0000
  O   O30       1.0  0.63395375  0.85448693  0.16521893000000004  1.0000
  O   O31       1.0  0.14551307000000005  0.3660462499999999  0.6652189300000001  1.0000
  O   O32       1.0  0.36604625000000013  0.14551306999999988  0.8347810700000001  1.0000
  O   O33       1.0  0.82338234  0.83086521  0.13931943  1.0000
  O   O34       1.0  0.9230032195637421  0.6753399644898859  0.6654214732365425  1.0000
  O   O35       1.0  0.17661765999999995  0.16913479  0.86068057  1.0000
  O   O36       1.0  0.1691347900000001  0.17661765999999998  0.63931943  1.0000
  O   O37       1.0  0.81125815  0.6026941399999998  0.5025623100000001  1.0000
  O   O38       1.0  0.60269414  0.81125815  0.99743769  1.0000
  O   O39       1.0  0.18874185000000007  0.3973058599999999  0.49743769000000004  1.0000
  O   O40       1.0  0.39730586  0.18874185  0.00256231  1.0000
  O   O41       1.0  0.1818821497159544  0.9375358493289571  0.9522444557530699  1.0000
  O   O42       1.0  0.66369467  0.024785799999999976  0.98406148  1.0000
  O   O43       1.0  0.9752142000000003  0.33630532999999985  0.4840614800000001  1.0000
  O   O44       1.0  0.3363053300000001  0.9752142  0.01593852  1.0000
  O   O45       1.0  0.7060053400000001  0.48954285999999997  0.65692623  1.0000
  O   O46       1.0  0.48954286000000014  0.70600534  0.84307377  1.0000
  O   O47       1.0  0.29399466  0.51045714  0.34307377  1.0000
  O   O48       1.0  0.51045714  0.29399466  0.15692623  1.0000
  O   O49       1.0  0.6286980100000003  0.29060017  0.7752326600000001  1.0000
  O   O50       1.0  0.29060017  0.6286980099999998  0.72476734  1.0000
  O   O51       1.0  0.3713019900000001  0.70939983  0.22476734000000004  1.0000
  O   O52       1.0  0.70939983  0.37130199  0.27523266  1.0000
  O   O53       1.0  0.4903046  0.49585789  0.64413845  1.0000
  O   O54       1.0  0.49585789  0.49030459999999987  0.85586155  1.0000
  O   O55       1.0  0.5096954  0.50414211  0.35586155  1.0000
  O   O56       1.0  0.50414211  0.5096954  0.14413845  1.0000
  O   O57       1.0  0.64104321  0.28850973  0.00149724  1.0000
  O   O58       1.0  0.28850973  0.6410432099999999  0.4985027600000001  1.0000
  O   O59       1.0  0.35895679000000014  0.7114902699999999  0.9985027600000002  1.0000
  O   O60       1.0  0.7114902700000001  0.35895678999999997  0.50149724  1.0000
  O   O61       1.0  0.28505363000000017  0.5084924899999999  0.9859602800000002  1.0000
  O   O62       1.0  0.50849249  0.2850536299999999  0.51403972  1.0000
  O   O63       1.0  0.71494637  0.4915075099999999  0.014039720000000002  1.0000
  O   O64       1.0  0.49150751000000015  0.71494637  0.48596028000000013  1.0000
  O   O65       1.0  0.46373746  0.68838194  0.66202875  1.0000
  O   O66       1.0  0.6883819400000004  0.4637374599999998  0.8379712500000002  1.0000
  O   O67       1.0  0.53626254  0.31161806  0.33797125  1.0000
  O   O68       1.0  0.31161806  0.53626254  0.16202875  1.0000
"
"# generated using pymatgen
data_H4C(N2O)2
_symmetry_space_group_name_H-M   'P 1'
_cell_length_a   15.64905994
_cell_length_b   12.69497605
_cell_length_c   9.45362785
_cell_angle_alpha   88.65347747
_cell_angle_beta   54.19426782
_cell_angle_gamma   37.15225471
_symmetry_Int_Tables_number   1
_chemical_formula_structural   H4C(N2O)2
_chemical_formula_sum   'H16 C4 N16 O8'
_cell_volume   393.19208146
_cell_formula_units_Z   4
loop_
 _symmetry_equiv_pos_site_id
 _symmetry_equiv_pos_as_xyz
  1  'x, y, z'
loop_
 _atom_site_type_symbol
 _atom_site_label
 _atom_site_symmetry_multiplicity
 _atom_site_fract_x
 _atom_site_fract_y
 _atom_site_fract_z
 _atom_site_occupancy
  H  H0  1  0.09075000  0.03171000  0.11200200  1
  H  H1  1  0.76553800  0.11200200  0.03171000  1
  H  H2  1  0.13799800  0.48446200  0.15925000  1
  H  H3  1  0.21829000  0.15925000  0.48446200  1
  H  H4  1  0.79944000  0.31469200  0.23170500  1
  H  H5  1  0.65416400  0.23170500  0.31469200  1
  H  H6  1  0.01829500  0.59583600  0.45056000  1
  H  H7  1  0.93530800  0.45056000  0.59583600  1
  H  H8  1  0.69950200  0.56744000  0.19864000  1
  H  H9  1  0.53441900  0.19864000  0.56744000  1
  H  H10  1  0.05136000  0.71558100  0.55049800  1
  H  H11  1  0.68256000  0.55049800  0.71558100  1
  H  H12  1  0.90771400  0.48461200  0.06580800  1
  H  H13  1  0.54186600  0.06580800  0.48461200  1
  H  H14  1  0.18419200  0.70813400  0.34228600  1
  H  H15  1  0.76538800  0.34228600  0.70813400  1
  C  C16  1  0.02408400  0.24146000  0.07912100  1
  C  C17  1  0.65533500  0.07912100  0.24146000  1
  C  C18  1  0.17087900  0.59466500  0.22591600  1
  C  C19  1  0.00854000  0.22591600  0.59466500  1
  N  N20  1  0.95954400  0.20047700  0.15459600  1
  N  N21  1  0.68538300  0.15459600  0.20047700  1
  N  N22  1  0.09540400  0.56461700  0.29045600  1
  N  N23  1  0.04952300  0.29045600  0.56461700  1
  N  N24  1  0.87263400  0.43916200  0.10836600  1
  N  N25  1  0.57983800  0.10836600  0.43916200  1
  N  N26  1  0.14163400  0.67016200  0.37736600  1
  N  N27  1  0.81083800  0.37736600  0.67016200  1
  N  N28  1  0.25152800  0.06098600  0.97432700  1
  N  N29  1  0.71316000  0.97432700  0.06098600  1
  N  N30  1  0.27567300  0.53684000  0.99847200  1
  N  N31  1  0.18901400  0.99847200  0.53684000  1
  N  N32  1  0.30103900  0.11676700  0.94059400  1
  N  N33  1  0.64160000  0.94059400  0.11676700  1
  N  N34  1  0.30940600  0.60840000  0.94896100  1
  N  N35  1  0.13323300  0.94896100  0.60840000  1
  O  O36  1  0.15406700  0.32788500  0.99285900  1
  O  O37  1  0.52518900  0.99285900  0.32788500  1
  O  O38  1  0.25714100  0.72481100  0.09593300  1
  O  O39  1  0.92211500  0.09593300  0.72481100  1
  O  O40  1  0.50165400  0.95053000  0.85886400  1
  O  O41  1  0.68895300  0.85886400  0.95053000  1
  O  O42  1  0.39113600  0.56104700  0.74834600  1
  O  O43  1  0.29947000  0.74834600  0.56104700  1
",Rotate all surrounding atoms within 2.1581118343833285 angstrom of the center atom at index 0 by 258.07718259713124 degree around the axis [ 0.  0. -1.] in the cif file. The rotation should following the right-hand rule.,,"data_image0
_chemical_formula_structural       H16C4N16O8
_chemical_formula_sum              ""H16 C4 N16 O8""
_cell_length_a       15.64905994
_cell_length_b       12.69497605
_cell_length_c       9.453627849999998
_cell_angle_alpha    88.65347747000001
_cell_angle_beta     54.19426781999998
_cell_angle_gamma    37.15225471

_space_group_name_H-M_alt    ""P 1""
_space_group_IT_number       1

loop_
  _space_group_symop_operation_xyz
  'x, y, z'

loop_
  _atom_site_type_symbol
  _atom_site_label
  _atom_site_symmetry_multiplicity
  _atom_site_fract_x
  _atom_site_fract_y
  _atom_site_fract_z
  _atom_site_occupancy
  H   H1        1.0  0.09075000000000001  0.03171000000000002  0.11200200000000003  1.0000
  H   H2        1.0  0.7655380000000004  0.112002  0.03171  1.0000
  H   H3        1.0  0.13799800000000007  0.4844619999999999  0.15925  1.0000
  H   H4        1.0  0.21828999999999996  0.15925000000000003  0.484462  1.0000
  H   H5        1.0  0.5190968881602522  0.9690206347186399  0.23170500000000002  1.0000
  H   H6        1.0  0.6541640000000001  0.231705  0.314692  1.0000
  H   H7        1.0  0.018294999999999968  0.595836  0.45056  1.0000
  H   H8        1.0  0.9353080000000005  0.4505599999999998  0.595836  1.0000
  H   H9        1.0  0.6995020000000004  0.5674399999999998  0.19864  1.0000
  H   H10       1.0  0.5344190000000002  0.19863999999999993  0.56744  1.0000
  H   H11       1.0  0.05136000000000006  0.715581  0.550498  1.0000
  H   H12       1.0  0.68256  0.550498  0.715581  1.0000
  H   H13       1.0  0.9077140000000004  0.4846119999999999  0.065808  1.0000
  H   H14       1.0  0.541866  0.065808  0.484612  1.0000
  H   H15       1.0  0.18419200000000013  0.7081339999999998  0.342286  1.0000
  H   H16       1.0  0.7653880000000006  0.34228599999999976  0.708134  1.0000
  C   C1        1.0  0.952908591909293  0.0670073516352318  0.07912100000000001  1.0000
  C   C2        1.0  0.6553350000000002  0.079121  0.24146  1.0000
  C   C3        1.0  0.170879  0.594665  0.22591600000000003  1.0000
  C   C4        1.0  0.008540000000000015  0.225916  0.594665  1.0000
  N   N1        1.0  0.5184326836416151  0.02633873183875357  0.154596  1.0000
  N   N2        1.0  0.6853830000000002  0.15459599999999996  0.200477  1.0000
  N   N3        1.0  0.09540399999999992  0.564617  0.290456  1.0000
  N   N4        1.0  0.049523000000000005  0.290456  0.564617  1.0000
  N   N5        1.0  0.8726340000000005  0.439162  0.108366  1.0000
  N   N6        1.0  0.5798380000000002  0.10836599999999999  0.439162  1.0000
  N   N7        1.0  0.14163399999999998  0.670162  0.3773660000000001  1.0000
  N   N8        1.0  0.810838  0.377366  0.670162  1.0000
  N   N9        1.0  0.251528  0.06098600000000001  0.9743270000000002  1.0000
  N   N10       1.0  0.7131600000000005  0.9743269999999998  0.06098600000000001  1.0000
  N   N11       1.0  0.2756730000000003  0.5368399999999998  0.998472  1.0000
  N   N12       1.0  0.18901400000000027  0.9984719999999998  0.53684  1.0000
  N   N13       1.0  0.30103900000000017  0.11676699999999998  0.940594  1.0000
  N   N14       1.0  0.6416000000000003  0.9405939999999998  0.116767  1.0000
  N   N15       1.0  0.3094060000000003  0.6084  0.948961  1.0000
  N   N16       1.0  0.13323300000000002  0.948961  0.6084  1.0000
  O   O1        1.0  0.1540670000000002  0.327885  0.992859  1.0000
  O   O2        1.0  0.5251890000000001  0.992859  0.327885  1.0000
  O   O3        1.0  0.2571410000000002  0.7248109999999998  0.095933  1.0000
  O   O4        1.0  0.9221150000000002  0.09593299999999985  0.724811  1.0000
  O   O5        1.0  0.5016540000000003  0.9505299999999998  0.858864  1.0000
  O   O6        1.0  0.6889530000000001  0.8588639999999997  0.95053  1.0000
  O   O7        1.0  0.39113600000000026  0.5610469999999997  0.748346  1.0000
  O   O8        1.0  0.2994700000000002  0.7483459999999997  0.561047  1.0000
"
"# generated using pymatgen
data_CrH12N3(OF2)3
_symmetry_space_group_name_H-M   'P 1'
_cell_length_a   6.70584363
_cell_length_b   7.06412055
_cell_length_c   9.62331846
_cell_angle_alpha   85.72367037
_cell_angle_beta   83.29790042
_cell_angle_gamma   69.58298291
_symmetry_Int_Tables_number   1
_chemical_formula_structural   CrH12N3(OF2)3
_chemical_formula_sum   'Cr2 H24 N6 O6 F12'
_cell_volume   424.02671688
_cell_formula_units_Z   2
loop_
 _symmetry_equiv_pos_site_id
 _symmetry_equiv_pos_as_xyz
  1  'x, y, z'
loop_
 _atom_site_type_symbol
 _atom_site_label
 _atom_site_symmetry_multiplicity
 _atom_site_fract_x
 _atom_site_fract_y
 _atom_site_fract_z
 _atom_site_occupancy
  Cr  Cr0  1  0.50000000  0.50000000  0.50000000  1
  Cr  Cr1  1  0.00000000  0.00000000  0.00000000  1
  H  H2  1  0.30069500  0.89464500  0.64030000  1
  H  H3  1  0.69930500  0.10535500  0.35970000  1
  H  H4  1  0.26403400  0.14727000  0.63019200  1
  H  H5  1  0.73596600  0.85273000  0.36980800  1
  H  H6  1  0.04863900  0.07079600  0.64745800  1
  H  H7  1  0.95136100  0.92920400  0.35254200  1
  H  H8  1  0.32865500  0.91585900  0.42421200  1
  H  H9  1  0.67134500  0.08414100  0.57578800  1
  H  H10  1  0.91400100  0.71392000  0.79521300  1
  H  H11  1  0.08599900  0.28608000  0.20478700  1
  H  H12  1  0.76933200  0.62497900  0.69834900  1
  H  H13  1  0.23066800  0.37502100  0.30165100  1
  H  H14  1  0.02108200  0.62188100  0.63196300  1
  H  H15  1  0.97891800  0.37811900  0.36803700  1
  H  H16  1  0.94951400  0.39266600  0.87344900  1
  H  H17  1  0.05048600  0.60733400  0.12655100  1
  H  H18  1  0.61040300  0.22000800  0.86377500  1
  H  H19  1  0.38959700  0.77999200  0.13622500  1
  H  H20  1  0.34580700  0.24909000  0.87274100  1
  H  H21  1  0.65419300  0.75091000  0.12725900  1
  H  H22  1  0.41918000  0.45715300  0.86264900  1
  H  H23  1  0.58082000  0.54284700  0.13735100  1
  H  H24  1  0.55368900  0.19075000  0.08031000  1
  H  H25  1  0.44631100  0.80925000  0.91969000  1
  N  N26  1  0.20477400  0.03830100  0.60363500  1
  N  N27  1  0.79522600  0.96169900  0.39636500  1
  N  N28  1  0.92174900  0.60796300  0.72390400  1
  N  N29  1  0.07825100  0.39203700  0.27609600  1
  N  N30  1  0.45381300  0.31050800  0.90178000  1
  N  N31  1  0.54618700  0.68949200  0.09822000  1
  O  O32  1  0.20774000  0.04343300  0.45581500  1
  O  O33  1  0.79226000  0.95656700  0.54418500  1
  O  O34  1  0.02367700  0.41030900  0.77815500  1
  O  O35  1  0.97632300  0.58969100  0.22184500  1
  O  O36  1  0.43477200  0.31666100  0.04991300  1
  O  O37  1  0.56522800  0.68333900  0.95008700  1
  F  F38  1  0.80811000  0.39163500  0.49606900  1
  F  F39  1  0.19189000  0.60836500  0.50393100  1
  F  F40  1  0.51923600  0.73392100  0.38100200  1
  F  F41  1  0.48076400  0.26607900  0.61899800  1
  F  F42  1  0.51594400  0.34619300  0.33489800  1
  F  F43  1  0.48405600  0.65380700  0.66510200  1
  F  F44  1  0.85203100  0.04525300  0.83071700  1
  F  F45  1  0.14796900  0.95474700  0.16928300  1
  F  F46  1  0.08909900  0.70898700  0.97973400  1
  F  F47  1  0.91090100  0.29101300  0.02026600  1
  F  F48  1  0.73658300  0.99600200  0.11215200  1
  F  F49  1  0.26341700  0.00399800  0.88784800  1
",Rotate all surrounding atoms within 2.111354406877642 angstrom of the center atom at index 46 by 110.78002392123747 degree around the axis [ 0. -1.  0.] in the cif file. The rotation should following the right-hand rule.,,"data_image0
_chemical_formula_structural       Cr2H24N6O6F12
_chemical_formula_sum              ""Cr2 H24 N6 O6 F12""
_cell_length_a       6.70584363
_cell_length_b       7.064120549999999
_cell_length_c       9.62331846
_cell_angle_alpha    85.72367037
_cell_angle_beta     83.29790042
_cell_angle_gamma    69.58298291

_space_group_name_H-M_alt    ""P 1""
_space_group_IT_number       1

loop_
  _space_group_symop_operation_xyz
  'x, y, z'

loop_
  _atom_site_type_symbol
  _atom_site_label
  _atom_site_symmetry_multiplicity
  _atom_site_fract_x
  _atom_site_fract_y
  _atom_site_fract_z
  _atom_site_occupancy
  Cr  Cr1       1.0  0.5  0.4999999999999999  0.5  1.0000
  Cr  Cr2       1.0  0.8539495632271525  0.9480118541853066  0.9901009876208962  1.0000
  H   H1        1.0  0.30069500000000005  0.894645  0.6403  1.0000
  H   H2        1.0  0.6993050000000001  0.10535499999999999  0.3597  1.0000
  H   H3        1.0  0.26403399999999994  0.14727  0.630192  1.0000
  H   H4        1.0  0.7359660000000002  0.8527299999999998  0.369808  1.0000
  H   H5        1.0  0.04863900000000001  0.070796  0.647458  1.0000
  H   H6        1.0  0.9513610000000001  0.929204  0.352542  1.0000
  H   H7        1.0  0.3286550000000001  0.9158589999999998  0.424212  1.0000
  H   H8        1.0  0.671345  0.08414099999999997  0.575788  1.0000
  H   H9        1.0  0.914001  0.71392  0.795213  1.0000
  H   H10       1.0  0.085999  0.28608  0.204787  1.0000
  H   H11       1.0  0.7693320000000001  0.624979  0.698349  1.0000
  H   H12       1.0  0.230668  0.375021  0.301651  1.0000
  H   H13       1.0  0.021081999999999983  0.621881  0.631963  1.0000
  H   H14       1.0  0.9789179999999998  0.378119  0.368037  1.0000
  H   H15       1.0  0.949514  0.392666  0.8734490000000001  1.0000
  H   H16       1.0  0.33315259778963946  0.554184934634458  0.1387614046010781  1.0000
  H   H17       1.0  0.610403  0.22000799999999998  0.863775  1.0000
  H   H18       1.0  0.3895970000000001  0.7799919999999998  0.136225  1.0000
  H   H19       1.0  0.345807  0.24908999999999992  0.8727409999999999  1.0000
  H   H20       1.0  0.654193  0.7509099999999997  0.127259  1.0000
  H   H21       1.0  0.41918000000000005  0.4571529999999999  0.862649  1.0000
  H   H22       1.0  0.58082  0.542847  0.13735099999999997  1.0000
  H   H23       1.0  0.553689  0.19075  0.08031  1.0000
  H   H24       1.0  0.446311  0.80925  0.91969  1.0000
  N   N1        1.0  0.20477399999999996  0.03830100000000001  0.603635  1.0000
  N   N2        1.0  0.795226  0.961699  0.396365  1.0000
  N   N3        1.0  0.9217490000000002  0.6079629999999999  0.7239039999999999  1.0000
  N   N4        1.0  0.07825100000000003  0.3920369999999999  0.276096  1.0000
  N   N5        1.0  0.45381300000000013  0.310508  0.90178  1.0000
  N   N6        1.0  0.546187  0.689492  0.09822  1.0000
  O   O1        1.0  0.20773999999999998  0.04343299999999999  0.45581499999999997  1.0000
  O   O2        1.0  0.7922600000000001  0.9565669999999998  0.544185  1.0000
  O   O3        1.0  0.023676999999999986  0.410309  0.778155  1.0000
  O   O4        1.0  0.976323  0.589691  0.221845  1.0000
  O   O5        1.0  0.43477200000000005  0.3166609999999999  0.049913  1.0000
  O   O6        1.0  0.5652280000000002  0.6833389999999998  0.950087  1.0000
  F   F1        1.0  0.80811  0.391635  0.4960689999999999  1.0000
  F   F2        1.0  0.19189  0.608365  0.503931  1.0000
  F   F3        1.0  0.5192360000000001  0.7339209999999999  0.38100199999999995  1.0000
  F   F4        1.0  0.480764  0.266079  0.618998  1.0000
  F   F5        1.0  0.515944  0.346193  0.334898  1.0000
  F   F6        1.0  0.4840560000000001  0.6538069999999998  0.665102  1.0000
  F   F7        1.0  0.8520310000000001  0.045253  0.8307169999999999  1.0000
  F   F8        1.0  0.14796900000000016  0.9547469999999998  0.169283  1.0000
  F   F9        1.0  0.08909899999999998  0.708987  0.9797339999999999  1.0000
  F   F10       1.0  0.910901  0.29101299999999997  0.020266  1.0000
  F   F11       1.0  0.7365830000000001  0.996002  0.11215199999999999  1.0000
  F   F12       1.0  0.263417  0.003998000000000001  0.887848  1.0000
"
"# generated using pymatgen
data_CoH10(SeO5)2
_symmetry_space_group_name_H-M   'P 1'
_cell_length_a   8.01967109
_cell_length_b   8.01967109
_cell_length_c   10.77165037
_cell_angle_alpha   63.50608294
_cell_angle_beta   63.50608294
_cell_angle_gamma   66.44329450
_symmetry_Int_Tables_number   1
_chemical_formula_structural   CoH10(SeO5)2
_chemical_formula_sum   'Co2 H20 Se4 O20'
_cell_volume   537.21896556
_cell_formula_units_Z   2
loop_
 _symmetry_equiv_pos_site_id
 _symmetry_equiv_pos_as_xyz
  1  'x, y, z'
loop_
 _atom_site_type_symbol
 _atom_site_label
 _atom_site_symmetry_multiplicity
 _atom_site_fract_x
 _atom_site_fract_y
 _atom_site_fract_z
 _atom_site_occupancy
  Co  Co0  1  0.07491400  0.92508600  0.25000000  1
  Co  Co1  1  0.92508600  0.07491400  0.75000000  1
  H  H2  1  0.28091900  0.25993900  0.03125800  1
  H  H3  1  0.74006100  0.71908100  0.46874200  1
  H  H4  1  0.71908100  0.74006100  0.96874200  1
  H  H5  1  0.25993900  0.28091900  0.53125800  1
  H  H6  1  0.59197200  0.30157900  0.41559000  1
  H  H7  1  0.69842100  0.40802800  0.08441000  1
  H  H8  1  0.40802800  0.69842100  0.58441000  1
  H  H9  1  0.30157900  0.59197200  0.91559000  1
  H  H10  1  0.33693700  0.56906000  0.33723500  1
  H  H11  1  0.43094000  0.66306300  0.16276500  1
  H  H12  1  0.66306300  0.43094000  0.66276500  1
  H  H13  1  0.56906000  0.33693700  0.83723500  1
  H  H14  1  0.29265400  0.29279000  0.29572100  1
  H  H15  1  0.70721000  0.70734600  0.20427900  1
  H  H16  1  0.70734600  0.70721000  0.70427900  1
  H  H17  1  0.29279000  0.29265400  0.79572100  1
  H  H18  1  0.31172600  0.40181000  0.58880100  1
  H  H19  1  0.59819000  0.68827400  0.91119900  1
  H  H20  1  0.68827400  0.59819000  0.41119900  1
  H  H21  1  0.40181000  0.31172600  0.08880100  1
  Se  Se22  1  0.89803200  0.76719400  0.62303900  1
  Se  Se23  1  0.23280600  0.10196800  0.87696100  1
  Se  Se24  1  0.10196800  0.23280600  0.37696100  1
  Se  Se25  1  0.76719400  0.89803200  0.12303900  1
  O  O26  1  0.98095700  0.81346500  0.15848200  1
  O  O27  1  0.18653500  0.01904300  0.34151800  1
  O  O28  1  0.01904300  0.18653500  0.84151800  1
  O  O29  1  0.81346500  0.98095700  0.65848200  1
  O  O30  1  0.88412400  0.81904400  0.45186900  1
  O  O31  1  0.18095600  0.11587600  0.04813100  1
  O  O32  1  0.11587600  0.18095600  0.54813100  1
  O  O33  1  0.81904400  0.88412400  0.95186900  1
  O  O34  1  0.28628100  0.66198500  0.66118400  1
  O  O35  1  0.33801500  0.71371900  0.83881600  1
  O  O36  1  0.71371900  0.33801500  0.33881600  1
  O  O37  1  0.66198500  0.28628100  0.16118400  1
  O  O38  1  0.78271400  0.21728600  0.25000000  1
  O  O39  1  0.21728600  0.78271400  0.75000000  1
  O  O40  1  0.31894700  0.68105300  0.25000000  1
  O  O41  1  0.68105300  0.31894700  0.75000000  1
  O  O42  1  0.35341100  0.35720400  0.50613000  1
  O  O43  1  0.64279600  0.64658900  0.99387000  1
  O  O44  1  0.64658900  0.64279600  0.49387000  1
  O  O45  1  0.35720400  0.35341100  0.00613000  1
",Rotate all surrounding atoms within 1.8295090887177106 angstrom of the center atom at index 33 by 135.31979628921118 degree around the axis [0. 1. 0.] in the cif file. The rotation should following the right-hand rule.,,"data_image0
_chemical_formula_structural       Co2H20Se4O20
_chemical_formula_sum              ""Co2 H20 Se4 O20""
_cell_length_a       8.01967109
_cell_length_b       8.01967109
_cell_length_c       10.77165037
_cell_angle_alpha    63.50608293999999
_cell_angle_beta     63.50608293999999
_cell_angle_gamma    66.44329450000001

_space_group_name_H-M_alt    ""P 1""
_space_group_IT_number       1

loop_
  _space_group_symop_operation_xyz
  'x, y, z'

loop_
  _atom_site_type_symbol
  _atom_site_label
  _atom_site_symmetry_multiplicity
  _atom_site_fract_x
  _atom_site_fract_y
  _atom_site_fract_z
  _atom_site_occupancy
  Co  Co1       1.0  0.07491399999999997  0.925086  0.25  1.0000
  Co  Co2       1.0  0.925086  0.07491400000000006  0.7499999999999998  1.0000
  H   H1        1.0  0.28091900000000003  0.25993899999999986  0.031258  1.0000
  H   H2        1.0  0.7400609999999999  0.719081  0.468742  1.0000
  H   H3        1.0  0.9581207401843018  0.7133633775988061  0.03110592042447813  1.0000
  H   H4        1.0  0.25993900000000003  0.2809189999999999  0.531258  1.0000
  H   H5        1.0  0.5919720000000002  0.301579  0.41559  1.0000
  H   H6        1.0  0.698421  0.408028  0.08441  1.0000
  H   H7        1.0  0.4080280000000001  0.698421  0.58441  1.0000
  H   H8        1.0  0.3015790000000003  0.591972  0.91559  1.0000
  H   H9        1.0  0.33693700000000004  0.56906  0.3372349999999999  1.0000
  H   H10       1.0  0.43094000000000005  0.663063  0.162765  1.0000
  H   H11       1.0  0.663063  0.43094  0.662765  1.0000
  H   H12       1.0  0.5690599999999999  0.33693700000000004  0.837235  1.0000
  H   H13       1.0  0.292654  0.29279  0.295721  1.0000
  H   H14       1.0  0.7072100000000003  0.707346  0.204279  1.0000
  H   H15       1.0  0.7073460000000003  0.7072100000000001  0.7042789999999998  1.0000
  H   H16       1.0  0.29279000000000005  0.29265399999999997  0.795721  1.0000
  H   H17       1.0  0.31172600000000017  0.40181  0.588801  1.0000
  H   H18       1.0  0.5981900000000001  0.688274  0.9111989999999999  1.0000
  H   H19       1.0  0.6882740000000002  0.59819  0.41119899999999987  1.0000
  H   H20       1.0  0.40181  0.311726  0.088801  1.0000
  Se  Se1       1.0  0.8980320000000002  0.767194  0.623039  1.0000
  Se  Se2       1.0  0.23280600000000004  0.10196799999999998  0.876961  1.0000
  Se  Se3       1.0  0.10196800000000003  0.23280600000000004  0.376961  1.0000
  Se  Se4       1.0  0.2830142845858812  0.14709575959166482  0.877177523533385  1.0000
  O   O1        1.0  0.980957  0.813465  0.158482  1.0000
  O   O2        1.0  0.186535  0.019042999999999997  0.341518  1.0000
  O   O3        1.0  0.019043000000000036  0.18653500000000006  0.8415179999999999  1.0000
  O   O4        1.0  0.813465  0.9809569999999999  0.658482  1.0000
  O   O5        1.0  0.8841240000000001  0.8190439999999999  0.45186899999999997  1.0000
  O   O6        1.0  0.18095599999999998  0.11587599999999999  0.048131  1.0000
  O   O7        1.0  0.11587600000000003  0.180956  0.548131  1.0000
  O   O8        1.0  0.8190440000000001  0.8841239999999999  0.951869  1.0000
  O   O9        1.0  0.28628100000000006  0.661985  0.661184  1.0000
  O   O10       1.0  0.3380150000000001  0.713719  0.838816  1.0000
  O   O11       1.0  0.7137189999999999  0.338015  0.338816  1.0000
  O   O12       1.0  0.661985  0.286281  0.161184  1.0000
  O   O13       1.0  0.782714  0.21728599999999998  0.25  1.0000
  O   O14       1.0  0.21728600000000012  0.7827140000000001  0.7499999999999998  1.0000
  O   O15       1.0  0.31894700000000004  0.681053  0.25  1.0000
  O   O16       1.0  0.6810530000000002  0.31894700000000004  0.7499999999999998  1.0000
  O   O17       1.0  0.3534109999999999  0.3572040000000001  0.50613  1.0000
  O   O18       1.0  0.6427960000000005  0.646589  0.99387  1.0000
  O   O19       1.0  0.6465890000000001  0.642796  0.49387  1.0000
  O   O20       1.0  0.357204  0.353411  0.00613  1.0000
"
"# generated using pymatgen
data_H18Se3(NO3)4
_symmetry_space_group_name_H-M   'P 1'
_cell_length_a   9.81618000
_cell_length_b   10.89406681
_cell_length_c   10.93957270
_cell_angle_alpha   64.37795907
_cell_angle_beta   75.81413254
_cell_angle_gamma   82.62372647
_symmetry_Int_Tables_number   1
_chemical_formula_structural   H18Se3(NO3)4
_chemical_formula_sum   'H36 Se6 N8 O24'
_cell_volume   1022.31891006
_cell_formula_units_Z   2
loop_
 _symmetry_equiv_pos_site_id
 _symmetry_equiv_pos_as_xyz
  1  'x, y, z'
loop_
 _atom_site_type_symbol
 _atom_site_label
 _atom_site_symmetry_multiplicity
 _atom_site_fract_x
 _atom_site_fract_y
 _atom_site_fract_z
 _atom_site_occupancy
  H  H0  1  0.96508500  0.29680000  0.01666600  1
  H  H1  1  0.03491500  0.70320000  0.98333400  1
  H  H2  1  0.20475800  0.15643700  0.29536200  1
  H  H3  1  0.79524200  0.84356300  0.70463800  1
  H  H4  1  0.42065700  0.40988000  0.61776600  1
  H  H5  1  0.57934300  0.59012000  0.38223400  1
  H  H6  1  0.17531900  0.69671500  0.61779300  1
  H  H7  1  0.82468100  0.30328500  0.38220700  1
  H  H8  1  0.49924400  0.61937800  0.26321000  1
  H  H9  1  0.50075600  0.38062200  0.73679000  1
  H  H10  1  0.14603700  0.51341000  0.55021700  1
  H  H11  1  0.85396300  0.48659000  0.44978300  1
  H  H12  1  0.36728900  0.70135000  0.02087500  1
  H  H13  1  0.63271100  0.29865000  0.97912500  1
  H  H14  1  0.53271500  0.80852000  0.08134900  1
  H  H15  1  0.46728500  0.19148000  0.91865100  1
  H  H16  1  0.28268800  0.88906900  0.92081400  1
  H  H17  1  0.71731200  0.11093100  0.07918600  1
  H  H18  1  0.57360400  0.90091100  0.62906300  1
  H  H19  1  0.42639600  0.09908900  0.37093700  1
  H  H20  1  0.89870100  0.02333300  0.91442200  1
  H  H21  1  0.10129900  0.97666700  0.08557800  1
  H  H22  1  0.04077000  0.19031900  0.49837500  1
  H  H23  1  0.95923000  0.80968100  0.50162500  1
  H  H24  1  0.89947500  0.78778700  0.80591000  1
  H  H25  1  0.10052500  0.21221300  0.19409000  1
  H  H26  1  0.43843400  0.10723300  0.59055600  1
  H  H27  1  0.56156600  0.89276700  0.40944400  1
  H  H28  1  0.32395200  0.42167600  0.07046800  1
  H  H29  1  0.67604800  0.57832400  0.92953200  1
  H  H30  1  0.44073400  0.91583900  0.87383200  1
  H  H31  1  0.55926600  0.08416100  0.12616800  1
  H  H32  1  0.30460900  0.58397100  0.66551700  1
  H  H33  1  0.69539100  0.41602900  0.33448300  1
  H  H34  1  0.17276500  0.60179800  0.78207700  1
  H  H35  1  0.82723500  0.39820200  0.21792300  1
  Se  Se36  1  0.22210800  0.50890100  0.13114300  1
  Se  Se37  1  0.77789200  0.49109900  0.86885700  1
  Se  Se38  1  0.42013000  0.88172700  0.37917500  1
  Se  Se39  1  0.57987000  0.11827300  0.62082500  1
  Se  Se40  1  0.15384900  0.19485300  0.90512800  1
  Se  Se41  1  0.84615100  0.80514700  0.09487200  1
  N  N42  1  0.26091100  0.37397900  0.51649400  1
  N  N43  1  0.73908900  0.62602100  0.48350600  1
  N  N44  1  0.06619400  0.83798400  0.45989800  1
  N  N45  1  0.93380600  0.16201600  0.54010200  1
  N  N46  1  0.89249900  0.08608600  0.65627900  1
  N  N47  1  0.10750100  0.91391400  0.34372100  1
  N  N48  1  0.19785500  0.60040800  0.68565800  1
  N  N49  1  0.80214500  0.39959200  0.31434200  1
  O  O50  1  0.35622300  0.61762600  0.11390700  1
  O  O51  1  0.64377700  0.38237400  0.88609300  1
  O  O52  1  0.15212500  0.46977400  0.48510500  1
  O  O53  1  0.84787500  0.53022600  0.51489500  1
  O  O54  1  0.14498600  0.59421100  0.99366800  1
  O  O55  1  0.85501400  0.40578900  0.00633200  1
  O  O56  1  0.13598100  0.22956800  0.26213400  1
  O  O57  1  0.86401900  0.77043200  0.73786600  1
  O  O58  1  0.72321100  0.69451100  0.54829100  1
  O  O59  1  0.27678900  0.30548900  0.45170900  1
  O  O60  1  0.46432000  0.93046200  0.20829800  1
  O  O61  1  0.53568000  0.06953800  0.79170200  1
  O  O62  1  0.35002700  0.03420600  0.41065300  1
  O  O63  1  0.64997300  0.96579400  0.58934700  1
  O  O64  1  0.62804200  0.15159500  0.11109700  1
  O  O65  1  0.37195800  0.84840500  0.88890300  1
  O  O66  1  0.48600400  0.44771000  0.64614100  1
  O  O67  1  0.51399600  0.55229000  0.35385900  1
  O  O68  1  0.17630500  0.01120700  0.00109900  1
  O  O69  1  0.82369500  0.98879300  0.99890100  1
  O  O70  1  0.05420200  0.21325400  0.79722600  1
  O  O71  1  0.94579800  0.78674600  0.20277400  1
  O  O72  1  0.03670100  0.21449800  0.05007100  1
  O  O73  1  0.96329900  0.78550200  0.94992900  1
",Rotate all surrounding atoms within 1.9012100159658234 angstrom of the center atom at index 61 by 293.94482345587534 degree around the axis [ 0. -1.  0.] in the cif file. The rotation should following the right-hand rule.,,"data_image0
_chemical_formula_structural       H36Se6N8O24
_chemical_formula_sum              ""H36 Se6 N8 O24""
_cell_length_a       9.81618
_cell_length_b       10.89406681
_cell_length_c       10.939572700000001
_cell_angle_alpha    64.37795907
_cell_angle_beta     75.81413254
_cell_angle_gamma    82.62372647000001

_space_group_name_H-M_alt    ""P 1""
_space_group_IT_number       1

loop_
  _space_group_symop_operation_xyz
  'x, y, z'

loop_
  _atom_site_type_symbol
  _atom_site_label
  _atom_site_symmetry_multiplicity
  _atom_site_fract_x
  _atom_site_fract_y
  _atom_site_fract_z
  _atom_site_occupancy
  H   H1        1.0  0.965085  0.2968  0.016666  1.0000
  H   H2        1.0  0.034915000000000015  0.7031999999999999  0.983334  1.0000
  H   H3        1.0  0.204758  0.156437  0.295362  1.0000
  H   H4        1.0  0.7952420000000002  0.843563  0.704638  1.0000
  H   H5        1.0  0.420657  0.40988  0.6177660000000001  1.0000
  H   H6        1.0  0.579343  0.5901199999999999  0.382234  1.0000
  H   H7        1.0  0.17531900000000003  0.6967149999999999  0.617793  1.0000
  H   H8        1.0  0.824681  0.30328499999999997  0.382207  1.0000
  H   H9        1.0  0.499244  0.619378  0.26321  1.0000
  H   H10       1.0  0.500756  0.380622  0.73679  1.0000
  H   H11       1.0  0.14603699999999997  0.5134099999999999  0.550217  1.0000
  H   H12       1.0  0.853963  0.48658999999999997  0.44978300000000004  1.0000
  H   H13       1.0  0.3672890000000001  0.70135  0.020875  1.0000
  H   H14       1.0  0.632711  0.29864999999999997  0.979125  1.0000
  H   H15       1.0  0.532715  0.8085199999999999  0.081349  1.0000
  H   H16       1.0  0.46728500000000006  0.19147999999999996  0.918651  1.0000
  H   H17       1.0  0.282688  0.889069  0.9208140000000001  1.0000
  H   H18       1.0  0.717312  0.11093099999999997  0.07918600000000002  1.0000
  H   H19       1.0  0.573604  0.9009109999999998  0.629063  1.0000
  H   H20       1.0  0.426396  0.09908899999999997  0.37093700000000007  1.0000
  H   H21       1.0  0.898701  0.023333000000000024  0.914422  1.0000
  H   H22       1.0  0.10129900000000003  0.976667  0.08557800000000002  1.0000
  H   H23       1.0  0.040769999999999994  0.19031900000000002  0.498375  1.0000
  H   H24       1.0  0.9592300000000001  0.809681  0.501625  1.0000
  H   H25       1.0  0.8994750000000001  0.787787  0.80591  1.0000
  H   H26       1.0  0.100525  0.21221299999999998  0.19409  1.0000
  H   H27       1.0  0.438434  0.10723299999999997  0.5905560000000001  1.0000
  H   H28       1.0  0.561566  0.8927669999999999  0.40944400000000003  1.0000
  H   H29       1.0  0.323952  0.421676  0.070468  1.0000
  H   H30       1.0  0.6760480000000003  0.5783239999999998  0.929532  1.0000
  H   H31       1.0  0.5059759471059776  0.9541304657473252  0.7802995607687052  1.0000
  H   H32       1.0  0.559266  0.084161  0.126168  1.0000
  H   H33       1.0  0.304609  0.583971  0.665517  1.0000
  H   H34       1.0  0.6953910000000002  0.416029  0.334483  1.0000
  H   H35       1.0  0.172765  0.601798  0.782077  1.0000
  H   H36       1.0  0.827235  0.398202  0.217923  1.0000
  Se  Se1       1.0  0.22210799999999997  0.508901  0.131143  1.0000
  Se  Se2       1.0  0.7778920000000001  0.4910989999999999  0.868857  1.0000
  Se  Se3       1.0  0.42013  0.881727  0.379175  1.0000
  Se  Se4       1.0  0.4029409319057214  0.07841042884313072  0.7181950912609611  1.0000
  Se  Se5       1.0  0.153849  0.19485299999999997  0.9051280000000002  1.0000
  Se  Se6       1.0  0.846151  0.8051469999999993  0.09487200000000003  1.0000
  N   N1        1.0  0.26091100000000006  0.37397899999999995  0.516494  1.0000
  N   N2        1.0  0.7390890000000001  0.626021  0.483506  1.0000
  N   N3        1.0  0.06619400000000004  0.8379839999999997  0.459898  1.0000
  N   N4        1.0  0.9338060000000001  0.162016  0.540102  1.0000
  N   N5        1.0  0.8924990000000003  0.08608599999999995  0.6562790000000001  1.0000
  N   N6        1.0  0.10750100000000003  0.9139139999999999  0.34372100000000005  1.0000
  N   N7        1.0  0.197855  0.6004079999999999  0.685658  1.0000
  N   N8        1.0  0.802145  0.399592  0.314342  1.0000
  O   O1        1.0  0.35622299999999996  0.617626  0.113907  1.0000
  O   O2        1.0  0.6437769999999999  0.3823739999999998  0.8860930000000001  1.0000
  O   O3        1.0  0.152125  0.4697739999999998  0.48510500000000006  1.0000
  O   O4        1.0  0.8478750000000003  0.5302259999999998  0.514895  1.0000
  O   O5        1.0  0.14498599999999998  0.5942110000000002  0.993668  1.0000
  O   O6        1.0  0.855014  0.405789  0.006332  1.0000
  O   O7        1.0  0.135981  0.229568  0.262134  1.0000
  O   O8        1.0  0.8640190000000001  0.7704320000000001  0.737866  1.0000
  O   O9        1.0  0.7232110000000002  0.6945109999999999  0.548291  1.0000
  O   O10       1.0  0.276789  0.305489  0.4517090000000001  1.0000
  O   O11       1.0  0.46432000000000007  0.930462  0.20829800000000004  1.0000
  O   O12       1.0  0.53568  0.06953800000000004  0.791702  1.0000
  O   O13       1.0  0.350027  0.03420599999999997  0.410653  1.0000
  O   O14       1.0  0.6499730000000001  0.9657939999999999  0.589347  1.0000
  O   O15       1.0  0.628042  0.151595  0.11109700000000002  1.0000
  O   O16       1.0  0.371958  0.8484049999999999  0.888903  1.0000
  O   O17       1.0  0.486004  0.4477099999999999  0.6461410000000001  1.0000
  O   O18       1.0  0.513996  0.55229  0.35385900000000003  1.0000
  O   O19       1.0  0.176305  0.011206999999999998  0.001099  1.0000
  O   O20       1.0  0.8236950000000001  0.9887929999999999  0.998901  1.0000
  O   O21       1.0  0.05420200000000002  0.21325399999999997  0.7972260000000001  1.0000
  O   O22       1.0  0.945798  0.786746  0.20277400000000004  1.0000
  O   O23       1.0  0.036701000000000004  0.21449799999999997  0.05007100000000001  1.0000
  O   O24       1.0  0.9632990000000005  0.785502  0.949929  1.0000
"
"# generated using pymatgen
data_MgSiO3
_symmetry_space_group_name_H-M   'P 1'
_cell_length_a   5.12954340
_cell_length_b   15.17136500
_cell_length_c   6.41986247
_cell_angle_alpha   90.00000000
_cell_angle_beta   87.41962911
_cell_angle_gamma   90.00000000
_symmetry_Int_Tables_number   1
_chemical_formula_structural   MgSiO3
_chemical_formula_sum   'Mg8 Si8 O24'
_cell_volume   499.10108596
_cell_formula_units_Z   8
loop_
 _symmetry_equiv_pos_site_id
 _symmetry_equiv_pos_as_xyz
  1  'x, y, z'
loop_
 _atom_site_type_symbol
 _atom_site_label
 _atom_site_symmetry_multiplicity
 _atom_site_fract_x
 _atom_site_fract_y
 _atom_site_fract_z
 _atom_site_occupancy
  Mg  Mg0  1  0.35864700  0.33533600  0.89357500  1
  Mg  Mg1  1  0.58814200  0.88155200  0.33342200  1
  Mg  Mg2  1  0.14135300  0.83533600  0.10642500  1
  Mg  Mg3  1  0.64135300  0.66466400  0.10642500  1
  Mg  Mg4  1  0.41185800  0.11844800  0.66657800  1
  Mg  Mg5  1  0.08814200  0.61844800  0.33342200  1
  Mg  Mg6  1  0.91185800  0.38155200  0.66657800  1
  Mg  Mg7  1  0.85864700  0.16466400  0.89357500  1
  Si  Si8  1  0.29592200  0.40658000  0.37361100  1
  Si  Si9  1  0.66409400  0.86184600  0.89680000  1
  Si  Si10  1  0.33590600  0.13815400  0.10320000  1
  Si  Si11  1  0.20407800  0.90658000  0.62638900  1
  Si  Si12  1  0.70407800  0.59342000  0.62638900  1
  Si  Si13  1  0.79592200  0.09342000  0.37361100  1
  Si  Si14  1  0.16409400  0.63815400  0.89680000  1
  Si  Si15  1  0.83590600  0.36184600  0.10320000  1
  O  O16  1  0.25537500  0.50959700  0.38161700  1
  O  O17  1  0.47194700  0.61658100  0.81136600  1
  O  O18  1  0.81624100  0.14497200  0.59466000  1
  O  O19  1  0.52805300  0.38341900  0.18863400  1
  O  O20  1  0.97194700  0.88341900  0.81136600  1
  O  O21  1  0.00546200  0.34890100  0.31604100  1
  O  O22  1  0.45508500  0.91274400  0.04935500  1
  O  O23  1  0.02805300  0.11658100  0.18863400  1
  O  O24  1  0.99453800  0.65109900  0.68395900  1
  O  O25  1  0.26611400  0.70941100  0.07998500  1
  O  O26  1  0.75537500  0.99040300  0.38161700  1
  O  O27  1  0.49453800  0.84890100  0.68395900  1
  O  O28  1  0.74462500  0.49040300  0.61838300  1
  O  O29  1  0.95508500  0.58725600  0.04935500  1
  O  O30  1  0.68375900  0.64497200  0.40534000  1
  O  O31  1  0.50546200  0.15109900  0.31604100  1
  O  O32  1  0.31624100  0.35502800  0.59466000  1
  O  O33  1  0.23388600  0.20941100  0.92001500  1
  O  O34  1  0.54491500  0.08725600  0.95064500  1
  O  O35  1  0.24462500  0.00959700  0.61838300  1
  O  O36  1  0.73388600  0.29058900  0.92001500  1
  O  O37  1  0.18375900  0.85502800  0.40534000  1
  O  O38  1  0.04491500  0.41274400  0.95064500  1
  O  O39  1  0.76611400  0.79058900  0.07998500  1
",Rotate all surrounding atoms within 1.7366755472959288 angstrom of the center atom at index 38 by 174.09914782698058 degree around the axis [ 0. -1.  0.] in the cif file. The rotation should following the right-hand rule.,,"data_image0
_chemical_formula_structural       Mg8Si8O24
_chemical_formula_sum              ""Mg8 Si8 O24""
_cell_length_a       5.1295434
_cell_length_b       15.171365
_cell_length_c       6.41986247
_cell_angle_alpha    90.0
_cell_angle_beta     87.41962911
_cell_angle_gamma    90.0

_space_group_name_H-M_alt    ""P 1""
_space_group_IT_number       1

loop_
  _space_group_symop_operation_xyz
  'x, y, z'

loop_
  _atom_site_type_symbol
  _atom_site_label
  _atom_site_symmetry_multiplicity
  _atom_site_fract_x
  _atom_site_fract_y
  _atom_site_fract_z
  _atom_site_occupancy
  Mg  Mg1       1.0  0.358647  0.33533600000000013  0.893575  1.0000
  Mg  Mg2       1.0  0.588142  0.881552  0.333422  1.0000
  Mg  Mg3       1.0  0.141353  0.8353360000000002  0.106425  1.0000
  Mg  Mg4       1.0  0.641353  0.6646640000000003  0.106425  1.0000
  Mg  Mg5       1.0  0.411858  0.11844800000000003  0.6665779999999999  1.0000
  Mg  Mg6       1.0  0.08814200000000003  0.618448  0.333422  1.0000
  Mg  Mg7       1.0  0.911858  0.3815520000000001  0.6665779999999999  1.0000
  Mg  Mg8       1.0  0.858647  0.164664  0.893575  1.0000
  Si  Si1       1.0  0.295922  0.4065800000000001  0.373611  1.0000
  Si  Si2       1.0  0.664094  0.8618460000000002  0.8968000000000002  1.0000
  Si  Si3       1.0  0.335906  0.138154  0.1032  1.0000
  Si  Si4       1.0  0.204078  0.90658  0.626389  1.0000
  Si  Si5       1.0  0.7040780000000001  0.59342  0.626389  1.0000
  Si  Si6       1.0  0.795922  0.09342000000000003  0.373611  1.0000
  Si  Si7       1.0  0.164094  0.6381540000000002  0.8968000000000002  1.0000
  Si  Si8       1.0  0.3636003089654294  0.361846  0.8547145805492558  1.0000
  O   O1        1.0  0.255375  0.509597  0.381617  1.0000
  O   O2        1.0  0.471947  0.6165810000000003  0.811366  1.0000
  O   O3        1.0  0.816241  0.144972  0.59466  1.0000
  O   O4        1.0  0.528053  0.383419  0.188634  1.0000
  O   O5        1.0  0.9719470000000001  0.8834190000000002  0.811366  1.0000
  O   O6        1.0  0.005461999999999999  0.3489010000000001  0.316041  1.0000
  O   O7        1.0  0.455085  0.9127440000000002  0.049355  1.0000
  O   O8        1.0  0.028053  0.11658100000000003  0.188634  1.0000
  O   O9        1.0  0.994538  0.651099  0.683959  1.0000
  O   O10       1.0  0.266114  0.7094110000000002  0.079985  1.0000
  O   O11       1.0  0.755375  0.990403  0.381617  1.0000
  O   O12       1.0  0.494538  0.848901  0.683959  1.0000
  O   O13       1.0  0.744625  0.4904030000000001  0.618383  1.0000
  O   O14       1.0  0.955085  0.5872560000000002  0.049355  1.0000
  O   O15       1.0  0.683759  0.6449720000000002  0.40534  1.0000
  O   O16       1.0  0.505462  0.15109900000000007  0.316041  1.0000
  O   O17       1.0  0.316241  0.355028  0.59466  1.0000
  O   O18       1.0  0.233886  0.209411  0.9200150000000001  1.0000
  O   O19       1.0  0.544915  0.08725600000000003  0.950645  1.0000
  O   O20       1.0  0.24462499999999998  0.009597  0.618383  1.0000
  O   O21       1.0  0.7338860000000001  0.290589  0.9200150000000001  1.0000
  O   O22       1.0  0.183759  0.8550280000000002  0.40534  1.0000
  O   O23       1.0  0.04491499999999999  0.412744  0.950645  1.0000
  O   O24       1.0  0.766114  0.7905890000000002  0.079985  1.0000
"
"# generated using pymatgen
data_Co2Mo3
_symmetry_space_group_name_H-M   'P 1'
_cell_length_a   4.29848900
_cell_length_b   4.83138100
_cell_length_c   7.01771373
_cell_angle_alpha   72.46957472
_cell_angle_beta   90.00000000
_cell_angle_gamma   90.00000000
_symmetry_Int_Tables_number   1
_chemical_formula_structural   Co2Mo3
_chemical_formula_sum   'Co4 Mo6'
_cell_volume   138.97269362
_cell_formula_units_Z   2
loop_
 _symmetry_equiv_pos_site_id
 _symmetry_equiv_pos_as_xyz
  1  'x, y, z'
loop_
 _atom_site_type_symbol
 _atom_site_label
 _atom_site_symmetry_multiplicity
 _atom_site_fract_x
 _atom_site_fract_y
 _atom_site_fract_z
 _atom_site_occupancy
  Co  Co0  1  0.75000000  0.12395100  0.90889300  1
  Co  Co1  1  0.25000000  0.87604900  0.09110700  1
  Co  Co2  1  0.25000000  0.67156200  0.48190900  1
  Co  Co3  1  0.75000000  0.32843800  0.51809100  1
  Mo  Mo4  1  0.75000000  0.72430200  0.72144500  1
  Mo  Mo5  1  0.25000000  0.27569800  0.27855500  1
  Mo  Mo6  1  0.25000000  0.06577800  0.67229800  1
  Mo  Mo7  1  0.75000000  0.93422200  0.32770200  1
  Mo  Mo8  1  0.75000000  0.57659000  0.11196000  1
  Mo  Mo9  1  0.25000000  0.42341000  0.88804000  1
",Rotate all surrounding atoms within 3.5216146296934845 angstrom of the center atom at index 6 by 94.04674528411937 degree around the axis [1. 0. 0.] in the cif file. The rotation should following the right-hand rule.,,"data_image0
_chemical_formula_structural       Co4Mo6
_chemical_formula_sum              ""Co4 Mo6""
_cell_length_a       4.298489
_cell_length_b       4.831381
_cell_length_c       7.01771373
_cell_angle_alpha    72.46957472
_cell_angle_beta     90.0
_cell_angle_gamma    90.0

_space_group_name_H-M_alt    ""P 1""
_space_group_IT_number       1

loop_
  _space_group_symop_operation_xyz
  'x, y, z'

loop_
  _atom_site_type_symbol
  _atom_site_label
  _atom_site_symmetry_multiplicity
  _atom_site_fract_x
  _atom_site_fract_y
  _atom_site_fract_z
  _atom_site_occupancy
  Co  Co1       1.0  0.75  0.6838425367275819  0.7720467407192736  1.0000
  Co  Co2       1.0  0.25  0.6363895517038114  0.11372835611600252  1.0000
  Co  Co3       1.0  0.25  0.12143932491024306  0.0620204322536122  1.0000
  Co  Co4       1.0  0.75  0.19879276352115025  0.8237546645816642  1.0000
  Mo  Mo1       1.0  0.75  0.737130406644314  0.1585755489223919  1.0000
  Mo  Mo2       1.0  0.25  0.5831016817870792  0.7271995479128845  1.0000
  Mo  Mo3       1.0  0.25  0.0657780000000001  0.6722979999999997  1.0000
  Mo  Mo4       1.0  0.75  0.2544540884313933  0.2134770968352766  1.0000
  Mo  Mo5       1.0  0.75  0.57659  0.11196  1.0000
  Mo  Mo6       1.0  0.25  0.6000371510171996  0.9826138995660588  1.0000
"
"# generated using pymatgen
data_AgBiTe2
_symmetry_space_group_name_H-M   'P 1'
_cell_length_a   4.44581052
_cell_length_b   4.44581052
_cell_length_c   20.96159700
_cell_angle_alpha   90.00000000
_cell_angle_beta   90.00000000
_cell_angle_gamma   120.00000773
_symmetry_Int_Tables_number   1
_chemical_formula_structural   AgBiTe2
_chemical_formula_sum   'Ag3 Bi3 Te6'
_cell_volume   358.80365899
_cell_formula_units_Z   3
loop_
 _symmetry_equiv_pos_site_id
 _symmetry_equiv_pos_as_xyz
  1  'x, y, z'
loop_
 _atom_site_type_symbol
 _atom_site_label
 _atom_site_symmetry_multiplicity
 _atom_site_fract_x
 _atom_site_fract_y
 _atom_site_fract_z
 _atom_site_occupancy
  Ag  Ag0  1  0.00000000  0.00000000  0.00000000  1
  Ag  Ag1  1  0.66666700  0.33333300  0.33057900  1
  Ag  Ag2  1  0.33333300  0.66666700  0.66942100  1
  Bi  Bi3  1  0.00000000  0.00000000  0.50000000  1
  Bi  Bi4  1  0.66666700  0.33333300  0.83519300  1
  Bi  Bi5  1  0.33333300  0.66666700  0.16480700  1
  Te  Te6  1  0.00000000  0.00000000  0.74583700  1
  Te  Te7  1  0.00000000  0.00000000  0.25416300  1
  Te  Te8  1  0.66666700  0.33333300  0.07562500  1
  Te  Te9  1  0.33333300  0.66666700  0.92437500  1
  Te  Te10  1  0.66666700  0.33333300  0.59031900  1
  Te  Te11  1  0.33333300  0.66666700  0.40968100  1
",Rotate all surrounding atoms within 3.3635347031234497 angstrom of the center atom at index 10 by 49.905488133103816 degree around the axis [-1.  0.  0.] in the cif file. The rotation should following the right-hand rule.,,"data_image0
_chemical_formula_structural       Ag3Bi3Te6
_chemical_formula_sum              ""Ag3 Bi3 Te6""
_cell_length_a       4.44581052
_cell_length_b       4.44581052
_cell_length_c       20.961597
_cell_angle_alpha    90.0
_cell_angle_beta     90.0
_cell_angle_gamma    120.00000773

_space_group_name_H-M_alt    ""P 1""
_space_group_IT_number       1

loop_
  _space_group_symop_operation_xyz
  'x, y, z'

loop_
  _atom_site_type_symbol
  _atom_site_label
  _atom_site_symmetry_multiplicity
  _atom_site_fract_x
  _atom_site_fract_y
  _atom_site_fract_z
  _atom_site_occupancy
  Ag  Ag1       1.0  0.0  0.0  0.0  1.0000
  Ag  Ag2       1.0  0.666667  0.3333330000000001  0.330579  1.0000
  Ag  Ag3       1.0  0.43873016297030276  0.8774612766826608  0.5944277186476727  1.0000
  Bi  Bi1       1.0  0.8712443454969241  0.7424887511685123  0.5789858279754913  1.0000
  Bi  Bi2       1.0  0.666667  0.3333330000000001  0.835193  1.0000
  Bi  Bi3       1.0  0.333333  0.666667  0.164807  1.0000
  Te  Te1       1.0  0.0  0.0  0.745837  1.0000
  Te  Te2       1.0  0.0  0.0  0.254163  1.0000
  Te  Te3       1.0  0.666667  0.3333330000000001  0.075625  1.0000
  Te  Te4       1.0  0.333333  0.666667  0.9243749999999998  1.0000
  Te  Te5       1.0  0.666667  0.3333330000000001  0.590319  1.0000
  Te  Te6       1.0  0.333333  0.666667  0.409681  1.0000
"
"# generated using pymatgen
data_AlC7IN
_symmetry_space_group_name_H-M   'P 1'
_cell_length_a   10.59107003
_cell_length_b   10.59107003
_cell_length_c   10.59107003
_cell_angle_alpha   128.60154576
_cell_angle_beta   117.75493099
_cell_angle_gamma   84.85990104
_symmetry_Int_Tables_number   1
_chemical_formula_structural   AlC7IN
_chemical_formula_sum   'Al4 C28 I4 N4'
_cell_volume   786.16551614
_cell_formula_units_Z   4
loop_
 _symmetry_equiv_pos_site_id
 _symmetry_equiv_pos_as_xyz
  1  'x, y, z'
loop_
 _atom_site_type_symbol
 _atom_site_label
 _atom_site_symmetry_multiplicity
 _atom_site_fract_x
 _atom_site_fract_y
 _atom_site_fract_z
 _atom_site_occupancy
  Al  Al0  1  0.08914100  0.10496100  0.28585000  1
  Al  Al1  1  0.91085900  0.19670900  0.01582000  1
  Al  Al2  1  0.18088900  0.69670900  0.78585000  1
  Al  Al3  1  0.81911100  0.60496100  0.51582000  1
  C  C4  1  0.15725000  0.89989700  0.21029200  1
  C  C5  1  0.84275000  0.05304200  0.74264700  1
  C  C6  1  0.31039600  0.55304200  0.71029200  1
  C  C7  1  0.68960400  0.39989700  0.24264700  1
  C  C8  1  0.18490900  0.23117700  0.26025300  1
  C  C9  1  0.81509100  0.07534400  0.04626800  1
  C  C10  1  0.02907700  0.57534400  0.76025300  1
  C  C11  1  0.97092300  0.73117700  0.54626800  1
  C  C12  1  0.18926700  0.01013100  0.40429300  1
  C  C13  1  0.81073300  0.21502600  0.82086400  1
  C  C14  1  0.39416200  0.71502600  0.90429300  1
  C  C15  1  0.60583800  0.51013100  0.32086400  1
  C  C16  1  0.78684200  0.07171500  0.37333000  1
  C  C17  1  0.21315800  0.58648800  0.28487300  1
  C  C18  1  0.30161500  0.08648800  0.87333000  1
  C  C19  1  0.69838500  0.57171500  0.78487300  1
  C  C20  1  0.79530000  0.10869700  0.64145600  1
  C  C21  1  0.20470000  0.84615600  0.31339700  1
  C  C22  1  0.53275900  0.34615600  0.14145600  1
  C  C23  1  0.46724100  0.60869700  0.81339700  1
  C  C24  1  0.76448600  0.07752900  0.48517700  1
  C  C25  1  0.23551400  0.72069000  0.31304300  1
  C  C26  1  0.40764700  0.22069000  0.98517700  1
  C  C27  1  0.59235300  0.57752900  0.81304300  1
  C  C28  1  0.87408400  0.09042100  0.20413400  1
  C  C29  1  0.12591600  0.33005000  0.21633700  1
  C  C30  1  0.11371300  0.83005000  0.70413400  1
  C  C31  1  0.88628700  0.59042100  0.71633700  1
  I  I32  1  0.40944800  0.23136800  0.35205100  1
  I  I33  1  0.59055200  0.94260300  0.82191900  1
  I  I34  1  0.12068400  0.44260300  0.85205100  1
  I  I35  1  0.87931600  0.73136800  0.32191900  1
  N  N36  1  0.79354800  0.06015500  0.25378800  1
  N  N37  1  0.20645200  0.46024000  0.26660700  1
  N  N38  1  0.19363300  0.96024000  0.75378800  1
  N  N39  1  0.80636700  0.56015500  0.76660700  1
",Rotate all surrounding atoms within 3.1243057389676627 angstrom of the center atom at index 15 by 182.5158853656946 degree around the axis [ 0.  0. -1.] in the cif file. The rotation should following the right-hand rule.,,"data_image0
_chemical_formula_structural       Al4C28I4N4
_chemical_formula_sum              ""Al4 C28 I4 N4""
_cell_length_a       10.59107003
_cell_length_b       10.59107003
_cell_length_c       10.59107003
_cell_angle_alpha    128.60154576
_cell_angle_beta     117.75493098999999
_cell_angle_gamma    84.85990104000001

_space_group_name_H-M_alt    ""P 1""
_space_group_IT_number       1

loop_
  _space_group_symop_operation_xyz
  'x, y, z'

loop_
  _atom_site_type_symbol
  _atom_site_label
  _atom_site_symmetry_multiplicity
  _atom_site_fract_x
  _atom_site_fract_y
  _atom_site_fract_z
  _atom_site_occupancy
  Al  Al1       1.0  0.089141  0.10496099999999998  0.28585  1.0000
  Al  Al2       1.0  0.9108590000000001  0.19670899999999997  0.015819999999999997  1.0000
  Al  Al3       1.0  0.1808889999999999  0.6967089999999998  0.7858499999999998  1.0000
  Al  Al4       1.0  0.5541088450710235  0.6498901493612363  0.51582  1.0000
  C   C1        1.0  0.15724999999999995  0.8998969999999998  0.21029199999999998  1.0000
  C   C2        1.0  0.84275  0.05304199999999999  0.742647  1.0000
  C   C3        1.0  0.3103960000000001  0.553042  0.710292  1.0000
  C   C4        1.0  0.4599362437507865  0.53335548867346  0.24264699999999995  1.0000
  C   C5        1.0  0.184909  0.231177  0.260253  1.0000
  C   C6        1.0  0.815091  0.075344  0.046268  1.0000
  C   C7        1.0  0.029077000000000016  0.575344  0.760253  1.0000
  C   C8        1.0  0.970923  0.731177  0.546268  1.0000
  C   C9        1.0  0.189267  0.010131000000000015  0.404293  1.0000
  C   C10       1.0  0.810733  0.21502599999999997  0.820864  1.0000
  C   C11       1.0  0.39416200000000007  0.7150259999999998  0.9042929999999998  1.0000
  C   C12       1.0  0.605838  0.5101309999999999  0.32086399999999987  1.0000
  C   C13       1.0  0.786842  0.071715  0.37333  1.0000
  C   C14       1.0  0.21315800000000004  0.586488  0.284873  1.0000
  C   C15       1.0  0.3016150000000002  0.08648799999999998  0.87333  1.0000
  C   C16       1.0  0.698385  0.571715  0.784873  1.0000
  C   C17       1.0  0.7952999999999999  0.10869699999999992  0.6414559999999999  1.0000
  C   C18       1.0  0.2047  0.846156  0.313397  1.0000
  C   C19       1.0  0.5332696103301942  0.4632780342187115  0.14145600000000003  1.0000
  C   C20       1.0  0.467241  0.608697  0.813397  1.0000
  C   C21       1.0  0.764486  0.07752899999999996  0.48517699999999997  1.0000
  C   C22       1.0  0.2355139999999999  0.7206899999999999  0.3130429999999999  1.0000
  C   C23       1.0  0.3842489862734695  0.5551612266596477  0.9851769999999996  1.0000
  C   C24       1.0  0.5923529999999999  0.577529  0.813043  1.0000
  C   C25       1.0  0.874084  0.09042099999999999  0.204134  1.0000
  C   C26       1.0  0.125916  0.33004999999999995  0.21633699999999995  1.0000
  C   C27       1.0  0.11371300000000008  0.83005  0.704134  1.0000
  C   C28       1.0  0.8862869999999998  0.590421  0.716337  1.0000
  I   I1        1.0  0.40944800000000003  0.23136799999999993  0.35205099999999995  1.0000
  I   I2        1.0  0.5905520000000001  0.9426029999999999  0.821919  1.0000
  I   I3        1.0  0.12068400000000003  0.442603  0.852051  1.0000
  I   I4        1.0  0.8793159999999999  0.7313679999999999  0.3219189999999999  1.0000
  N   N1        1.0  0.7935480000000001  0.06015499999999999  0.253788  1.0000
  N   N2        1.0  0.206452  0.46024  0.266607  1.0000
  N   N3        1.0  0.1936329999999999  0.9602399999999999  0.7537879999999998  1.0000
  N   N4        1.0  0.806367  0.5601549999999998  0.7666069999999999  1.0000
"
"# generated using pymatgen
data_Mg16Al12Pt
_symmetry_space_group_name_H-M   'P 1'
_cell_length_a   8.96929400
_cell_length_b   8.96929400
_cell_length_c   9.04272067
_cell_angle_alpha   70.99598315
_cell_angle_beta   70.99598315
_cell_angle_gamma   108.72217296
_symmetry_Int_Tables_number   1
_chemical_formula_structural   Mg16Al12Pt
_chemical_formula_sum   'Mg16 Al12 Pt1'
_cell_volume   571.34245170
_cell_formula_units_Z   1
loop_
 _symmetry_equiv_pos_site_id
 _symmetry_equiv_pos_as_xyz
  1  'x, y, z'
loop_
 _atom_site_type_symbol
 _atom_site_label
 _atom_site_symmetry_multiplicity
 _atom_site_fract_x
 _atom_site_fract_y
 _atom_site_fract_z
 _atom_site_occupancy
  Mg  Mg0  1  0.99483500  0.99483500  0.00669300  1
  Mg  Mg1  1  0.69432300  0.69432300  0.70268700  1
  Mg  Mg2  1  0.01013600  0.01013600  0.64848700  1
  Mg  Mg3  1  0.61515800  0.61515800  0.33089000  1
  Mg  Mg4  1  0.33401600  0.58288100  0.01478800  1
  Mg  Mg5  1  0.40792600  0.71388600  0.59701400  1
  Mg  Mg6  1  0.99891300  0.31735000  0.39954000  1
  Mg  Mg7  1  0.00359200  0.35416400  0.00362900  1
  Mg  Mg8  1  0.29752000  0.67732100  0.30990200  1
  Mg  Mg9  1  0.60318200  0.00678700  0.67666800  1
  Mg  Mg10  1  0.00678700  0.60318200  0.67666800  1
  Mg  Mg11  1  0.67732100  0.29752000  0.30990200  1
  Mg  Mg12  1  0.35416400  0.00359200  0.00362900  1
  Mg  Mg13  1  0.31735000  0.99891300  0.39954000  1
  Mg  Mg14  1  0.71388600  0.40792600  0.59701400  1
  Mg  Mg15  1  0.58288100  0.33401600  0.01478800  1
  Al  Al16  1  0.18368400  0.18368400  0.19110100  1
  Al  Al17  1  0.36345100  0.36345100  0.82668500  1
  Al  Al18  1  0.65156700  0.83510000  0.97982700  1
  Al  Al19  1  0.18415600  0.36965700  0.63253700  1
  Al  Al20  1  0.81529000  0.00134500  0.36144600  1
  Al  Al21  1  0.63526700  0.00576800  0.17884700  1
  Al  Al22  1  0.82012700  0.19805900  0.81400600  1
  Al  Al23  1  0.19805900  0.82012700  0.81400600  1
  Al  Al24  1  0.00576800  0.63526700  0.17884700  1
  Al  Al25  1  0.00134500  0.81529000  0.36144600  1
  Al  Al26  1  0.36965700  0.18415600  0.63253700  1
  Al  Al27  1  0.83510000  0.65156700  0.97982700  1
  Pt  Pt28  1  0.32162600  0.32162600  0.35731500  1
",Rotate all surrounding atoms within 3.718511379510436 angstrom of the center atom at index 20 by 136.40472938672036 degree around the axis [0. 0. 1.] in the cif file. The rotation should following the right-hand rule.,,"data_image0
_chemical_formula_structural       Mg16Al12Pt
_chemical_formula_sum              ""Mg16 Al12 Pt1""
_cell_length_a       8.969294
_cell_length_b       8.969294
_cell_length_c       9.04272067
_cell_angle_alpha    70.99598315
_cell_angle_beta     70.99598315
_cell_angle_gamma    108.72217296

_space_group_name_H-M_alt    ""P 1""
_space_group_IT_number       1

loop_
  _space_group_symop_operation_xyz
  'x, y, z'

loop_
  _atom_site_type_symbol
  _atom_site_label
  _atom_site_symmetry_multiplicity
  _atom_site_fract_x
  _atom_site_fract_y
  _atom_site_fract_z
  _atom_site_occupancy
  Mg  Mg1       1.0  0.3844086738375215  0.39131851744744384  0.00669300000000002  1.0000
  Mg  Mg2       1.0  0.004038162281501462  0.04653856413669699  0.7026870000000001  1.0000
  Mg  Mg3       1.0  0.8959371201601395  0.23602298923146825  0.6484869999999999  1.0000
  Mg  Mg4       1.0  0.4993287904887677  0.2858114417414668  0.33089  1.0000
  Mg  Mg5       1.0  0.334016  0.582881  0.014788  1.0000
  Mg  Mg6       1.0  0.24363370647876806  0.8821121619299781  0.5970140000000003  1.0000
  Mg  Mg7       1.0  0.45427639335933123  0.8096764063387262  0.39954  1.0000
  Mg  Mg8       1.0  0.3403913448307141  0.28514823898667996  0.003629000000000069  1.0000
  Mg  Mg9       1.0  0.2975199999999999  0.6773209999999997  0.309902  1.0000
  Mg  Mg10      1.0  0.5772404997139339  0.6542624036018941  0.676668  1.0000
  Mg  Mg11      1.0  0.006787000000000015  0.6031820000000001  0.676668  1.0000
  Mg  Mg12      1.0  0.7226171358864327  0.6478260384722556  0.309902  1.0000
  Mg  Mg13      1.0  0.354164  0.0035920000000000006  0.003629  1.0000
  Mg  Mg14      1.0  0.31735  0.9989129999999999  0.39954  1.0000
  Mg  Mg15      1.0  0.7138859999999998  0.40792599999999984  0.5970140000000003  1.0000
  Mg  Mg16      1.0  0.582881  0.33401599999999987  0.014788  1.0000
  Al  Al1       1.0  0.1750777747127994  0.46810414506691034  0.19110100000000005  1.0000
  Al  Al2       1.0  0.3634510000000001  0.363451  0.826685  1.0000
  Al  Al3       1.0  0.6515669999999999  0.8351  0.979827  1.0000
  Al  Al4       1.0  0.184156  0.3696569999999999  0.632537  1.0000
  Al  Al5       1.0  0.8152900000000001  0.0013450000000000046  0.361446  1.0000
  Al  Al6       1.0  0.09624626472896969  0.9746126313098895  0.17884700000000003  1.0000
  Al  Al7       1.0  0.8201270000000002  0.19805899999999996  0.814006  1.0000
  Al  Al8       1.0  0.198059  0.820127  0.814006  1.0000
  Al  Al9       1.0  0.00576800000000001  0.6352670000000001  0.178847  1.0000
  Al  Al10      1.0  0.6219313604926562  0.6290215677626785  0.361446  1.0000
  Al  Al11      1.0  0.369657  0.18415599999999996  0.632537  1.0000
  Al  Al12      1.0  0.8351  0.6515669999999999  0.979827  1.0000
  Pt  Pt1       1.0  0.321626  0.32162599999999997  0.3573150000000001  1.0000
"
"# generated using pymatgen
data_Mg16MnAl12
_symmetry_space_group_name_H-M   'P 1'
_cell_length_a   9.06097612
_cell_length_b   9.06097612
_cell_length_c   9.06097612
_cell_angle_alpha   109.47122063
_cell_angle_beta   109.47122063
_cell_angle_gamma   109.47122063
_symmetry_Int_Tables_number   1
_chemical_formula_structural   Mg16MnAl12
_chemical_formula_sum   'Mg16 Mn1 Al12'
_cell_volume   572.66819820
_cell_formula_units_Z   1
loop_
 _symmetry_equiv_pos_site_id
 _symmetry_equiv_pos_as_xyz
  1  'x, y, z'
loop_
 _atom_site_type_symbol
 _atom_site_label
 _atom_site_symmetry_multiplicity
 _atom_site_fract_x
 _atom_site_fract_y
 _atom_site_fract_z
 _atom_site_occupancy
  Mg  Mg0  1  0.28609900  0.60017100  0.60017100  1
  Mg  Mg1  1  0.33101500  0.33101500  0.33101500  1
  Mg  Mg2  1  0.71390100  0.31407300  0.31407300  1
  Mg  Mg3  1  0.66898500  0.00000000  0.00000000  1
  Mg  Mg4  1  0.00000000  0.68592700  0.39982900  1
  Mg  Mg5  1  0.39982900  0.00000000  0.68592700  1
  Mg  Mg6  1  0.60017100  0.60017100  0.28609900  1
  Mg  Mg7  1  0.00000000  0.00000000  0.66898500  1
  Mg  Mg8  1  0.68592700  0.39982900  0.00000000  1
  Mg  Mg9  1  0.31407300  0.71390100  0.31407300  1
  Mg  Mg10  1  0.31407300  0.31407300  0.71390100  1
  Mg  Mg11  1  0.68592700  0.00000000  0.39982900  1
  Mg  Mg12  1  0.00000000  0.66898500  0.00000000  1
  Mg  Mg13  1  0.60017100  0.28609900  0.60017100  1
  Mg  Mg14  1  0.39982900  0.68592700  0.00000000  1
  Mg  Mg15  1  0.00000000  0.39982900  0.68592700  1
  Mn  Mn16  1  0.00000000  0.00000000  0.00000000  1
  Al  Al17  1  0.17828600  0.81634200  0.81634200  1
  Al  Al18  1  0.82171400  0.63805600  0.63805600  1
  Al  Al19  1  0.00000000  0.36194400  0.18365800  1
  Al  Al20  1  0.36194400  0.18365800  0.00000000  1
  Al  Al21  1  0.63805600  0.82171400  0.63805600  1
  Al  Al22  1  0.81634200  0.17828600  0.81634200  1
  Al  Al23  1  0.18365800  0.36194400  0.00000000  1
  Al  Al24  1  0.81634200  0.81634200  0.17828600  1
  Al  Al25  1  0.18365800  0.00000000  0.36194400  1
  Al  Al26  1  0.36194400  0.00000000  0.18365800  1
  Al  Al27  1  0.63805600  0.63805600  0.82171400  1
  Al  Al28  1  0.00000000  0.18365800  0.36194400  1
",Rotate all surrounding atoms within 3.6762170497255546 angstrom of the center atom at index 13 by 138.0091746591931 degree around the axis [0. 0. 1.] in the cif file. The rotation should following the right-hand rule.,,"data_image0
_chemical_formula_structural       Mg16MnAl12
_chemical_formula_sum              ""Mg16 Mn1 Al12""
_cell_length_a       9.06097612
_cell_length_b       9.06097612
_cell_length_c       9.06097612
_cell_angle_alpha    109.47122063
_cell_angle_beta     109.47122063
_cell_angle_gamma    109.47122063

_space_group_name_H-M_alt    ""P 1""
_space_group_IT_number       1

loop_
  _space_group_symop_operation_xyz
  'x, y, z'

loop_
  _atom_site_type_symbol
  _atom_site_label
  _atom_site_symmetry_multiplicity
  _atom_site_fract_x
  _atom_site_fract_y
  _atom_site_fract_z
  _atom_site_occupancy
  Mg  Mg1       1.0  0.28609900000000005  0.6001710000000002  0.600171  1.0000
  Mg  Mg2       1.0  0.4064185929241218  0.8801600439956262  0.3310149999999999  1.0000
  Mg  Mg3       1.0  0.20564989258015443  0.15769335080241234  0.314073  1.0000
  Mg  Mg4       1.0  0.668985  0.0  0.0  1.0000
  Mg  Mg5       1.0  4.9011188636711983e-17  0.685927  0.399829  1.0000
  Mg  Mg6       1.0  0.290139728329453  0.4989324404224781  0.6859269999999998  1.0000
  Mg  Mg7       1.0  0.600171  0.6001710000000002  0.286099  1.0000
  Mg  Mg8       1.0  0.0  0.0  0.668985  1.0000
  Mg  Mg9       1.0  0.8109306686312836  0.8543547886310316  0.0  1.0000
  Mg  Mg10      1.0  0.31407300000000005  0.713901  0.314073  1.0000
  Mg  Mg11      1.0  0.8513233109593406  0.1279064461505528  0.713901  1.0000
  Mg  Mg12      1.0  0.5377203364660113  0.500029821888161  0.399829  1.0000
  Mg  Mg13      1.0  0.9675125679119829  0.10391058480595805  0.0  1.0000
  Mg  Mg14      1.0  0.600171  0.286099  0.600171  1.0000
  Mg  Mg15      1.0  0.39982899999999993  0.685927  0.0  1.0000
  Mg  Mg16      1.0  0.41189840853792103  0.5128476678049165  0.6859269999999998  1.0000
  Mn  Mn1       1.0  0.0  0.0  0.0  1.0000
  Al  Al1       1.0  0.17828599999999986  0.816342  0.8163419999999998  1.0000
  Al  Al2       1.0  0.2801465671811722  0.12252355098889271  0.6380559999999997  1.0000
  Al  Al3       1.0  0.0  0.3619440000000001  0.18365799999999993  1.0000
  Al  Al4       1.0  0.36194399999999993  0.18365800000000002  0.0  1.0000
  Al  Al5       1.0  0.638056  0.821714  0.6380559999999997  1.0000
  Al  Al6       1.0  0.8066876169801123  0.6824150585648451  0.8163419999999998  1.0000
  Al  Al7       1.0  0.18365800000000004  0.3619440000000001  0.0  1.0000
  Al  Al8       1.0  0.8163420000000001  0.8163420000000002  0.178286  1.0000
  Al  Al9       1.0  0.040653909889884134  0.13977893115184148  0.36194399999999993  1.0000
  Al  Al10      1.0  0.7527437808615232  0.15306111269680966  0.18365800000000002  1.0000
  Al  Al11      1.0  0.5767318205218203  0.10884115922405595  0.821714  1.0000
  Al  Al12      1.0  0.0  0.18365800000000002  0.36194399999999993  1.0000
"
"# generated using pymatgen
data_Mg16TaAl12
_symmetry_space_group_name_H-M   'P 1'
_cell_length_a   9.03759984
_cell_length_b   9.03759984
_cell_length_c   9.03759992
_cell_angle_alpha   109.33044062
_cell_angle_beta   109.33044062
_cell_angle_gamma   109.33043044
_symmetry_Int_Tables_number   1
_chemical_formula_structural   Mg16TaAl12
_chemical_formula_sum   'Mg16 Ta1 Al12'
_cell_volume   571.19008743
_cell_formula_units_Z   1
loop_
 _symmetry_equiv_pos_site_id
 _symmetry_equiv_pos_as_xyz
  1  'x, y, z'
loop_
 _atom_site_type_symbol
 _atom_site_label
 _atom_site_symmetry_multiplicity
 _atom_site_fract_x
 _atom_site_fract_y
 _atom_site_fract_z
 _atom_site_occupancy
  Mg  Mg0  1  0.00087900  0.00087900  0.00087900  1
  Mg  Mg1  1  0.00028300  0.00028300  0.65489600  1
  Mg  Mg2  1  0.59668400  0.59668400  0.28417900  1
  Mg  Mg3  1  0.31810900  0.31810900  0.71672400  1
  Mg  Mg4  1  0.68560800  0.39765800  0.00046400  1
  Mg  Mg5  1  0.59668400  0.28417900  0.59668400  1
  Mg  Mg6  1  0.00046400  0.68560800  0.39765800  1
  Mg  Mg7  1  0.00028300  0.65489600  0.00028300  1
  Mg  Mg8  1  0.39765800  0.00046400  0.68560800  1
  Mg  Mg9  1  0.71672400  0.31810900  0.31810900  1
  Mg  Mg10  1  0.31810900  0.71672400  0.31810900  1
  Mg  Mg11  1  0.00046400  0.39765800  0.68560800  1
  Mg  Mg12  1  0.65489600  0.00028300  0.00028300  1
  Mg  Mg13  1  0.68560800  0.00046400  0.39765800  1
  Mg  Mg14  1  0.28417900  0.59668400  0.59668400  1
  Mg  Mg15  1  0.39765800  0.68560800  0.00046400  1
  Ta  Ta16  1  0.33227200  0.33227200  0.33227200  1
  Al  Al17  1  0.81378100  0.81378100  0.18142300  1
  Al  Al18  1  0.62983400  0.62983400  0.81467100  1
  Al  Al19  1  0.36764400  0.18923300  0.00817900  1
  Al  Al20  1  0.18923300  0.00817900  0.36764400  1
  Al  Al21  1  0.81467100  0.62983400  0.62983400  1
  Al  Al22  1  0.36764400  0.00817900  0.18923300  1
  Al  Al23  1  0.18142300  0.81378100  0.81378100  1
  Al  Al24  1  0.81378100  0.18142300  0.81378100  1
  Al  Al25  1  0.00817900  0.36764400  0.18923300  1
  Al  Al26  1  0.62983400  0.81467100  0.62983400  1
  Al  Al27  1  0.00817900  0.18923300  0.36764400  1
  Al  Al28  1  0.18923300  0.36764400  0.00817900  1
",Rotate all surrounding atoms within 3.5703304220252665 angstrom of the center atom at index 11 by 80.97797538076796 degree around the axis [ 0. -1.  0.] in the cif file. The rotation should following the right-hand rule.,,"data_image0
_chemical_formula_structural       Mg16TaAl12
_chemical_formula_sum              ""Mg16 Ta1 Al12""
_cell_length_a       9.03759984
_cell_length_b       9.03759984
_cell_length_c       9.03759992
_cell_angle_alpha    109.33044062
_cell_angle_beta     109.33044062
_cell_angle_gamma    109.33043044

_space_group_name_H-M_alt    ""P 1""
_space_group_IT_number       1

loop_
  _space_group_symop_operation_xyz
  'x, y, z'

loop_
  _atom_site_type_symbol
  _atom_site_label
  _atom_site_symmetry_multiplicity
  _atom_site_fract_x
  _atom_site_fract_y
  _atom_site_fract_z
  _atom_site_occupancy
  Mg  Mg1       1.0  0.0008789999999999999  0.000879  0.0008790000000000002  1.0000
  Mg  Mg2       1.0  0.0029786251933287084  0.09743566293463736  0.8512419717359263  1.0000
  Mg  Mg3       1.0  0.596684  0.5966840000000001  0.2841790000000001  1.0000
  Mg  Mg4       1.0  0.19742771417488064  0.5039794200654205  0.09236896064573119  1.0000
  Mg  Mg5       1.0  0.685608  0.397658  0.0004640000000000001  1.0000
  Mg  Mg6       1.0  0.5418245955230228  0.7165192596946008  0.47044562264754886  1.0000
  Mg  Mg7       1.0  0.00046400000000007584  0.685608  0.397658  1.0000
  Mg  Mg8       1.0  0.8062418459396287  0.025160654156610063  0.7485895427527969  1.0000
  Mg  Mg9       1.0  0.39765800000000007  0.00046400000000013054  0.6856080000000002  1.0000
  Mg  Mg10      1.0  0.9539975262479068  0.9864710733804163  0.668871776905104  1.0000
  Mg  Mg11      1.0  0.3181089999999999  0.7167239999999999  0.318109  1.0000
  Mg  Mg12      1.0  0.00046400000000012496  0.3976580000000002  0.6856080000000002  1.0000
  Mg  Mg13      1.0  0.654896  0.00028300000000000005  0.0002830000000000001  1.0000
  Mg  Mg14      1.0  0.8134755674168774  0.6640622908740735  0.7387931508875263  1.0000
  Mg  Mg15      1.0  0.33216021841369886  0.7811425323570865  0.9694755291936115  1.0000
  Mg  Mg16      1.0  0.10767475349574585  0.2865156622386129  0.2149011065277242  1.0000
  Ta  Ta1       1.0  0.33227200000000007  0.332272  0.332272  1.0000
  Al  Al1       1.0  0.813781  0.813781  0.181423  1.0000
  Al  Al2       1.0  0.6298339999999999  0.6298340000000001  0.8146710000000003  1.0000
  Al  Al3       1.0  0.367644  0.189233  0.008179  1.0000
  Al  Al4       1.0  0.18923299999999998  0.008179000000000002  0.367644  1.0000
  Al  Al5       1.0  0.6962399586407013  0.10352597554693466  0.5871676276417594  1.0000
  Al  Al6       1.0  0.367644  0.008179000000000028  0.18923300000000007  1.0000
  Al  Al7       1.0  0.023949379721009707  0.7607756834356556  0.7066570151947817  1.0000
  Al  Al8       1.0  0.4482080193590882  0.6300096366386309  0.7203766240213441  1.0000
  Al  Al9       1.0  0.008178999999999997  0.3676440000000001  0.18923300000000007  1.0000
  Al  Al10      1.0  0.6298339999999999  0.814671  0.629834  1.0000
  Al  Al11      1.0  0.35335871015228826  0.4303276982933108  0.8548974770212965  1.0000
  Al  Al12      1.0  0.9159233008041024  0.902325218594217  0.08877216402331833  1.0000
"
"# generated using pymatgen
data_Na(MoSe)3
_symmetry_space_group_name_H-M   'P 1'
_cell_length_a   8.77882209
_cell_length_b   8.77717935
_cell_length_c   4.48533995
_cell_angle_alpha   90.00000000
_cell_angle_beta   90.00000000
_cell_angle_gamma   120.02338483
_symmetry_Int_Tables_number   1
_chemical_formula_structural   Na(MoSe)3
_chemical_formula_sum   'Na2 Mo6 Se6'
_cell_volume   299.23668190
_cell_formula_units_Z   2
loop_
 _symmetry_equiv_pos_site_id
 _symmetry_equiv_pos_as_xyz
  1  'x, y, z'
loop_
 _atom_site_type_symbol
 _atom_site_label
 _atom_site_symmetry_multiplicity
 _atom_site_fract_x
 _atom_site_fract_y
 _atom_site_fract_z
 _atom_site_occupancy
  Na  Na0  1  0.33330615  0.66667230  0.25000100  1
  Na  Na1  1  0.66669385  0.33332770  0.75000000  1
  Mo  Mo2  1  0.14766593  0.19118847  0.25000100  1
  Mo  Mo3  1  0.85233407  0.80881153  0.75000000  1
  Mo  Mo4  1  0.80882362  0.95643706  0.25000100  1
  Mo  Mo5  1  0.04349344  0.85237212  0.25000100  1
  Mo  Mo6  1  0.95650656  0.14762788  0.75000000  1
  Mo  Mo7  1  0.19117638  0.04356094  0.75000000  1
  Se  Se8  1  0.91362333  0.29504190  0.25000100  1
  Se  Se9  1  0.08637667  0.70496010  0.75000000  1
  Se  Se10  1  0.70498943  0.61850978  0.25000100  1
  Se  Se11  1  0.38154228  0.08664718  0.25000100  1
  Se  Se12  1  0.61845872  0.91335282  0.75000000  1
  Se  Se13  1  0.29501057  0.38149122  0.75000000  1
",Rotate all surrounding atoms within 2.814036155953644 angstrom of the center atom at index 6 by 211.88081032212503 degree around the axis [1. 0. 0.] in the cif file. The rotation should following the right-hand rule.,,"data_image0
_chemical_formula_structural       Na2Mo6Se6
_chemical_formula_sum              ""Na2 Mo6 Se6""
_cell_length_a       8.77882209
_cell_length_b       8.77717935
_cell_length_c       4.48533995
_cell_angle_alpha    90.0
_cell_angle_beta     90.0
_cell_angle_gamma    120.02338482999998

_space_group_name_H-M_alt    ""P 1""
_space_group_IT_number       1

loop_
  _space_group_symop_operation_xyz
  'x, y, z'

loop_
  _atom_site_type_symbol
  _atom_site_label
  _atom_site_symmetry_multiplicity
  _atom_site_fract_x
  _atom_site_fract_y
  _atom_site_fract_z
  _atom_site_occupancy
  Na  Na1       1.0  0.33330615  0.6666723  0.250001  1.0000
  Na  Na2       1.0  0.66669385  0.3333277  0.75  1.0000
  Mo  Mo1       1.0  0.029398225782695093  0.9547758973426647  0.13559343548459757  1.0000
  Mo  Mo2       1.0  0.24070302336619456  0.5861846919401885  0.15834232279746696  1.0000
  Mo  Mo3       1.0  0.9826591067240561  0.3049661084468328  0.45081364209147085  1.0000
  Mo  Mo4       1.0  0.043493440000000126  0.8523721200000002  0.250001  1.0000
  Mo  Mo5       1.0  0.95650656  0.14762788  0.75  1.0000
  Mo  Mo6       1.0  0.2874439925342442  0.23599617913327273  0.8431239058829955  1.0000
  Se  Se1       1.0  0.6992855216786225  0.8665888999325707  0.042660588213925044  1.0000
  Se  Se2       1.0  0.08637667  0.7049601  0.75  1.0000
  Se  Se3       1.0  0.70498943  0.61850978  0.250001  1.0000
  Se  Se4       1.0  0.38154228  0.08664718  0.250001  1.0000
  Se  Se5       1.0  0.9101212611323952  0.4974135991560803  0.06479394661914445  1.0000
  Se  Se6       1.0  0.07867418688847336  0.9490431461217262  0.5407282787055816  1.0000
"
"# generated using pymatgen
data_C2N2O5
_symmetry_space_group_name_H-M   'P 1'
_cell_length_a   3.89708100
_cell_length_b   9.20535400
_cell_length_c   10.19655500
_cell_angle_alpha   90.00000000
_cell_angle_beta   90.00000000
_cell_angle_gamma   90.00000000
_symmetry_Int_Tables_number   1
_chemical_formula_structural   C2N2O5
_chemical_formula_sum   'C4 N4 O10'
_cell_volume   365.79131779
_cell_formula_units_Z   2
loop_
 _symmetry_equiv_pos_site_id
 _symmetry_equiv_pos_as_xyz
  1  'x, y, z'
loop_
 _atom_site_type_symbol
 _atom_site_label
 _atom_site_symmetry_multiplicity
 _atom_site_fract_x
 _atom_site_fract_y
 _atom_site_fract_z
 _atom_site_occupancy
  C  C0  1  0.07181200  0.45708100  0.68573300  1
  C  C1  1  0.07181200  0.54291900  0.31426700  1
  C  C2  1  0.92818800  0.04291900  0.18573300  1
  C  C3  1  0.92818800  0.95708100  0.81426700  1
  N  N4  1  0.56608600  0.37845200  0.95726700  1
  N  N5  1  0.56608600  0.62154800  0.04273300  1
  N  N6  1  0.43391400  0.12154800  0.45726700  1
  N  N7  1  0.43391400  0.87845200  0.54273300  1
  O  O8  1  0.22912400  0.55346700  0.73187100  1
  O  O9  1  0.22912400  0.44653300  0.26812900  1
  O  O10  1  0.77087600  0.94653300  0.23187100  1
  O  O11  1  0.77087600  0.05346700  0.76812900  1
  O  O12  1  0.91364100  0.36136100  0.63896800  1
  O  O13  1  0.91364100  0.63863900  0.36103200  1
  O  O14  1  0.08635900  0.13863900  0.13896800  1
  O  O15  1  0.08635900  0.86136100  0.86103200  1
  O  O16  1  0.43390800  0.00000000  0.50000000  1
  O  O17  1  0.56609200  0.50000000  0.00000000  1
",Rotate all surrounding atoms within 2.0825941306179643 angstrom of the center atom at index 2 by 104.27211028459809 degree around the axis [1. 0. 0.] in the cif file. The rotation should following the right-hand rule.,,"data_image0
_chemical_formula_structural       C4N4O10
_chemical_formula_sum              ""C4 N4 O10""
_cell_length_a       3.897081
_cell_length_b       9.205354
_cell_length_c       10.196555
_cell_angle_alpha    90.0
_cell_angle_beta     90.0
_cell_angle_gamma    90.0

_space_group_name_H-M_alt    ""P 1""
_space_group_IT_number       1

loop_
  _space_group_symop_operation_xyz
  'x, y, z'

loop_
  _atom_site_type_symbol
  _atom_site_label
  _atom_site_symmetry_multiplicity
  _atom_site_fract_x
  _atom_site_fract_y
  _atom_site_fract_z
  _atom_site_occupancy
  C   C1        1.0  0.07181200000000003  0.45708099999999996  0.685733  1.0000
  C   C2        1.0  0.07181200000000003  0.5429189999999999  0.314267  1.0000
  C   C3        1.0  0.9281880000000002  0.042918999999999985  0.185733  1.0000
  C   C4        1.0  0.9281880000000002  0.957081  0.8142670000000001  1.0000
  N   N1        1.0  0.5660860000000002  0.378452  0.957267  1.0000
  N   N2        1.0  0.5660860000000002  0.621548  0.042733  1.0000
  N   N3        1.0  0.43391400000000013  0.12154799999999999  0.4572669999999999  1.0000
  N   N4        1.0  0.43391400000000013  0.8784519999999999  0.542733  1.0000
  O   O1        1.0  0.22912400000000005  0.5534669999999999  0.731871  1.0000
  O   O2        1.0  0.22912400000000005  0.44653299999999996  0.268129  1.0000
  O   O3        1.0  0.7708760000000002  0.7706248428647042  0.9649547682305266  1.0000
  O   O4        1.0  0.7708760000000002  0.053467  0.768129  1.0000
  O   O5        1.0  0.9136410000000003  0.361361  0.638968  1.0000
  O   O6        1.0  0.9136410000000003  0.638639  0.361032  1.0000
  O   O7        1.0  0.08635900000000005  0.06952312371894784  0.281009835964597  1.0000
  O   O8        1.0  0.08635900000000003  0.8613609999999998  0.8610319999999999  1.0000
  O   O9        1.0  0.4339080000000001  0.0  0.5  1.0000
  O   O10       1.0  0.566092  0.4999999999999999  0.0  1.0000
"
"# generated using pymatgen
data_Nb4SiC3
_symmetry_space_group_name_H-M   'P 1'
_cell_length_a   3.20602467
_cell_length_b   3.20602467
_cell_length_c   23.00489900
_cell_angle_alpha   90.00000000
_cell_angle_beta   90.00000000
_cell_angle_gamma   120.00001378
_symmetry_Int_Tables_number   1
_chemical_formula_structural   Nb4SiC3
_chemical_formula_sum   'Nb8 Si2 C6'
_cell_volume   204.77862445
_cell_formula_units_Z   2
loop_
 _symmetry_equiv_pos_site_id
 _symmetry_equiv_pos_as_xyz
  1  'x, y, z'
loop_
 _atom_site_type_symbol
 _atom_site_label
 _atom_site_symmetry_multiplicity
 _atom_site_fract_x
 _atom_site_fract_y
 _atom_site_fract_z
 _atom_site_occupancy
  Nb  Nb0  1  0.33333300  0.66666700  0.44233900  1
  Nb  Nb1  1  0.66666700  0.33333300  0.55766100  1
  Nb  Nb2  1  0.66666700  0.33333300  0.94233900  1
  Nb  Nb3  1  0.33333300  0.66666700  0.05766100  1
  Nb  Nb4  1  0.00000000  0.00000000  0.33480200  1
  Nb  Nb5  1  0.00000000  0.00000000  0.66519800  1
  Nb  Nb6  1  0.00000000  0.00000000  0.83480200  1
  Nb  Nb7  1  0.00000000  0.00000000  0.16519800  1
  Si  Si8  1  0.33333300  0.66666700  0.25000000  1
  Si  Si9  1  0.66666700  0.33333300  0.75000000  1
  C  C10  1  0.00000000  0.00000000  0.50000000  1
  C  C11  1  0.00000000  0.00000000  0.00000000  1
  C  C12  1  0.66666700  0.33333300  0.38652600  1
  C  C13  1  0.33333300  0.66666700  0.61347400  1
  C  C14  1  0.33333300  0.66666700  0.88652600  1
  C  C15  1  0.66666700  0.33333300  0.11347400  1
",Rotate all surrounding atoms within 3.496547596721193 angstrom of the center atom at index 13 by 219.93008693610312 degree around the axis [0. 1. 0.] in the cif file. The rotation should following the right-hand rule.,,"data_image0
_chemical_formula_structural       Nb8Si2C6
_chemical_formula_sum              ""Nb8 Si2 C6""
_cell_length_a       3.20602467
_cell_length_b       3.20602467
_cell_length_c       23.004899
_cell_angle_alpha    90.0
_cell_angle_beta     90.0
_cell_angle_gamma    120.00001378

_space_group_name_H-M_alt    ""P 1""
_space_group_IT_number       1

loop_
  _space_group_symop_operation_xyz
  'x, y, z'

loop_
  _atom_site_type_symbol
  _atom_site_label
  _atom_site_symmetry_multiplicity
  _atom_site_fract_x
  _atom_site_fract_y
  _atom_site_fract_z
  _atom_site_occupancy
  Nb  Nb1       1.0  0.3333329999999999  0.6666669999999999  0.442339  1.0000
  Nb  Nb2       1.0  0.04030479032841861  0.333333  0.700998217539715  1.0000
  Nb  Nb3       1.0  0.6666669999999998  0.333333  0.942339  1.0000
  Nb  Nb4       1.0  0.3333329999999999  0.6666669999999999  0.057661000000000004  1.0000
  Nb  Nb5       1.0  0.0  0.0  0.334802  1.0000
  Nb  Nb6       1.0  0.761777489492856  0.9999999999999999  0.5738106347843208  1.0000
  Nb  Nb7       1.0  0.0  0.0  0.8348020000000002  1.0000
  Nb  Nb8       1.0  0.0  0.0  0.165198  1.0000
  Si  Si1       1.0  0.3333329999999999  0.6666669999999999  0.25  1.0000
  Si  Si2       1.0  0.6666669999999998  0.333333  0.7500000000000001  1.0000
  C   C1        1.0  0.5226176376556987  0.9999999999999999  0.700489121507823  1.0000
  C   C2        1.0  0.0  0.0  0.0  1.0000
  C   C3        1.0  0.6666669999999998  0.333333  0.386526  1.0000
  C   C4        1.0  0.3333329999999999  0.6666669999999999  0.613474  1.0000
  C   C5        1.0  0.3333329999999999  0.6666669999999999  0.8865260000000001  1.0000
  C   C6        1.0  0.6666669999999998  0.333333  0.11347400000000002  1.0000
"
"# generated using pymatgen
data_Hg5Br11N
_symmetry_space_group_name_H-M   'P 1'
_cell_length_a   10.24811022
_cell_length_b   10.24811022
_cell_length_c   6.96432428
_cell_angle_alpha   72.49312372
_cell_angle_beta   72.49312372
_cell_angle_gamma   101.89532646
_symmetry_Int_Tables_number   1
_chemical_formula_structural   Hg5Br11N
_chemical_formula_sum   'Hg5 Br11 N1'
_cell_volume   628.85984739
_cell_formula_units_Z   1
loop_
 _symmetry_equiv_pos_site_id
 _symmetry_equiv_pos_as_xyz
  1  'x, y, z'
loop_
 _atom_site_type_symbol
 _atom_site_label
 _atom_site_symmetry_multiplicity
 _atom_site_fract_x
 _atom_site_fract_y
 _atom_site_fract_z
 _atom_site_occupancy
  Hg  Hg0  1  0.14832600  0.48225600  0.68389100  1
  Hg  Hg1  1  0.48225600  0.14832600  0.68389100  1
  Hg  Hg2  1  0.85167400  0.51774400  0.31610900  1
  Hg  Hg3  1  0.51774400  0.85167400  0.31610900  1
  Hg  Hg4  1  0.00000000  0.00000000  0.00000000  1
  Br  Br5  1  0.07902600  0.32798400  0.07155400  1
  Br  Br6  1  0.32798400  0.07902600  0.07155400  1
  Br  Br7  1  0.92097400  0.67201600  0.92844600  1
  Br  Br8  1  0.67201600  0.92097400  0.92844600  1
  Br  Br9  1  0.20423100  0.63961600  0.30213300  1
  Br  Br10  1  0.63961600  0.20423100  0.30213300  1
  Br  Br11  1  0.79576900  0.36038400  0.69786700  1
  Br  Br12  1  0.36038400  0.79576900  0.69786700  1
  Br  Br13  1  0.14422400  0.14422400  0.60517200  1
  Br  Br14  1  0.85577600  0.85577600  0.39482800  1
  Br  Br15  1  0.50000000  0.50000000  0.50000000  1
  N  N16  1  0.50000000  0.50000000  0.00000000  1
",Rotate all surrounding atoms within 2.6992414985896946 angstrom of the center atom at index 2 by 126.09435143422296 degree around the axis [ 0.  0. -1.] in the cif file. The rotation should following the right-hand rule.,,"data_image0
_chemical_formula_structural       Hg5Br11N
_chemical_formula_sum              ""Hg5 Br11 N1""
_cell_length_a       10.24811022
_cell_length_b       10.24811022
_cell_length_c       6.96432428
_cell_angle_alpha    72.49312371999999
_cell_angle_beta     72.49312371999999
_cell_angle_gamma    101.89532645999999

_space_group_name_H-M_alt    ""P 1""
_space_group_IT_number       1

loop_
  _space_group_symop_operation_xyz
  'x, y, z'

loop_
  _atom_site_type_symbol
  _atom_site_label
  _atom_site_symmetry_multiplicity
  _atom_site_fract_x
  _atom_site_fract_y
  _atom_site_fract_z
  _atom_site_occupancy
  Hg  Hg1       1.0  0.14832600000000004  0.482256  0.683891  1.0000
  Hg  Hg2       1.0  0.482256  0.148326  0.683891  1.0000
  Hg  Hg3       1.0  0.8516740000000002  0.5177439999999999  0.316109  1.0000
  Hg  Hg4       1.0  0.5177440000000001  0.851674  0.316109  1.0000
  Hg  Hg5       1.0  0.0  0.0  0.0  1.0000
  Br  Br1       1.0  0.07902600000000001  0.327984  0.071554  1.0000
  Br  Br2       1.0  0.32798400000000005  0.079026  0.071554  1.0000
  Br  Br3       1.0  0.7792439809408642  0.041947562680158375  0.928446  1.0000
  Br  Br4       1.0  0.6720160000000001  0.9209739999999997  0.928446  1.0000
  Br  Br5       1.0  0.204231  0.639616  0.302133  1.0000
  Br  Br6       1.0  0.639616  0.20423099999999997  0.302133  1.0000
  Br  Br7       1.0  0.6724064072268889  0.40916302110736424  0.697867  1.0000
  Br  Br8       1.0  0.360384  0.7957689999999997  0.697867  1.0000
  Br  Br9       1.0  0.144224  0.144224  0.605172  1.0000
  Br  Br10      1.0  0.8557760000000001  0.855776  0.39482800000000007  1.0000
  Br  Br11      1.0  0.5000000000000001  0.5  0.5  1.0000
  N   N1        1.0  0.5  0.5  0.0  1.0000
"
"# generated using pymatgen
data_UTlB5O11F
_symmetry_space_group_name_H-M   'P 1'
_cell_length_a   6.43576100
_cell_length_b   6.43998584
_cell_length_c   7.52378701
_cell_angle_alpha   88.02326011
_cell_angle_beta   73.18009350
_cell_angle_gamma   60.76535435
_symmetry_Int_Tables_number   1
_chemical_formula_structural   UTlB5O11F
_chemical_formula_sum   'U1 Tl1 B5 O11 F1'
_cell_volume   258.33312166
_cell_formula_units_Z   1
loop_
 _symmetry_equiv_pos_site_id
 _symmetry_equiv_pos_as_xyz
  1  'x, y, z'
loop_
 _atom_site_type_symbol
 _atom_site_label
 _atom_site_symmetry_multiplicity
 _atom_site_fract_x
 _atom_site_fract_y
 _atom_site_fract_z
 _atom_site_occupancy
  U  U0  1  0.37458000  0.42703900  0.88216500  1
  Tl  Tl1  1  0.03037300  0.84168600  0.41511300  1
  B  B2  1  0.48514800  0.89816800  0.27052600  1
  B  B3  1  0.03054500  0.10476900  0.88989200  1
  B  B4  1  0.82166500  0.85257800  0.99086500  1
  B  B5  1  0.81729800  0.52708400  0.80300900  1
  B  B6  1  0.43572000  0.92949800  0.95253700  1
  O  O7  1  0.23570400  0.12038800  0.88898800  1
  O  O8  1  0.83329200  0.29219200  0.84766500  1
  O  O9  1  0.03230600  0.89601000  0.93762000  1
  O  O10  1  0.28607200  0.47757000  0.13518300  1
  O  O11  1  0.54474400  0.68950700  0.85197700  1
  O  O12  1  0.93575000  0.59808000  0.90987300  1
  O  O13  1  0.46362800  0.37458100  0.63205000  1
  O  O14  1  0.38748100  0.87795900  0.45334000  1
  O  O15  1  0.71774100  0.88246300  0.19917600  1
  O  O16  1  0.34343300  0.92695700  0.15377400  1
  O  O17  1  0.62481200  0.00605000  0.90963800  1
  F  F18  1  0.93359900  0.50743100  0.60726000  1
",Rotate all surrounding atoms within 3.390845622495788 angstrom of the center atom at index 7 by 274.26046853055703 degree around the axis [-1.  0.  0.] in the cif file. The rotation should following the right-hand rule.,,"data_image0
_chemical_formula_structural       UTlB5O11F
_chemical_formula_sum              ""U1 Tl1 B5 O11 F1""
_cell_length_a       6.435761
_cell_length_b       6.43998584
_cell_length_c       7.52378701
_cell_angle_alpha    88.02326011000001
_cell_angle_beta     73.1800935
_cell_angle_gamma    60.76535435

_space_group_name_H-M_alt    ""P 1""
_space_group_IT_number       1

loop_
  _space_group_symop_operation_xyz
  'x, y, z'

loop_
  _atom_site_type_symbol
  _atom_site_label
  _atom_site_symmetry_multiplicity
  _atom_site_fract_x
  _atom_site_fract_y
  _atom_site_fract_z
  _atom_site_occupancy
  U   U1        1.0  0.40591753456546553  0.1913952248683923  0.12995510565441593  1.0000
  Tl  Tl1       1.0  0.030373000000000056  0.8416859999999999  0.4151129999999999  1.0000
  B   B1        1.0  0.4851479999999999  0.8981680000000001  0.270526  1.0000
  B   B2        1.0  0.02949775698476283  0.11605424100603384  0.8766843323661906  1.0000
  B   B3        1.0  0.821665  0.852578  0.990865  1.0000
  B   B4        1.0  0.7829758840450353  0.3136923285500186  0.2127483649878963  1.0000
  B   B5        1.0  0.5988476514309508  0.20265669901330055  0.5203599807988941  1.0000
  O   O1        1.0  0.235704  0.120388  0.888988  1.0000
  O   O2        1.0  0.8138588938768445  0.20849289819381303  0.02602844551488559  1.0000
  O   O3        1.0  0.1765623562801867  0.21508430093253375  0.49489555334593627  1.0000
  O   O4        1.0  0.5868614905570451  0.1641983669388405  0.2101660033172108  1.0000
  O   O5        1.0  0.5788870105441237  0.283546166673455  0.3375253146495192  1.0000
  O   O6        1.0  0.01565169643886155  0.19039288896195875  0.26264820394401567  1.0000
  O   O7        1.0  0.24174064440314472  0.50304710609327  0.10237926372964634  1.0000
  O   O8        1.0  0.05180405200713246  0.8354587978356554  0.5070314830229079  1.0000
  O   O9        1.0  0.7177409999999997  0.882463  0.19917599999999996  1.0000
  O   O10       1.0  0.7183476028073873  0.23141658543304122  0.5617428442100065  1.0000
  O   O11       1.0  0.6309871581750258  0.07058110310681001  0.7981576820720155  1.0000
  F   F1        1.0  0.9335990000000001  0.507431  0.6072599999999998  1.0000
"
"# generated using pymatgen
data_Gd3Cu3Sb4
_symmetry_space_group_name_H-M   'P 1'
_cell_length_a   8.37332943
_cell_length_b   8.37332943
_cell_length_c   8.37332943
_cell_angle_alpha   109.47122063
_cell_angle_beta   109.47122063
_cell_angle_gamma   109.47122063
_symmetry_Int_Tables_number   1
_chemical_formula_structural   Gd3Cu3Sb4
_chemical_formula_sum   'Gd6 Cu6 Sb8'
_cell_volume   451.93153095
_cell_formula_units_Z   2
loop_
 _symmetry_equiv_pos_site_id
 _symmetry_equiv_pos_as_xyz
  1  'x, y, z'
loop_
 _atom_site_type_symbol
 _atom_site_label
 _atom_site_symmetry_multiplicity
 _atom_site_fract_x
 _atom_site_fract_y
 _atom_site_fract_z
 _atom_site_occupancy
  Gd  Gd0  1  0.87500000  0.25000000  0.12500000  1
  Gd  Gd1  1  0.62500000  0.75000000  0.37500000  1
  Gd  Gd2  1  0.25000000  0.12500000  0.87500000  1
  Gd  Gd3  1  0.75000000  0.37500000  0.62500000  1
  Gd  Gd4  1  0.12500000  0.87500000  0.25000000  1
  Gd  Gd5  1  0.37500000  0.62500000  0.75000000  1
  Cu  Cu6  1  0.37500000  0.25000000  0.62500000  1
  Cu  Cu7  1  0.12500000  0.75000000  0.87500000  1
  Cu  Cu8  1  0.25000000  0.62500000  0.37500000  1
  Cu  Cu9  1  0.75000000  0.87500000  0.12500000  1
  Cu  Cu10  1  0.62500000  0.37500000  0.25000000  1
  Cu  Cu11  1  0.87500000  0.12500000  0.75000000  1
  Sb  Sb12  1  0.65905700  0.50000000  0.00000000  1
  Sb  Sb13  1  0.50000000  0.00000000  0.65905700  1
  Sb  Sb14  1  0.00000000  0.65905700  0.50000000  1
  Sb  Sb15  1  0.84094300  0.84094300  0.84094300  1
  Sb  Sb16  1  0.50000000  0.00000000  0.15905700  1
  Sb  Sb17  1  0.15905700  0.50000000  0.00000000  1
  Sb  Sb18  1  0.00000000  0.15905700  0.50000000  1
  Sb  Sb19  1  0.34094300  0.34094300  0.34094300  1
",Rotate all surrounding atoms within 3.2578480125218183 angstrom of the center atom at index 18 by 178.03566049603145 degree around the axis [-1.  0.  0.] in the cif file. The rotation should following the right-hand rule.,,"data_image0
_chemical_formula_structural       Gd6Cu6Sb8
_chemical_formula_sum              ""Gd6 Cu6 Sb8""
_cell_length_a       8.37332943
_cell_length_b       8.37332943
_cell_length_c       8.37332943
_cell_angle_alpha    109.47122063
_cell_angle_beta     109.47122063
_cell_angle_gamma    109.47122063

_space_group_name_H-M_alt    ""P 1""
_space_group_IT_number       1

loop_
  _space_group_symop_operation_xyz
  'x, y, z'

loop_
  _atom_site_type_symbol
  _atom_site_label
  _atom_site_symmetry_multiplicity
  _atom_site_fract_x
  _atom_site_fract_y
  _atom_site_fract_z
  _atom_site_occupancy
  Gd  Gd1       1.0  0.875  0.25  0.125  1.0000
  Gd  Gd2       1.0  0.6250000000000002  0.7500000000000002  0.375  1.0000
  Gd  Gd3       1.0  0.25  0.12499999999999999  0.875  1.0000
  Gd  Gd4       1.0  0.75  0.3750000000000001  0.625  1.0000
  Gd  Gd5       1.0  0.12499999999999997  0.875  0.25  1.0000
  Gd  Gd6       1.0  0.37500000000000017  0.6250000000000002  0.75  1.0000
  Cu  Cu1       1.0  0.23175429110855336  0.07131519776200977  0.3739476754683844  1.0000
  Cu  Cu2       1.0  0.12500000000000008  0.7500000000000002  0.875  1.0000
  Cu  Cu3       1.0  0.2500000000000001  0.6250000000000002  0.375  1.0000
  Cu  Cu4       1.0  0.5011815692424598  0.41452354731206076  0.839021160249841  1.0000
  Cu  Cu5       1.0  0.6250000000000001  0.3750000000000001  0.25  1.0000
  Cu  Cu6       1.0  0.7367018186138823  0.20366303335339436  0.25644242239627674  1.0000
  Sb  Sb1       1.0  0.659057  0.5  0.0  1.0000
  Sb  Sb2       1.0  0.5  0.0  0.659057  1.0000
  Sb  Sb3       1.0  0.0  0.659057  0.5  1.0000
  Sb  Sb4       1.0  0.840943  0.840943  0.840943  1.0000
  Sb  Sb5       1.0  0.5  0.0  0.159057  1.0000
  Sb  Sb6       1.0  0.159057  0.5  0.0  1.0000
  Sb  Sb7       1.0  3.314759779567029e-17  0.15905700000000006  0.5  1.0000
  Sb  Sb8       1.0  0.340943  0.340943  0.340943  1.0000
"
"# generated using pymatgen
data_CaSeO4
_symmetry_space_group_name_H-M   'P 1'
_cell_length_a   7.09449655
_cell_length_b   6.69768018
_cell_length_c   8.31861649
_cell_angle_alpha   53.02990657
_cell_angle_beta   90.00000000
_cell_angle_gamma   90.00000000
_symmetry_Int_Tables_number   1
_chemical_formula_structural   CaSeO4
_chemical_formula_sum   'Ca4 Se4 O16'
_cell_volume   315.80313420
_cell_formula_units_Z   4
loop_
 _symmetry_equiv_pos_site_id
 _symmetry_equiv_pos_as_xyz
  1  'x, y, z'
loop_
 _atom_site_type_symbol
 _atom_site_label
 _atom_site_symmetry_multiplicity
 _atom_site_fract_x
 _atom_site_fract_y
 _atom_site_fract_z
 _atom_site_occupancy
  Ca  Ca0  1  0.35025787  0.81305971  0.77892323  1
  Ca  Ca1  1  0.14974213  0.81305971  0.27892323  1
  Ca  Ca2  1  0.64974213  0.18694029  0.22107677  1
  Ca  Ca3  1  0.85025787  0.18694029  0.72107677  1
  Se  Se4  1  0.33790536  0.30967061  0.80529799  1
  Se  Se5  1  0.16209464  0.30967061  0.30529799  1
  Se  Se6  1  0.66209464  0.69032939  0.19470201  1
  Se  Se7  1  0.83790536  0.69032939  0.69470201  1
  O  O8  1  0.49993529  0.17692834  0.75521192  1
  O  O9  1  0.00006471  0.17692834  0.25521192  1
  O  O10  1  0.50006471  0.82307166  0.24478808  1
  O  O11  1  -0.00006471  0.82307166  0.74478808  1
  O  O12  1  0.15499314  0.11684783  0.89318029  1
  O  O13  1  0.34500686  0.11684783  0.39318029  1
  O  O14  1  0.84500686  0.88315217  0.10681971  1
  O  O15  1  0.65499314  0.88315217  0.60681971  1
  O  O16  1  0.39796730  0.34233859  0.98023892  1
  O  O17  1  0.10203270  0.34233859  0.48023892  1
  O  O18  1  0.60203270  0.65766141  0.01976108  1
  O  O19  1  0.89796730  0.65766141  0.51976108  1
  O  O20  1  0.28974314  0.60011363  0.61391135  1
  O  O21  1  0.21025686  0.60011363  0.11391135  1
  O  O22  1  0.71025686  0.39988637  0.38608865  1
  O  O23  1  0.78974314  0.39988637  0.88608865  1
",Rotate all surrounding atoms within 3.680338501121149 angstrom of the center atom at index 7 by 113.22073067851841 degree around the axis [ 0.  0. -1.] in the cif file. The rotation should following the right-hand rule.,,"data_image0
_chemical_formula_structural       Ca4Se4O16
_chemical_formula_sum              ""Ca4 Se4 O16""
_cell_length_a       7.09449655
_cell_length_b       6.69768018
_cell_length_c       8.31861649
_cell_angle_alpha    53.02990657
_cell_angle_beta     90.0
_cell_angle_gamma    90.0

_space_group_name_H-M_alt    ""P 1""
_space_group_IT_number       1

loop_
  _space_group_symop_operation_xyz
  'x, y, z'

loop_
  _atom_site_type_symbol
  _atom_site_label
  _atom_site_symmetry_multiplicity
  _atom_site_fract_x
  _atom_site_fract_y
  _atom_site_fract_z
  _atom_site_occupancy
  Ca  Ca1       1.0  0.35025787  0.8130597099999999  0.77892323  1.0000
  Ca  Ca2       1.0  0.14974213000000006  0.81305971  0.27892323  1.0000
  Ca  Ca3       1.0  0.16842820197317687  0.5652238808908112  0.22107676999999995  1.0000
  Ca  Ca4       1.0  0.413391332496809  0.8493105145159857  0.72107677  1.0000
  Se  Se1       1.0  0.3379053600000001  0.30967060999999996  0.80529799  1.0000
  Se  Se2       1.0  0.16209464  0.30967060999999996  0.30529799  1.0000
  Se  Se3       1.0  0.66209464  0.69032939  0.19470201  1.0000
  Se  Se4       1.0  0.83790536  0.6903293900000002  0.69470201  1.0000
  O   O1        1.0  0.49993529  0.17692833999999996  0.75521192  1.0000
  O   O2        1.0  0.4380141661087602  0.16604349149513764  0.25521191999999987  1.0000
  O   O3        1.0  0.50006471  0.82307166  0.24478808  1.0000
  O   O4        1.0  0.9216449764546012  0.4281040981313308  0.74478808  1.0000
  O   O5        1.0  0.15499314000000003  0.11684782999999985  0.8931802900000001  1.0000
  O   O6        1.0  0.34500686  0.11684782999999997  0.39318029  1.0000
  O   O7        1.0  0.8450068600000001  0.88315217  0.10681971  1.0000
  O   O8        1.0  0.020362746334138704  0.8838831171277162  0.60681971  1.0000
  O   O9        1.0  0.39796730000000013  0.34233859000000005  0.98023892  1.0000
  O   O10       1.0  0.1020327  0.34233859000000005  0.48023892  1.0000
  O   O11       1.0  0.465170925667785  0.6357323860506203  0.01976108000000004  1.0000
  O   O12       1.0  0.6725128382124627  0.8269344695754134  0.51976108  1.0000
  O   O13       1.0  0.9234055574634085  0.3436414333694875  0.61391135  1.0000
  O   O14       1.0  0.21025686  0.60011363  0.11391135  1.0000
  O   O15       1.0  0.7102568600000001  0.39988636999999994  0.38608865  1.0000
  O   O16       1.0  0.7289355386794797  0.6524077264784642  0.88608865  1.0000
"
"# generated using pymatgen
data_NaNbSe2O7
_symmetry_space_group_name_H-M   'P 1'
_cell_length_a   6.88792600
_cell_length_b   6.88792600
_cell_length_c   7.51635100
_cell_angle_alpha   90.00000000
_cell_angle_beta   90.00000000
_cell_angle_gamma   110.33691454
_symmetry_Int_Tables_number   1
_chemical_formula_structural   NaNbSe2O7
_chemical_formula_sum   'Na2 Nb2 Se4 O14'
_cell_volume   334.37346335
_cell_formula_units_Z   2
loop_
 _symmetry_equiv_pos_site_id
 _symmetry_equiv_pos_as_xyz
  1  'x, y, z'
loop_
 _atom_site_type_symbol
 _atom_site_label
 _atom_site_symmetry_multiplicity
 _atom_site_fract_x
 _atom_site_fract_y
 _atom_site_fract_z
 _atom_site_occupancy
  Na  Na0  1  0.97996600  0.97996600  0.36459100  1
  Na  Na1  1  0.02003400  0.02003400  0.86459100  1
  Nb  Nb2  1  0.51187500  0.51187500  0.90039000  1
  Nb  Nb3  1  0.48812500  0.48812500  0.40039000  1
  Se  Se4  1  0.56468000  0.96581300  0.62624300  1
  Se  Se5  1  0.96581300  0.56468000  0.62624300  1
  Se  Se6  1  0.43532000  0.03418700  0.12624300  1
  Se  Se7  1  0.03418700  0.43532000  0.12624300  1
  O  O8  1  0.54658500  0.79894100  0.81035900  1
  O  O9  1  0.79894100  0.54658500  0.81035900  1
  O  O10  1  0.45341500  0.20105900  0.31035900  1
  O  O11  1  0.20105900  0.45341500  0.31035900  1
  O  O12  1  0.54374200  0.79375800  0.44446800  1
  O  O13  1  0.79375800  0.54374200  0.44446800  1
  O  O14  1  0.45625800  0.20624200  0.94446800  1
  O  O15  1  0.20624200  0.45625800  0.94446800  1
  O  O16  1  0.81920500  0.09851500  0.62220800  1
  O  O17  1  0.09851500  0.81920500  0.62220800  1
  O  O18  1  0.18079500  0.90148500  0.12220800  1
  O  O19  1  0.90148500  0.18079500  0.12220800  1
  O  O20  1  0.41287000  0.41287000  0.63140200  1
  O  O21  1  0.58713000  0.58713000  0.13140200  1
",Rotate all surrounding atoms within 2.054725152729612 angstrom of the center atom at index 7 by 47.27848516235093 degree around the axis [-1.  0.  0.] in the cif file. The rotation should following the right-hand rule.,,"data_image0
_chemical_formula_structural       Na2Nb2Se4O14
_chemical_formula_sum              ""Na2 Nb2 Se4 O14""
_cell_length_a       6.887926
_cell_length_b       6.887926
_cell_length_c       7.516351
_cell_angle_alpha    90.0
_cell_angle_beta     90.0
_cell_angle_gamma    110.33691454

_space_group_name_H-M_alt    ""P 1""
_space_group_IT_number       1

loop_
  _space_group_symop_operation_xyz
  'x, y, z'

loop_
  _atom_site_type_symbol
  _atom_site_label
  _atom_site_symmetry_multiplicity
  _atom_site_fract_x
  _atom_site_fract_y
  _atom_site_fract_z
  _atom_site_occupancy
  Na  Na1       1.0  0.9799659999999998  0.9799659999999998  0.364591  1.0000
  Na  Na2       1.0  0.020034  0.020034  0.864591  1.0000
  Nb  Nb1       1.0  0.5118749999999999  0.5118749999999999  0.90039  1.0000
  Nb  Nb2       1.0  0.488125  0.488125  0.40039000000000013  1.0000
  Se  Se1       1.0  0.56468  0.9658129999999998  0.6262430000000002  1.0000
  Se  Se2       1.0  0.965813  0.56468  0.6262430000000002  1.0000
  Se  Se3       1.0  0.43532  0.034187  0.126243  1.0000
  Se  Se4       1.0  0.034187000000000016  0.43531999999999993  0.126243  1.0000
  O   O1        1.0  0.546585  0.798941  0.810359  1.0000
  O   O2        1.0  0.798941  0.546585  0.810359  1.0000
  O   O3        1.0  0.45341499999999996  0.20105899999999993  0.3103590000000001  1.0000
  O   O4        1.0  0.25374506915876915  0.6050122060230736  0.23973100504459263  1.0000
  O   O5        1.0  0.543742  0.793758  0.444468  1.0000
  O   O6        1.0  0.793758  0.543742  0.444468  1.0000
  O   O7        1.0  0.456258  0.20624199999999995  0.9444680000000002  1.0000
  O   O8        1.0  0.4470297480420312  0.14909294537728623  0.6681384137479226  1.0000
  O   O9        1.0  0.819205  0.09851499999999999  0.622208  1.0000
  O   O10       1.0  0.09851499999999999  0.819205  0.622208  1.0000
  O   O11       1.0  0.18079499999999998  0.901485  0.12220800000000002  1.0000
  O   O12       1.0  0.9287308478798801  0.25919132905375075  0.28417965900312775  1.0000
  O   O13       1.0  0.41287000000000007  0.4128699999999999  0.631402  1.0000
  O   O14       1.0  0.5871300000000002  0.58713  0.131402  1.0000
"
"# generated using pymatgen
data_Ba(Sn2Ru)3
_symmetry_space_group_name_H-M   'P 1'
_cell_length_a   13.88494315
_cell_length_b   13.88494315
_cell_length_c   4.47893500
_cell_angle_alpha   90.00000000
_cell_angle_beta   90.00000000
_cell_angle_gamma   145.50073376
_symmetry_Int_Tables_number   1
_chemical_formula_structural   Ba(Sn2Ru)3
_chemical_formula_sum   'Ba2 Sn12 Ru6'
_cell_volume   489.08338119
_cell_formula_units_Z   2
loop_
 _symmetry_equiv_pos_site_id
 _symmetry_equiv_pos_as_xyz
  1  'x, y, z'
loop_
 _atom_site_type_symbol
 _atom_site_label
 _atom_site_symmetry_multiplicity
 _atom_site_fract_x
 _atom_site_fract_y
 _atom_site_fract_z
 _atom_site_occupancy
  Ba  Ba0  1  0.41169700  0.58830300  0.25000000  1
  Ba  Ba1  1  0.58830300  0.41169700  0.75000000  1
  Sn  Sn2  1  0.86505300  0.13494700  0.25000000  1
  Sn  Sn3  1  0.13494700  0.86505300  0.75000000  1
  Sn  Sn4  1  0.23931100  0.14745500  0.25000000  1
  Sn  Sn5  1  0.14745500  0.23931100  0.75000000  1
  Sn  Sn6  1  0.76068900  0.85254500  0.75000000  1
  Sn  Sn7  1  0.85254500  0.76068900  0.25000000  1
  Sn  Sn8  1  0.24978700  0.75021300  0.25000000  1
  Sn  Sn9  1  0.75021300  0.24978700  0.75000000  1
  Sn  Sn10  1  0.48631400  0.13292700  0.25000000  1
  Sn  Sn11  1  0.13292700  0.48631400  0.75000000  1
  Sn  Sn12  1  0.51368600  0.86707300  0.75000000  1
  Sn  Sn13  1  0.86707300  0.51368600  0.25000000  1
  Ru  Ru14  1  0.59630900  0.02660900  0.25000000  1
  Ru  Ru15  1  0.02660900  0.59630900  0.75000000  1
  Ru  Ru16  1  0.40369100  0.97339100  0.75000000  1
  Ru  Ru17  1  0.97339100  0.40369100  0.25000000  1
  Ru  Ru18  1  0.96198000  0.03802000  0.25000000  1
  Ru  Ru19  1  0.03802000  0.96198000  0.75000000  1
",Rotate all surrounding atoms within 3.8535951105056254 angstrom of the center atom at index 5 by 58.903913600537415 degree around the axis [0. 0. 1.] in the cif file. The rotation should following the right-hand rule.,,"data_image0
_chemical_formula_structural       Ba2Sn12Ru6
_chemical_formula_sum              ""Ba2 Sn12 Ru6""
_cell_length_a       13.88494315
_cell_length_b       13.88494315
_cell_length_c       4.478935
_cell_angle_alpha    90.0
_cell_angle_beta     90.0
_cell_angle_gamma    145.50073376

_space_group_name_H-M_alt    ""P 1""
_space_group_IT_number       1

loop_
  _space_group_symop_operation_xyz
  'x, y, z'

loop_
  _atom_site_type_symbol
  _atom_site_label
  _atom_site_symmetry_multiplicity
  _atom_site_fract_x
  _atom_site_fract_y
  _atom_site_fract_z
  _atom_site_occupancy
  Ba  Ba1       1.0  0.08554305857702031  0.38421876002707733  0.25  1.0000
  Ba  Ba2       1.0  0.588303  0.411697  0.75  1.0000
  Sn  Sn1       1.0  0.5699582174832774  0.4003399836672408  0.25  1.0000
  Sn  Sn2       1.0  0.13494700000000004  0.8650530000000002  0.75  1.0000
  Sn  Sn3       1.0  0.44821740048988684  0.44519077465543827  0.25  1.0000
  Sn  Sn4       1.0  0.14745499999999995  0.239311  0.75  1.0000
  Sn  Sn5       1.0  0.30112647338028503  0.7190793908742251  0.75  1.0000
  Sn  Sn6       1.0  0.852545  0.760689  0.25  1.0000
  Sn  Sn7       1.0  0.24978699999999998  0.750213  0.25  1.0000
  Sn  Sn8       1.0  0.750213  0.24978700000000006  0.75  1.0000
  Sn  Sn9       1.0  0.4863140000000001  0.13292700000000005  0.25  1.0000
  Sn  Sn10      1.0  0.7484201199080408  0.03716143777426319  0.75  1.0000
  Sn  Sn11      1.0  0.513686  0.8670730000000002  0.75  1.0000
  Sn  Sn12      1.0  0.8670729999999999  0.513686  0.25  1.0000
  Ru  Ru1       1.0  0.596309  0.026609000000000008  0.25  1.0000
  Ru  Ru2       1.0  0.02660900000000004  0.596309  0.75  1.0000
  Ru  Ru3       1.0  0.40369100000000024  0.9733910000000002  0.75  1.0000
  Ru  Ru4       1.0  0.9733909999999998  0.403691  0.25  1.0000
  Ru  Ru5       1.0  0.8873244994058873  0.6175855519265561  0.25  1.0000
  Ru  Ru6       1.0  0.8620193744642848  0.5466846136031073  0.75  1.0000
"
"# generated using pymatgen
data_Mn2ClO3
_symmetry_space_group_name_H-M   'P 1'
_cell_length_a   5.93588000
_cell_length_b   6.68543300
_cell_length_c   8.50239300
_cell_angle_alpha   90.00000000
_cell_angle_beta   90.00000000
_cell_angle_gamma   90.00000000
_symmetry_Int_Tables_number   1
_chemical_formula_structural   Mn2ClO3
_chemical_formula_sum   'Mn8 Cl4 O12'
_cell_volume   337.40835195
_cell_formula_units_Z   4
loop_
 _symmetry_equiv_pos_site_id
 _symmetry_equiv_pos_as_xyz
  1  'x, y, z'
loop_
 _atom_site_type_symbol
 _atom_site_label
 _atom_site_symmetry_multiplicity
 _atom_site_fract_x
 _atom_site_fract_y
 _atom_site_fract_z
 _atom_site_occupancy
  Mn  Mn0  1  0.50000000  0.00000000  0.50000000  1
  Mn  Mn1  1  0.00000000  0.50000000  0.00000000  1
  Mn  Mn2  1  0.50000000  0.50000000  0.50000000  1
  Mn  Mn3  1  0.00000000  0.00000000  0.00000000  1
  Mn  Mn4  1  0.69441000  0.25000000  0.24886700  1
  Mn  Mn5  1  0.19441000  0.25000000  0.25113300  1
  Mn  Mn6  1  0.30559000  0.75000000  0.75113300  1
  Mn  Mn7  1  0.80559000  0.75000000  0.74886700  1
  Cl  Cl8  1  0.83586000  0.75000000  0.47130800  1
  Cl  Cl9  1  0.33586000  0.75000000  0.02869200  1
  Cl  Cl10  1  0.16414000  0.25000000  0.52869200  1
  Cl  Cl11  1  0.66414000  0.25000000  0.97130800  1
  O  O12  1  0.68038500  0.25000000  0.47694900  1
  O  O13  1  0.18038500  0.25000000  0.02305100  1
  O  O14  1  0.31961500  0.75000000  0.52305100  1
  O  O15  1  0.81961500  0.75000000  0.97694900  1
  O  O16  1  0.94823400  0.05990700  0.22567400  1
  O  O17  1  0.44823400  0.44009300  0.27432600  1
  O  O18  1  0.05176600  0.55990700  0.77432600  1
  O  O19  1  0.55176600  0.94009300  0.72567400  1
  O  O20  1  0.05176600  0.94009300  0.77432600  1
  O  O21  1  0.55176600  0.55990700  0.72567400  1
  O  O22  1  0.94823400  0.44009300  0.22567400  1
  O  O23  1  0.44823400  0.05990700  0.27432600  1
",Rotate all surrounding atoms within 2.5815668550110162 angstrom of the center atom at index 13 by 118.37857693900088 degree around the axis [0. 0. 1.] in the cif file. The rotation should following the right-hand rule.,,"data_image0
_chemical_formula_structural       Mn8Cl4O12
_chemical_formula_sum              ""Mn8 Cl4 O12""
_cell_length_a       5.93588
_cell_length_b       6.685433
_cell_length_c       8.502393
_cell_angle_alpha    90.0
_cell_angle_beta     90.0
_cell_angle_gamma    90.0

_space_group_name_H-M_alt    ""P 1""
_space_group_IT_number       1

loop_
  _space_group_symop_operation_xyz
  'x, y, z'

loop_
  _atom_site_type_symbol
  _atom_site_label
  _atom_site_symmetry_multiplicity
  _atom_site_fract_x
  _atom_site_fract_y
  _atom_site_fract_z
  _atom_site_occupancy
  Mn  Mn1       1.0  0.5  0.0  0.5  1.0000
  Mn  Mn2       1.0  0.018389541695180162  0.9902625668111676  0.0  1.0000
  Mn  Mn3       1.0  0.5  0.5  0.5  1.0000
  Mn  Mn4       1.0  0.5138527338131256  0.2279102031283583  0.0  1.0000
  Mn  Mn5       1.0  0.69441  0.25  0.24886699999999998  1.0000
  Mn  Mn6       1.0  0.1737189838013028  0.26095608532194514  0.251133  1.0000
  Mn  Mn7       1.0  0.30559  0.75  0.7511329999999998  1.0000
  Mn  Mn8       1.0  0.8055899999999999  0.75  0.748867  1.0000
  Cl  Cl1       1.0  0.83586  0.75  0.471308  1.0000
  Cl  Cl2       1.0  0.33586  0.75  0.028692  1.0000
  Cl  Cl3       1.0  0.16414  0.25  0.528692  1.0000
  Cl  Cl4       1.0  0.66414  0.25  0.9713079999999998  1.0000
  O   O1        1.0  0.680385  0.25  0.476949  1.0000
  O   O2        1.0  0.180385  0.25  0.023051  1.0000
  O   O3        1.0  0.319615  0.75  0.523051  1.0000
  O   O4        1.0  0.819615  0.75  0.976949  1.0000
  O   O5        1.0  0.003798169361516159  0.9401805472819394  0.22567399999999996  1.0000
  O   O6        1.0  0.44823399999999997  0.44009300000000007  0.274326  1.0000
  O   O7        1.0  0.051766  0.559907  0.774326  1.0000
  O   O8        1.0  0.551766  0.940093  0.7256739999999999  1.0000
  O   O9        1.0  0.051766  0.940093  0.774326  1.0000
  O   O10       1.0  0.551766  0.559907  0.7256739999999999  1.0000
  O   O11       1.0  0.6270618310444097  0.7594799387601645  0.22567399999999996  1.0000
  O   O12       1.0  0.44823399999999997  0.059907  0.274326  1.0000
"
"# generated using pymatgen
data_Nd3(SiNi3)2
_symmetry_space_group_name_H-M   'P 1'
_cell_length_a   7.72884198
_cell_length_b   7.72884198
_cell_length_c   7.72884198
_cell_angle_alpha   109.47122063
_cell_angle_beta   109.47122063
_cell_angle_gamma   109.47122063
_symmetry_Int_Tables_number   1
_chemical_formula_structural   Nd3(SiNi3)2
_chemical_formula_sum   'Nd6 Si4 Ni12'
_cell_volume   355.40324925
_cell_formula_units_Z   2
loop_
 _symmetry_equiv_pos_site_id
 _symmetry_equiv_pos_as_xyz
  1  'x, y, z'
loop_
 _atom_site_type_symbol
 _atom_site_label
 _atom_site_symmetry_multiplicity
 _atom_site_fract_x
 _atom_site_fract_y
 _atom_site_fract_z
 _atom_site_occupancy
  Nd  Nd0  1  0.71551500  0.71551500  0.00000000  1
  Nd  Nd1  1  0.28448500  0.00000000  0.28448500  1
  Nd  Nd2  1  0.00000000  0.28448500  0.28448500  1
  Nd  Nd3  1  0.28448500  0.28448500  0.00000000  1
  Nd  Nd4  1  0.71551500  0.00000000  0.71551500  1
  Nd  Nd5  1  0.00000000  0.71551500  0.71551500  1
  Si  Si6  1  0.00000000  0.00000000  0.50000000  1
  Si  Si7  1  0.00000000  0.50000000  0.00000000  1
  Si  Si8  1  0.50000000  0.00000000  0.00000000  1
  Si  Si9  1  0.50000000  0.50000000  0.50000000  1
  Ni  Ni10  1  0.33069600  0.33069600  0.66139300  1
  Ni  Ni11  1  0.66930400  0.00000000  0.33069600  1
  Ni  Ni12  1  0.00000000  0.66930400  0.33069600  1
  Ni  Ni13  1  0.66930400  0.33069600  0.00000000  1
  Ni  Ni14  1  0.33069600  0.66139300  0.33069600  1
  Ni  Ni15  1  0.00000000  0.33069600  0.66930400  1
  Ni  Ni16  1  0.33069600  0.66930400  0.00000000  1
  Ni  Ni17  1  0.33069600  0.00000000  0.66930400  1
  Ni  Ni18  1  0.66139300  0.33069600  0.33069600  1
  Ni  Ni19  1  0.66930400  0.66930400  0.33860700  1
  Ni  Ni20  1  0.66930400  0.33860700  0.66930400  1
  Ni  Ni21  1  0.33860700  0.66930400  0.66930400  1
",Rotate all surrounding atoms within 3.7664317128936133 angstrom of the center atom at index 7 by 60.41393975722522 degree around the axis [1. 0. 0.] in the cif file. The rotation should following the right-hand rule.,,"data_image0
_chemical_formula_structural       Nd6Si4Ni12
_chemical_formula_sum              ""Nd6 Si4 Ni12""
_cell_length_a       7.72884198
_cell_length_b       7.728841980000001
_cell_length_c       7.72884198
_cell_angle_alpha    109.47122063
_cell_angle_beta     109.47122063
_cell_angle_gamma    109.47122063

_space_group_name_H-M_alt    ""P 1""
_space_group_IT_number       1

loop_
  _space_group_symop_operation_xyz
  'x, y, z'

loop_
  _atom_site_type_symbol
  _atom_site_label
  _atom_site_symmetry_multiplicity
  _atom_site_fract_x
  _atom_site_fract_y
  _atom_site_fract_z
  _atom_site_occupancy
  Nd  Nd1       1.0  0.7873495837069338  0.7146104419889068  0.2164083091796689  1.0000
  Nd  Nd2       1.0  0.9269862267169061  0.7164344067399883  0.4955542731729745  1.0000
  Nd  Nd3       1.0  0.7373246104529204  0.9997253683399424  0.7812184628441254  1.0000
  Nd  Nd4       1.0  0.212650416293066  0.28538955801109334  0.7835916908203312  1.0000
  Nd  Nd5       1.0  0.06886877591535932  0.28361778838065077  0.49195853893537334  1.0000
  Nd  Nd6       1.0  0.5918463270652414  0.9961296339584182  0.2104393469658619  1.0000
  Si  Si1       1.0  0.0  0.0  0.5  1.0000
  Si  Si2       1.0  0.0  0.5  0.0  1.0000
  Si  Si3       1.0  0.4999999999999999  0.0  0.0  1.0000
  Si  Si4       1.0  0.49999999999999983  0.5  0.5  1.0000
  Ni  Ni1       1.0  0.3306959999999999  0.330696  0.661393  1.0000
  Ni  Ni2       1.0  0.6693039999999998  0.0  0.330696  1.0000
  Ni  Ni3       1.0  0.8345912333934278  0.33652666430647565  0.16724703576380187  1.0000
  Ni  Ni4       1.0  0.612872278960078  0.33140660153358303  0.8299942353091216  1.0000
  Ni  Ni5       1.0  0.16265037103254534  0.3286488682988928  0.1593032446869842  1.0000
  Ni  Ni6       1.0  0.49457970412473395  0.659328337991885  0.8244107740461852  1.0000
  Ni  Ni7       1.0  0.3871277210399216  0.668593398466417  0.17000576469087839  1.0000
  Ni  Ni8       1.0  0.3306959999999999  0.0  0.669304  1.0000
  Ni  Ni9       1.0  0.661393  0.330696  0.330696  1.0000
  Ni  Ni10      1.0  0.6693039999999998  0.669304  0.3386070000000001  1.0000
  Ni  Ni11      1.0  0.16652056648561606  0.6672061339994679  0.832354565123003  1.0000
  Ni  Ni12      1.0  0.33860700000000005  0.669304  0.669304  1.0000
"
"# generated using pymatgen
data_Zn(NO4)2
_symmetry_space_group_name_H-M   'P 1'
_cell_length_a   6.25531000
_cell_length_b   5.41205700
_cell_length_c   8.50356340
_cell_angle_alpha   89.65696700
_cell_angle_beta   90.00000000
_cell_angle_gamma   90.00000000
_symmetry_Int_Tables_number   1
_chemical_formula_structural   Zn(NO4)2
_chemical_formula_sum   'Zn2 N4 O16'
_cell_volume   287.87527763
_cell_formula_units_Z   2
loop_
 _symmetry_equiv_pos_site_id
 _symmetry_equiv_pos_as_xyz
  1  'x, y, z'
loop_
 _atom_site_type_symbol
 _atom_site_label
 _atom_site_symmetry_multiplicity
 _atom_site_fract_x
 _atom_site_fract_y
 _atom_site_fract_z
 _atom_site_occupancy
  Zn  Zn0  1  0.50000000  0.00000000  0.00000000  1
  Zn  Zn1  1  0.00000000  0.00000000  0.50000000  1
  N  N2  1  0.84014200  0.75273300  0.80776700  1
  N  N3  1  0.34014200  0.24726700  0.69223300  1
  N  N4  1  0.15985800  0.24726700  0.19223300  1
  N  N5  1  0.65985800  0.75273300  0.30776700  1
  O  O6  1  0.85502800  0.97606200  0.75162900  1
  O  O7  1  0.35502800  0.02393800  0.74837100  1
  O  O8  1  0.14497200  0.02393800  0.24837100  1
  O  O9  1  0.64497200  0.97606200  0.25162900  1
  O  O10  1  0.93101500  0.58240000  0.74022900  1
  O  O11  1  0.43101500  0.41760000  0.75977100  1
  O  O12  1  0.06898500  0.41760000  0.25977100  1
  O  O13  1  0.56898500  0.58240000  0.24022900  1
  O  O14  1  0.73052100  0.71789300  0.93181200  1
  O  O15  1  0.23052100  0.28210700  0.56818800  1
  O  O16  1  0.26947900  0.28210700  0.06818800  1
  O  O17  1  0.76947900  0.71789300  0.43181200  1
  O  O18  1  0.24823900  0.78990600  0.03847600  1
  O  O19  1  0.74823900  0.21009400  0.46152400  1
  O  O20  1  0.75176100  0.21009400  0.96152400  1
  O  O21  1  0.25176100  0.78990600  0.53847600  1
",Rotate all surrounding atoms within 3.6678138003369747 angstrom of the center atom at index 14 by 91.8934309293717 degree around the axis [-1.  0.  0.] in the cif file. The rotation should following the right-hand rule.,,"data_image0
_chemical_formula_structural       Zn2N4O16
_chemical_formula_sum              ""Zn2 N4 O16""
_cell_length_a       6.25531
_cell_length_b       5.412057
_cell_length_c       8.5035634
_cell_angle_alpha    89.65696699999998
_cell_angle_beta     90.0
_cell_angle_gamma    90.0

_space_group_name_H-M_alt    ""P 1""
_space_group_IT_number       1

loop_
  _space_group_symop_operation_xyz
  'x, y, z'

loop_
  _atom_site_type_symbol
  _atom_site_label
  _atom_site_symmetry_multiplicity
  _atom_site_fract_x
  _atom_site_fract_y
  _atom_site_fract_z
  _atom_site_occupancy
  Zn  Zn1       1.0  0.5  0.27400296536751534  0.42483413699659645  1.0000
  Zn  Zn2       1.0  0.0  0.0  0.5  1.0000
  N   N1        1.0  0.8401420000000002  0.5221505669817412  0.9144907261927527  1.0000
  N   N2        1.0  0.340142  0.247267  0.692233  1.0000
  N   N3        1.0  0.159858  0.247267  0.192233  1.0000
  N   N4        1.0  0.659858  0.7369525481286298  0.934002949800298  1.0000
  O   O1        1.0  0.855028  0.4279491214564781  0.7746197411752747  1.0000
  O   O2        1.0  0.35502800000000007  0.44859413446618335  0.3804021788137939  1.0000
  O   O3        1.0  0.144972  0.023938  0.248371  1.0000
  O   O4        1.0  0.6449720000000002  0.6427511026033663  0.7941319647828198  1.0000
  O   O5        1.0  0.9310150000000001  0.4206978136118748  0.025476829974118154  1.0000
  O   O6        1.0  0.4310150000000001  0.45584544231078655  0.12954509001495018  1.0000
  O   O7        1.0  0.068985  0.4176  0.259771  1.0000
  O   O8        1.0  0.5689850000000001  0.6354997947587631  0.044989053581663274  1.0000
  O   O9        1.0  0.730521  0.7178929999999999  0.931812  1.0000
  O   O10       1.0  0.23052100000000003  0.282107  0.568188  1.0000
  O   O11       1.0  0.269479  0.282107  0.068188  1.0000
  O   O12       1.0  0.7694790000000002  0.7178929999999999  0.431812  1.0000
  O   O13       1.0  0.24823900000000007  0.3130532488634028  0.9208657769623914  1.0000
  O   O14       1.0  0.748239  0.21009399999999998  0.461524  1.0000
  O   O15       1.0  0.751761  0.7782919882061471  0.2536683666342223  1.0000
  O   O16       1.0  0.251761  0.7899059999999998  0.538476  1.0000
"
"# generated using pymatgen
data_CeIn2Pd3
_symmetry_space_group_name_H-M   'P 1'
_cell_length_a   4.69293300
_cell_length_b   9.95125400
_cell_length_c   10.26594500
_cell_angle_alpha   90.00000000
_cell_angle_beta   90.00000000
_cell_angle_gamma   90.00000000
_symmetry_Int_Tables_number   1
_chemical_formula_structural   CeIn2Pd3
_chemical_formula_sum   'Ce4 In8 Pd12'
_cell_volume   479.42546551
_cell_formula_units_Z   4
loop_
 _symmetry_equiv_pos_site_id
 _symmetry_equiv_pos_as_xyz
  1  'x, y, z'
loop_
 _atom_site_type_symbol
 _atom_site_label
 _atom_site_symmetry_multiplicity
 _atom_site_fract_x
 _atom_site_fract_y
 _atom_site_fract_z
 _atom_site_occupancy
  Ce  Ce0  1  0.25000000  0.44181900  0.73012500  1
  Ce  Ce1  1  0.25000000  0.05818100  0.23012500  1
  Ce  Ce2  1  0.75000000  0.55818100  0.26987500  1
  Ce  Ce3  1  0.75000000  0.94181900  0.76987500  1
  In  In4  1  0.25000000  0.88507900  0.51681500  1
  In  In5  1  0.25000000  0.61492100  0.01681500  1
  In  In6  1  0.75000000  0.11492100  0.48318500  1
  In  In7  1  0.75000000  0.38507900  0.98318500  1
  In  In8  1  0.25000000  0.15950500  0.89529300  1
  In  In9  1  0.25000000  0.34049500  0.39529300  1
  In  In10  1  0.75000000  0.84049500  0.10470700  1
  In  In11  1  0.75000000  0.65950500  0.60470700  1
  Pd  Pd12  1  0.25000000  0.14662900  0.61987500  1
  Pd  Pd13  1  0.25000000  0.35337100  0.11987500  1
  Pd  Pd14  1  0.75000000  0.85337100  0.38012500  1
  Pd  Pd15  1  0.75000000  0.64662900  0.88012500  1
  Pd  Pd16  1  0.25000000  0.73712500  0.74369500  1
  Pd  Pd17  1  0.25000000  0.76287500  0.24369500  1
  Pd  Pd18  1  0.75000000  0.26287500  0.25630500  1
  Pd  Pd19  1  0.75000000  0.23712500  0.75630500  1
  Pd  Pd20  1  0.25000000  0.89524500  0.97352500  1
  Pd  Pd21  1  0.25000000  0.60475500  0.47352500  1
  Pd  Pd22  1  0.75000000  0.10475500  0.02647500  1
  Pd  Pd23  1  0.75000000  0.39524500  0.52647500  1
",Rotate all surrounding atoms within 3.683193851176876 angstrom of the center atom at index 18 by 312.29917625503157 degree around the axis [ 0. -1.  0.] in the cif file. The rotation should following the right-hand rule.,,"data_image0
_chemical_formula_structural       Ce4In8Pd12
_chemical_formula_sum              ""Ce4 In8 Pd12""
_cell_length_a       4.692933
_cell_length_b       9.951254
_cell_length_c       10.265945
_cell_angle_alpha    90.0
_cell_angle_beta     90.0
_cell_angle_gamma    90.0

_space_group_name_H-M_alt    ""P 1""
_space_group_IT_number       1

loop_
  _space_group_symop_operation_xyz
  'x, y, z'

loop_
  _atom_site_type_symbol
  _atom_site_label
  _atom_site_symmetry_multiplicity
  _atom_site_fract_x
  _atom_site_fract_y
  _atom_site_fract_z
  _atom_site_occupancy
  Ce  Ce1       1.0  0.25  0.4418190000000001  0.730125  1.0000
  Ce  Ce2       1.0  0.371140122058971  0.058181000000000004  0.40774402129189213  1.0000
  Ce  Ce3       1.0  0.7719561035054191  0.558181  0.26543763550777577  1.0000
  Ce  Ce4       1.0  0.75  0.9418190000000001  0.7698749999999999  1.0000
  In  In1       1.0  0.25  0.885079  0.516815  1.0000
  In  In2       1.0  0.25  0.614921  0.016815  1.0000
  In  In3       1.0  0.1170892235305454  0.114921  0.4089956664704619  1.0000
  In  In4       1.0  0.9260834573337577  0.385079  0.7454966063295547  1.0000
  In  In5       1.0  0.25  0.159505  0.895293  1.0000
  In  In6       1.0  0.638380041276589  0.340495  0.5189023957611855  1.0000
  In  In7       1.0  0.75  0.8404950000000001  0.10470699999999997  1.0000
  In  In8       1.0  0.75  0.659505  0.6047069999999999  1.0000
  Pd  Pd1       1.0  0.25  0.146629  0.619875  1.0000
  Pd  Pd2       1.0  0.19275689350536268  0.353371  0.33354556405296215  1.0000
  Pd  Pd3       1.0  0.75  0.853371  0.38012499999999994  1.0000
  Pd  Pd4       1.0  0.75  0.646629  0.8801249999999998  1.0000
  Pd  Pd5       1.0  0.25  0.737125  0.7436949999999999  1.0000
  Pd  Pd6       1.0  0.25  0.762875  0.24369499999999997  1.0000
  Pd  Pd7       1.0  0.75  0.262875  0.256305  1.0000
  Pd  Pd8       1.0  0.75  0.237125  0.756305  1.0000
  Pd  Pd9       1.0  0.25  0.895245  0.973525  1.0000
  Pd  Pd10      1.0  0.25  0.604755  0.473525  1.0000
  Pd  Pd11      1.0  0.37813771049001543  0.104755  0.10162897798436941  1.0000
  Pd  Pd12      1.0  0.18713194429322755  0.395245  0.43812991784346217  1.0000
"
"# generated using pymatgen
data_K2Cr2O7
_symmetry_space_group_name_H-M   'P 1'
_cell_length_a   8.04532907
_cell_length_b   8.04532907
_cell_length_c   8.37234598
_cell_angle_alpha   87.03296801
_cell_angle_beta   87.03296801
_cell_angle_gamma   52.29152727
_symmetry_Int_Tables_number   1
_chemical_formula_structural   K2Cr2O7
_chemical_formula_sum   'K4 Cr4 O14'
_cell_volume   428.01713768
_cell_formula_units_Z   2
loop_
 _symmetry_equiv_pos_site_id
 _symmetry_equiv_pos_as_xyz
  1  'x, y, z'
loop_
 _atom_site_type_symbol
 _atom_site_label
 _atom_site_symmetry_multiplicity
 _atom_site_fract_x
 _atom_site_fract_y
 _atom_site_fract_z
 _atom_site_occupancy
  K  K0  1  0.35279100  0.35279100  0.68877000  1
  K  K1  1  0.64720900  0.64720900  0.31123000  1
  K  K2  1  0.35052300  0.35052300  0.21946600  1
  K  K3  1  0.64947700  0.64947700  0.78053400  1
  Cr  Cr4  1  0.86504600  0.86504600  0.00708300  1
  Cr  Cr5  1  0.13495400  0.13495400  0.99291700  1
  Cr  Cr6  1  0.89017800  0.89017800  0.58142400  1
  Cr  Cr7  1  0.10982200  0.10982200  0.41857600  1
  O  O8  1  0.09588400  0.72069100  0.08733900  1
  O  O9  1  0.27930900  0.90411600  0.91266100  1
  O  O10  1  0.90411600  0.27930900  0.91266100  1
  O  O11  1  0.72069100  0.09588400  0.08733900  1
  O  O12  1  0.89281700  0.89281700  0.79806300  1
  O  O13  1  0.10718300  0.10718300  0.20193700  1
  O  O14  1  0.16379400  0.73719000  0.48633200  1
  O  O15  1  0.26281000  0.83620600  0.51366800  1
  O  O16  1  0.83620600  0.26281000  0.51366800  1
  O  O17  1  0.73719000  0.16379400  0.48633200  1
  O  O18  1  0.75113100  0.75113100  0.04256400  1
  O  O19  1  0.24886900  0.24886900  0.95743600  1
  O  O20  1  0.77896500  0.77896500  0.53107800  1
  O  O21  1  0.22103500  0.22103500  0.46892200  1
",Rotate all surrounding atoms within 3.669166583181041 angstrom of the center atom at index 12 by 99.54047047307773 degree around the axis [0. 1. 0.] in the cif file. The rotation should following the right-hand rule.,,"data_image0
_chemical_formula_structural       K4Cr4O14
_chemical_formula_sum              ""K4 Cr4 O14""
_cell_length_a       8.04532907
_cell_length_b       8.04532907
_cell_length_c       8.37234598
_cell_angle_alpha    87.03296801
_cell_angle_beta     87.03296801
_cell_angle_gamma    52.29152727000002

_space_group_name_H-M_alt    ""P 1""
_space_group_IT_number       1

loop_
  _space_group_symop_operation_xyz
  'x, y, z'

loop_
  _atom_site_type_symbol
  _atom_site_label
  _atom_site_symmetry_multiplicity
  _atom_site_fract_x
  _atom_site_fract_y
  _atom_site_fract_z
  _atom_site_occupancy
  K   K1        1.0  0.35279099999999997  0.352791  0.68877  1.0000
  K   K2        1.0  0.647209  0.647209  0.31123  1.0000
  K   K3        1.0  0.35052300000000003  0.350523  0.21946600000000005  1.0000
  K   K4        1.0  0.07664202794147523  0.6363219847626538  0.17413088307699698  1.0000
  Cr  Cr1       1.0  0.12290402425916551  0.8314560545691274  0.012091172608166056  1.0000
  Cr  Cr2       1.0  0.134954  0.13495400000000002  0.9929169999999999  1.0000
  Cr  Cr3       1.0  0.6778370292490254  0.8812321273210251  0.8490837129931218  1.0000
  Cr  Cr4       1.0  0.10982200000000002  0.10982200000000003  0.418576  1.0000
  O   O1        1.0  0.4065634214861965  0.6631617908740987  0.8086078080783587  1.0000
  O   O2        1.0  0.08207705700338686  0.8895321265308469  0.3490091939840072  1.0000
  O   O3        1.0  0.43171726318823467  0.2724232814455493  0.11868108525867593  1.0000
  O   O4        1.0  0.7562036276710441  0.04605294578880142  0.5782796993530273  1.0000
  O   O5        1.0  0.8928169999999999  0.892817  0.798063  1.0000
  O   O6        1.0  0.10718299999999997  0.10718300000000001  0.20193700000000006  1.0000
  O   O7        1.0  0.7859783501968522  0.6983629122038049  0.6480350052655675  1.0000
  O   O8        1.0  0.7314315765226153  0.803553432551218  0.4906299069551703  1.0000
  O   O9        1.0  0.052302334477578816  0.23722216011584335  0.279253888071467  1.0000
  O   O10       1.0  0.1068491081518157  0.13203163976843021  0.43665898638186396  1.0000
  O   O11       1.0  0.25275097857303114  0.7131595755622676  0.17866563386631373  1.0000
  O   O12       1.0  0.24886900000000003  0.24886900000000003  0.9574360000000001  1.0000
  O   O13       1.0  0.7194126852422837  0.7622851271974562  0.03013830717198518  1.0000
  O   O14       1.0  0.22103499999999998  0.22103500000000006  0.468922  1.0000
"
"# generated using pymatgen
data_VO2F3
_symmetry_space_group_name_H-M   'P 1'
_cell_length_a   9.84144900
_cell_length_b   5.41382100
_cell_length_c   7.30222737
_cell_angle_alpha   73.42695503
_cell_angle_beta   90.00000000
_cell_angle_gamma   90.00000000
_symmetry_Int_Tables_number   1
_chemical_formula_structural   VO2F3
_chemical_formula_sum   'V4 O8 F12'
_cell_volume   372.89869664
_cell_formula_units_Z   4
loop_
 _symmetry_equiv_pos_site_id
 _symmetry_equiv_pos_as_xyz
  1  'x, y, z'
loop_
 _atom_site_type_symbol
 _atom_site_label
 _atom_site_symmetry_multiplicity
 _atom_site_fract_x
 _atom_site_fract_y
 _atom_site_fract_z
 _atom_site_occupancy
  V  V0  1  0.00000000  0.00000000  0.00000000  1
  V  V1  1  0.50000000  0.00000000  0.50000000  1
  V  V2  1  0.00000000  0.50000000  0.50000000  1
  V  V3  1  0.50000000  0.50000000  0.00000000  1
  O  O4  1  0.37874900  0.77675800  0.44574800  1
  O  O5  1  0.87874900  0.22324200  0.05425200  1
  O  O6  1  0.62125100  0.22324200  0.55425200  1
  O  O7  1  0.12125100  0.77675800  0.94574800  1
  O  O8  1  0.63666900  0.84498300  0.40475600  1
  O  O9  1  0.13666900  0.15501700  0.09524400  1
  O  O10  1  0.36333100  0.15501700  0.59524400  1
  O  O11  1  0.86333100  0.84498300  0.90475600  1
  F  F12  1  0.96854100  0.75726300  0.26540700  1
  F  F13  1  0.46854100  0.24273700  0.23459300  1
  F  F14  1  0.03145900  0.24273700  0.73459300  1
  F  F15  1  0.53145900  0.75726300  0.76540700  1
  F  F16  1  0.38675700  0.71202100  0.07476100  1
  F  F17  1  0.88675700  0.28797900  0.42523900  1
  F  F18  1  0.61324300  0.28797900  0.92523900  1
  F  F19  1  0.11324300  0.71202100  0.57476100  1
  F  F20  1  0.63898900  0.62151200  0.10656400  1
  F  F21  1  0.13898900  0.37848800  0.39343600  1
  F  F22  1  0.36101100  0.37848800  0.89343600  1
  F  F23  1  0.86101100  0.62151200  0.60656400  1
",Rotate all surrounding atoms within 2.550352691267931 angstrom of the center atom at index 5 by 282.0831784292872 degree around the axis [1. 0. 0.] in the cif file. The rotation should following the right-hand rule.,,"data_image0
_chemical_formula_structural       V4O8F12
_chemical_formula_sum              ""V4 O8 F12""
_cell_length_a       9.841449
_cell_length_b       5.413821
_cell_length_c       7.30222737
_cell_angle_alpha    73.42695503
_cell_angle_beta     90.0
_cell_angle_gamma    90.0

_space_group_name_H-M_alt    ""P 1""
_space_group_IT_number       1

loop_
  _space_group_symop_operation_xyz
  'x, y, z'

loop_
  _atom_site_type_symbol
  _atom_site_label
  _atom_site_symmetry_multiplicity
  _atom_site_fract_x
  _atom_site_fract_y
  _atom_site_fract_z
  _atom_site_occupancy
  V   V1        1.0  0.0  0.03688939232777017  0.22754112927710382  1.0000
  V   V2        1.0  0.5  0.0  0.5  1.0000
  V   V3        1.0  0.0  0.5  0.5  1.0000
  V   V4        1.0  0.5  0.5  0.0  1.0000
  O   O1        1.0  0.37874900000000006  0.7767579999999998  0.445748  1.0000
  O   O2        1.0  0.878749  0.22324199999999997  0.054252  1.0000
  O   O3        1.0  0.621251  0.22324199999999997  0.554252  1.0000
  O   O4        1.0  0.12125100000000001  0.7767579999999998  0.945748  1.0000
  O   O5        1.0  0.636669  0.8449829999999998  0.4047560000000001  1.0000
  O   O6        1.0  0.136669  0.155017  0.095244  1.0000
  O   O7        1.0  0.363331  0.15501700000000002  0.595244  1.0000
  O   O8        1.0  0.863331  0.8449829999999998  0.904756  1.0000
  F   F1        1.0  0.968541  0.757263  0.265407  1.0000
  F   F2        1.0  0.468541  0.24273699999999998  0.234593  1.0000
  F   F3        1.0  0.031459  0.24273699999999995  0.734593  1.0000
  F   F4        1.0  0.531459  0.757263  0.765407  1.0000
  F   F5        1.0  0.386757  0.712021  0.074761  1.0000
  F   F6        1.0  0.886757  0.287979  0.425239  1.0000
  F   F7        1.0  0.613243  0.28797899999999993  0.9252390000000001  1.0000
  F   F8        1.0  0.113243  0.712021  0.574761  1.0000
  F   F9        1.0  0.6389890000000001  0.621512  0.10656400000000002  1.0000
  F   F10       1.0  0.138989  0.37848799999999994  0.393436  1.0000
  F   F11       1.0  0.361011  0.37848799999999977  0.8934360000000002  1.0000
  F   F12       1.0  0.861011  0.6215120000000001  0.606564  1.0000
"
"# generated using pymatgen
data_Eu2Co12P7
_symmetry_space_group_name_H-M   'P 1'
_cell_length_a   3.58348900
_cell_length_b   9.10503517
_cell_length_c   9.08702404
_cell_angle_alpha   120.10969725
_cell_angle_beta   90.00000000
_cell_angle_gamma   90.00000000
_symmetry_Int_Tables_number   1
_chemical_formula_structural   Eu2Co12P7
_chemical_formula_sum   'Eu2 Co12 P7'
_cell_volume   256.48317928
_cell_formula_units_Z   1
loop_
 _symmetry_equiv_pos_site_id
 _symmetry_equiv_pos_as_xyz
  1  'x, y, z'
loop_
 _atom_site_type_symbol
 _atom_site_label
 _atom_site_symmetry_multiplicity
 _atom_site_fract_x
 _atom_site_fract_y
 _atom_site_fract_z
 _atom_site_occupancy
  Eu  Eu0  1  0.00000000  0.66645400  0.33357100  1
  Eu  Eu1  1  0.50000000  0.33360200  0.66659400  1
  Co  Co2  1  0.00000000  0.37587700  0.94373900  1
  Co  Co3  1  0.00000000  0.05597700  0.43179700  1
  Co  Co4  1  0.00000000  0.56796200  0.62408700  1
  Co  Co5  1  0.00000000  0.88141200  0.72942700  1
  Co  Co6  1  0.00000000  0.27058200  0.15202700  1
  Co  Co7  1  0.00000000  0.84789600  0.11855300  1
  Co  Co8  1  0.50000000  0.94954500  0.56778700  1
  Co  Co9  1  0.50000000  0.43221500  0.38219300  1
  Co  Co10  1  0.50000000  0.61776200  0.05023700  1
  Co  Co11  1  0.50000000  0.13228000  0.89594700  1
  Co  Co12  1  0.50000000  0.10325500  0.23480500  1
  Co  Co13  1  0.50000000  0.76516500  0.86865000  1
  P  P14  1  0.00000000  0.10997600  0.70760300  1
  P  P15  1  0.00000000  0.29227700  0.40242200  1
  P  P16  1  0.00000000  0.59766000  0.88990000  1
  P  P17  1  0.50000000  0.70895200  0.60194300  1
  P  P18  1  0.50000000  0.39829200  0.10704600  1
  P  P19  1  0.50000000  0.89297100  0.29119700  1
  P  P20  1  0.00000000  0.99988900  0.00047500  1
",Rotate all surrounding atoms within 3.5338455879753745 angstrom of the center atom at index 2 by 179.51352505613133 degree around the axis [ 0. -1.  0.] in the cif file. The rotation should following the right-hand rule.,,"data_image0
_chemical_formula_structural       Eu2Co12P7
_chemical_formula_sum              ""Eu2 Co12 P7""
_cell_length_a       3.583489
_cell_length_b       9.10503517
_cell_length_c       9.08702404
_cell_angle_alpha    120.10969725
_cell_angle_beta     90.0
_cell_angle_gamma    90.0

_space_group_name_H-M_alt    ""P 1""
_space_group_IT_number       1

loop_
  _space_group_symop_operation_xyz
  'x, y, z'

loop_
  _atom_site_type_symbol
  _atom_site_label
  _atom_site_symmetry_multiplicity
  _atom_site_fract_x
  _atom_site_fract_y
  _atom_site_fract_z
  _atom_site_occupancy
  Eu  Eu1       1.0  0.01136441705399424  0.27742227119243146  0.5538850065929946  1.0000
  Eu  Eu2       1.0  0.5051798653287816  0.6120794045073344  0.2228092623354967  1.0000
  Co  Co1       1.0  0.0  0.375877  0.943739  1.0000
  Co  Co2       1.0  0.0  0.05597699999999999  0.431797  1.0000
  Co  Co3       1.0  0.0  0.5679619999999999  0.6240870000000002  1.0000
  Co  Co4       1.0  0.0  0.8814119999999999  0.729427  1.0000
  Co  Co5       1.0  0.014745685376243736  0.06333237681802784  0.7354224628688377  1.0000
  Co  Co6       1.0  0.0  0.847896  0.11855300000000003  1.0000
  Co  Co7       1.0  0.4999999999999999  0.9495449999999999  0.567787  1.0000
  Co  Co8       1.0  0.4999999999999999  0.432215  0.3821930000000001  1.0000
  Co  Co9       1.0  0.5166595528937616  0.5134047929370027  0.8391440458469861  1.0000
  Co  Co10      1.0  0.5009081513998559  0.18110359456843586  0.9934645293273364  1.0000
  Co  Co11      1.0  0.4999999999999999  0.103255  0.234805  1.0000
  Co  Co12      1.0  0.4999999999999999  0.765165  0.86865  1.0000
  P   P1        1.0  0.00439804772695714  0.34642170624204505  0.17986648851602105  1.0000
  P   P2        1.0  0.0  0.29227700000000006  0.4024220000000001  1.0000
  P   P3        1.0  0.001002754732745729  0.6515696130126937  0.997576059381941  1.0000
  P   P4        1.0  0.4999999999999999  0.7089519999999999  0.601943  1.0000
  P   P5        1.0  0.5156014817257876  0.23705128459475744  0.7823370935182152  1.0000
  P   P6        1.0  0.4999999999999999  0.892971  0.2911970000000001  1.0000
  P   P7        1.0  0.0  0.999889  0.000475  1.0000
"
"# generated using pymatgen
data_BaC2
_symmetry_space_group_name_H-M   'P 1'
_cell_length_a   5.55938100
_cell_length_b   7.76041900
_cell_length_c   9.78491000
_cell_angle_alpha   90.00000000
_cell_angle_beta   90.00000000
_cell_angle_gamma   90.00000000
_symmetry_Int_Tables_number   1
_chemical_formula_structural   BaC2
_chemical_formula_sum   'Ba8 C16'
_cell_volume   422.15160445
_cell_formula_units_Z   8
loop_
 _symmetry_equiv_pos_site_id
 _symmetry_equiv_pos_as_xyz
  1  'x, y, z'
loop_
 _atom_site_type_symbol
 _atom_site_label
 _atom_site_symmetry_multiplicity
 _atom_site_fract_x
 _atom_site_fract_y
 _atom_site_fract_z
 _atom_site_occupancy
  Ba  Ba0  1  0.25000000  0.00426500  0.32005000  1
  Ba  Ba1  1  0.25000000  0.50426500  0.17995000  1
  Ba  Ba2  1  0.75000000  0.99573500  0.67995000  1
  Ba  Ba3  1  0.75000000  0.49573500  0.82005000  1
  Ba  Ba4  1  0.25000000  0.85480100  0.90248600  1
  Ba  Ba5  1  0.25000000  0.35480100  0.59751400  1
  Ba  Ba6  1  0.75000000  0.14519900  0.09751400  1
  Ba  Ba7  1  0.75000000  0.64519900  0.40248600  1
  C  C8  1  0.25000000  0.37260500  0.90854700  1
  C  C9  1  0.25000000  0.87260500  0.59145300  1
  C  C10  1  0.75000000  0.62739500  0.09145300  1
  C  C11  1  0.75000000  0.12739500  0.40854700  1
  C  C12  1  0.25000000  0.21046500  0.00275800  1
  C  C13  1  0.25000000  0.71046500  0.49724200  1
  C  C14  1  0.75000000  0.78953500  0.99724200  1
  C  C15  1  0.75000000  0.28953500  0.50275800  1
  C  C16  1  0.10865800  0.20759500  0.86438500  1
  C  C17  1  0.39134200  0.70759500  0.63561500  1
  C  C18  1  0.60865800  0.79240500  0.13561500  1
  C  C19  1  0.89134200  0.29240500  0.36438500  1
  C  C20  1  0.89134200  0.79240500  0.13561500  1
  C  C21  1  0.60865800  0.29240500  0.36438500  1
  C  C22  1  0.39134200  0.20759500  0.86438500  1
  C  C23  1  0.10865800  0.70759500  0.63561500  1
",Rotate all surrounding atoms within 2.5886602005573565 angstrom of the center atom at index 16 by 201.21902853612403 degree around the axis [0. 0. 1.] in the cif file. The rotation should following the right-hand rule.,,"data_image0
_chemical_formula_structural       Ba8C16
_chemical_formula_sum              ""Ba8 C16""
_cell_length_a       5.559381
_cell_length_b       7.760419
_cell_length_c       9.78491
_cell_angle_alpha    90.0
_cell_angle_beta     90.0
_cell_angle_gamma    90.0

_space_group_name_H-M_alt    ""P 1""
_space_group_IT_number       1

loop_
  _space_group_symop_operation_xyz
  'x, y, z'

loop_
  _atom_site_type_symbol
  _atom_site_label
  _atom_site_symmetry_multiplicity
  _atom_site_fract_x
  _atom_site_fract_y
  _atom_site_fract_z
  _atom_site_occupancy
  Ba  Ba1       1.0  0.25  0.004265  0.32005  1.0000
  Ba  Ba2       1.0  0.25  0.504265  0.17995  1.0000
  Ba  Ba3       1.0  0.7499999999999999  0.9957349999999998  0.67995  1.0000
  Ba  Ba4       1.0  0.7499999999999999  0.49573499999999987  0.82005  1.0000
  Ba  Ba5       1.0  0.25  0.854801  0.902486  1.0000
  Ba  Ba6       1.0  0.25  0.354801  0.597514  1.0000
  Ba  Ba7       1.0  0.7499999999999999  0.145199  0.097514  1.0000
  Ba  Ba8       1.0  0.7499999999999999  0.645199  0.402486  1.0000
  C   C1        1.0  0.06026632142125309  0.017124765398247914  0.908547  1.0000
  C   C2        1.0  0.25  0.872605  0.591453  1.0000
  C   C3        1.0  0.7499999999999999  0.6273949999999999  0.091453  1.0000
  C   C4        1.0  0.7499999999999999  0.127395  0.408547  1.0000
  C   C5        1.0  0.9783484790859852  0.16827226528151387  0.0027580000000001614  1.0000
  C   C6        1.0  0.25  0.710465  0.497242  1.0000
  C   C7        1.0  0.7499999999999999  0.789535  0.997242  1.0000
  C   C8        1.0  0.7499999999999999  0.289535  0.502758  1.0000
  C   C9        1.0  0.108658  0.207595  0.864385  1.0000
  C   C10       1.0  0.3913420000000001  0.7075949999999998  0.635615  1.0000
  C   C11       1.0  0.608658  0.7924049999999998  0.135615  1.0000
  C   C12       1.0  0.891342  0.292405  0.364385  1.0000
  C   C13       1.0  0.891342  0.7924049999999998  0.135615  1.0000
  C   C14       1.0  0.608658  0.292405  0.364385  1.0000
  C   C15       1.0  0.8451389432774075  0.13430037951658608  0.864385  1.0000
  C   C16       1.0  0.108658  0.7075949999999998  0.635615  1.0000
"
"# generated using pymatgen
data_LiEr(WO4)2
_symmetry_space_group_name_H-M   'P 1'
_cell_length_a   5.88904200
_cell_length_b   5.08837100
_cell_length_c   10.95745069
_cell_angle_alpha   66.47043981
_cell_angle_beta   90.00000000
_cell_angle_gamma   90.00000000
_symmetry_Int_Tables_number   1
_chemical_formula_structural   LiEr(WO4)2
_chemical_formula_sum   'Li2 Er2 W4 O16'
_cell_volume   301.04626108
_cell_formula_units_Z   2
loop_
 _symmetry_equiv_pos_site_id
 _symmetry_equiv_pos_as_xyz
  1  'x, y, z'
loop_
 _atom_site_type_symbol
 _atom_site_label
 _atom_site_symmetry_multiplicity
 _atom_site_fract_x
 _atom_site_fract_y
 _atom_site_fract_z
 _atom_site_occupancy
  Li  Li0  1  0.24706400  0.50000000  0.75000000  1
  Li  Li1  1  0.75293600  0.50000000  0.25000000  1
  Er  Er2  1  0.68524100  0.00000000  0.75000000  1
  Er  Er3  1  0.31475900  0.00000000  0.25000000  1
  W  W4  1  0.17681100  0.23558600  0.51391400  1
  W  W5  1  0.82318900  0.76441400  0.48608600  1
  W  W6  1  0.17681100  0.76441400  0.98608600  1
  W  W7  1  0.82318900  0.23558600  0.01391400  1
  O  O8  1  0.62764600  0.78898800  0.60992400  1
  O  O9  1  0.37235400  0.21101200  0.39007600  1
  O  O10  1  0.62764600  0.21101200  0.89007600  1
  O  O11  1  0.37235400  0.78898800  0.10992400  1
  O  O12  1  0.37264200  0.27042600  0.63596200  1
  O  O13  1  0.62735800  0.72957400  0.36403800  1
  O  O14  1  0.37264200  0.72957400  0.86403800  1
  O  O15  1  0.62735800  0.27042600  0.13596200  1
  O  O16  1  0.08483400  0.85003200  0.61232600  1
  O  O17  1  0.91516600  0.14996800  0.38767400  1
  O  O18  1  0.08483400  0.14996800  0.88767400  1
  O  O19  1  0.91516600  0.85003200  0.11232600  1
  O  O20  1  0.89003400  0.35015200  0.59759400  1
  O  O21  1  0.10996600  0.64984800  0.40240600  1
  O  O22  1  0.89003400  0.64984800  0.90240600  1
  O  O23  1  0.10996600  0.35015200  0.09759400  1
",Rotate all surrounding atoms within 3.5862486092347057 angstrom of the center atom at index 0 by 65.47657278601496 degree around the axis [-1.  0.  0.] in the cif file. The rotation should following the right-hand rule.,,"data_image0
_chemical_formula_structural       Li2Er2W4O16
_chemical_formula_sum              ""Li2 Er2 W4 O16""
_cell_length_a       5.889042
_cell_length_b       5.088371
_cell_length_c       10.95745069
_cell_angle_alpha    66.47043981
_cell_angle_beta     90.0
_cell_angle_gamma    90.0

_space_group_name_H-M_alt    ""P 1""
_space_group_IT_number       1

loop_
  _space_group_symop_operation_xyz
  'x, y, z'

loop_
  _atom_site_type_symbol
  _atom_site_label
  _atom_site_symmetry_multiplicity
  _atom_site_fract_x
  _atom_site_fract_y
  _atom_site_fract_z
  _atom_site_occupancy
  Li  Li1       1.0  0.247064  0.5  0.75  1.0000
  Li  Li2       1.0  0.752936  0.5  0.25  1.0000
  Er  Er1       1.0  0.685241  0.0  0.75  1.0000
  Er  Er2       1.0  0.314759  0.0  0.25  1.0000
  W   W1        1.0  0.176811  0.7810256704886122  0.8673751670844547  1.0000
  W   W2        1.0  0.823189  0.7644140000000003  0.486086  1.0000
  W   W3        1.0  0.176811  0.21897432951138818  0.632624832915545  1.0000
  W   W4        1.0  0.823189  0.23558600000000002  0.013914  1.0000
  O   O1        1.0  0.627646  0.43511031287370455  0.6141848052769088  1.0000
  O   O2        1.0  0.372354  0.21101200000000003  0.390076  1.0000
  O   O3        1.0  0.627646  0.5648896871262957  0.8858151947230911  1.0000
  O   O4        1.0  0.372354  0.7889880000000001  0.109924  1.0000
  O   O5        1.0  0.372642  0.0700855904154648  0.8536299019738778  1.0000
  O   O6        1.0  0.627358  0.7295740000000001  0.364038  1.0000
  O   O7        1.0  0.372642  0.9299144095845352  0.6463700980261222  1.0000
  O   O8        1.0  0.627358  0.27042600000000006  0.135962  1.0000
  O   O9        1.0  0.084834  0.4897626439153202  0.5861012743151198  1.0000
  O   O10       1.0  0.915166  0.14996800000000005  0.387674  1.0000
  O   O11       1.0  0.084834  0.5102373560846798  0.9138987256848803  1.0000
  O   O12       1.0  0.915166  0.8500320000000001  0.11232599999999998  1.0000
  O   O13       1.0  0.8900339999999999  0.05277394085001947  0.816166435029163  1.0000
  O   O14       1.0  0.10996599999999998  0.6498479999999999  0.402406  1.0000
  O   O15       1.0  0.8900339999999999  0.9472260591499806  0.683833564970837  1.0000
  O   O16       1.0  0.10996599999999998  0.350152  0.097594  1.0000
"
"# generated using pymatgen
data_Ba4Li2(CdP2)3
_symmetry_space_group_name_H-M   'P 1'
_cell_length_a   10.28560178
_cell_length_b   10.28560178
_cell_length_c   16.96742100
_cell_angle_alpha   90.00000000
_cell_angle_beta   90.00000000
_cell_angle_gamma   154.63154792
_symmetry_Int_Tables_number   1
_chemical_formula_structural   Ba4Li2(CdP2)3
_chemical_formula_sum   'Ba8 Li4 Cd6 P12'
_cell_volume   769.06474844
_cell_formula_units_Z   2
loop_
 _symmetry_equiv_pos_site_id
 _symmetry_equiv_pos_as_xyz
  1  'x, y, z'
loop_
 _atom_site_type_symbol
 _atom_site_label
 _atom_site_symmetry_multiplicity
 _atom_site_fract_x
 _atom_site_fract_y
 _atom_site_fract_z
 _atom_site_occupancy
  Ba  Ba0  1  0.98378500  0.01621500  0.37771800  1
  Ba  Ba1  1  0.01621500  0.98378500  0.62228200  1
  Ba  Ba2  1  0.98378500  0.01621500  0.12228200  1
  Ba  Ba3  1  0.01621500  0.98378500  0.87771800  1
  Ba  Ba4  1  0.82841300  0.17158700  0.93158400  1
  Ba  Ba5  1  0.17158700  0.82841300  0.06841600  1
  Ba  Ba6  1  0.82841300  0.17158700  0.56841600  1
  Ba  Ba7  1  0.17158700  0.82841300  0.43158400  1
  Li  Li8  1  0.84920900  0.15079100  0.25000000  1
  Li  Li9  1  0.15079100  0.84920900  0.75000000  1
  Li  Li10  1  0.56299600  0.43700400  0.25000000  1
  Li  Li11  1  0.43700400  0.56299600  0.75000000  1
  Cd  Cd12  1  0.34950500  0.65049500  0.37434300  1
  Cd  Cd13  1  0.65049500  0.34950500  0.62565700  1
  Cd  Cd14  1  0.34950500  0.65049500  0.12565700  1
  Cd  Cd15  1  0.65049500  0.34950500  0.87434300  1
  Cd  Cd16  1  0.70385700  0.29614300  0.25000000  1
  Cd  Cd17  1  0.29614300  0.70385700  0.75000000  1
  P  P18  1  0.78052700  0.21947300  0.38154600  1
  P  P19  1  0.21947300  0.78052700  0.61845400  1
  P  P20  1  0.78052700  0.21947300  0.11845400  1
  P  P21  1  0.21947300  0.78052700  0.88154600  1
  P  P22  1  0.55584900  0.44415100  0.48882200  1
  P  P23  1  0.44415100  0.55584900  0.51117800  1
  P  P24  1  0.55584900  0.44415100  0.01117800  1
  P  P25  1  0.44415100  0.55584900  0.98882200  1
  P  P26  1  0.43032300  0.56967700  0.25000000  1
  P  P27  1  0.56967700  0.43032300  0.75000000  1
  P  P28  1  0.12034200  0.87965800  0.25000000  1
  P  P29  1  0.87965800  0.12034200  0.75000000  1
",Rotate all surrounding atoms within 3.025873370317782 angstrom of the center atom at index 8 by 124.80583576835882 degree around the axis [-1.  0.  0.] in the cif file. The rotation should following the right-hand rule.,,"data_image0
_chemical_formula_structural       Ba8Li4Cd6P12
_chemical_formula_sum              ""Ba8 Li4 Cd6 P12""
_cell_length_a       10.28560178
_cell_length_b       10.28560178
_cell_length_c       16.967421
_cell_angle_alpha    90.0
_cell_angle_beta     90.0
_cell_angle_gamma    154.63154792000003

_space_group_name_H-M_alt    ""P 1""
_space_group_IT_number       1

loop_
  _space_group_symop_operation_xyz
  'x, y, z'

loop_
  _atom_site_type_symbol
  _atom_site_label
  _atom_site_symmetry_multiplicity
  _atom_site_fract_x
  _atom_site_fract_y
  _atom_site_fract_z
  _atom_site_occupancy
  Ba  Ba1       1.0  0.983785  0.016215000000000004  0.377718  1.0000
  Ba  Ba2       1.0  0.016215000000000125  0.9837850000000001  0.622282  1.0000
  Ba  Ba3       1.0  0.983785  0.016215000000000004  0.122282  1.0000
  Ba  Ba4       1.0  0.016215000000000125  0.9837850000000001  0.877718  1.0000
  Ba  Ba5       1.0  0.8284129999999998  0.171587  0.931584  1.0000
  Ba  Ba6       1.0  0.17158699999999996  0.828413  0.068416  1.0000
  Ba  Ba7       1.0  0.8284129999999998  0.171587  0.568416  1.0000
  Ba  Ba8       1.0  0.17158699999999996  0.828413  0.431584  1.0000
  Li  Li1       1.0  0.849209  0.150791  0.25  1.0000
  Li  Li2       1.0  0.150791  0.849209  0.75  1.0000
  Li  Li3       1.0  0.562996  0.437004  0.25  1.0000
  Li  Li4       1.0  0.4370039999999999  0.562996  0.75  1.0000
  Cd  Cd1       1.0  0.34950500000000034  0.6504950000000003  0.374343  1.0000
  Cd  Cd2       1.0  0.650495  0.349505  0.625657  1.0000
  Cd  Cd3       1.0  0.34950500000000034  0.6504950000000003  0.125657  1.0000
  Cd  Cd4       1.0  0.650495  0.349505  0.874343  1.0000
  Cd  Cd5       1.0  0.4975549349553431  0.06782448516175338  0.21900341338638524  1.0000
  Cd  Cd6       1.0  0.296143  0.703857  0.75  1.0000
  P   P1        1.0  0.0588215017747995  0.5274669472206347  0.16026734601031786  1.0000
  P   P2        1.0  0.219473  0.780527  0.618454  1.0000
  P   P3        1.0  0.30726801983622587  0.6957080659870205  0.31043952335788777  1.0000
  P   P4        1.0  0.219473  0.780527  0.881546  1.0000
  P   P5        1.0  0.5558490000000001  0.444151  0.488822  1.0000
  P   P6        1.0  0.444151  0.555849  0.511178  1.0000
  P   P7        1.0  0.5558490000000001  0.444151  0.011178  1.0000
  P   P8        1.0  0.444151  0.555849  0.988822  1.0000
  P   P9        1.0  0.8357866550009898  0.9116920434357025  0.16067177486219228  1.0000
  P   P10       1.0  0.569677  0.430323  0.75  1.0000
  P   P11       1.0  0.12034200000000018  0.879658  0.25  1.0000
  P   P12       1.0  0.879658  0.120342  0.75  1.0000
"
"# generated using pymatgen
data_RbBaPS4
_symmetry_space_group_name_H-M   'P 1'
_cell_length_a   6.83252700
_cell_length_b   10.21427200
_cell_length_c   11.72765600
_cell_angle_alpha   90.00000000
_cell_angle_beta   90.00000000
_cell_angle_gamma   90.00000000
_symmetry_Int_Tables_number   1
_chemical_formula_structural   RbBaPS4
_chemical_formula_sum   'Rb4 Ba4 P4 S16'
_cell_volume   818.46477652
_cell_formula_units_Z   4
loop_
 _symmetry_equiv_pos_site_id
 _symmetry_equiv_pos_as_xyz
  1  'x, y, z'
loop_
 _atom_site_type_symbol
 _atom_site_label
 _atom_site_symmetry_multiplicity
 _atom_site_fract_x
 _atom_site_fract_y
 _atom_site_fract_z
 _atom_site_occupancy
  Rb  Rb0  1  0.25000000  0.84579800  0.91571200  1
  Rb  Rb1  1  0.25000000  0.65420200  0.41571200  1
  Rb  Rb2  1  0.75000000  0.15420200  0.08428800  1
  Rb  Rb3  1  0.75000000  0.34579800  0.58428800  1
  Ba  Ba4  1  0.25000000  0.39444100  0.85103400  1
  Ba  Ba5  1  0.25000000  0.10555900  0.35103400  1
  Ba  Ba6  1  0.75000000  0.60555900  0.14896600  1
  Ba  Ba7  1  0.75000000  0.89444100  0.64896600  1
  P  P8  1  0.25000000  0.10736400  0.68407200  1
  P  P9  1  0.25000000  0.39263600  0.18407200  1
  P  P10  1  0.75000000  0.89263600  0.31592800  1
  P  P11  1  0.75000000  0.60736400  0.81592800  1
  S  S12  1  0.49446400  0.11539200  0.78412600  1
  S  S13  1  0.00553600  0.38460800  0.28412600  1
  S  S14  1  0.99446400  0.88460800  0.21587400  1
  S  S15  1  0.50553600  0.61539200  0.71587400  1
  S  S16  1  0.50553600  0.88460800  0.21587400  1
  S  S17  1  0.99446400  0.61539200  0.71587400  1
  S  S18  1  0.00553600  0.11539200  0.78412600  1
  S  S19  1  0.49446400  0.38460800  0.28412600  1
  S  S20  1  0.25000000  0.27140500  0.58151400  1
  S  S21  1  0.25000000  0.22859500  0.08151400  1
  S  S22  1  0.75000000  0.72859500  0.41848600  1
  S  S23  1  0.75000000  0.77140500  0.91848600  1
  S  S24  1  0.25000000  0.93629500  0.59023000  1
  S  S25  1  0.25000000  0.56370500  0.09023000  1
  S  S26  1  0.75000000  0.06370500  0.40977000  1
  S  S27  1  0.75000000  0.43629500  0.90977000  1
",Rotate all surrounding atoms within 2.872320563589887 angstrom of the center atom at index 26 by 166.02449138562957 degree around the axis [ 0.  0. -1.] in the cif file. The rotation should following the right-hand rule.,,"data_image0
_chemical_formula_structural       Rb4Ba4P4S16
_chemical_formula_sum              ""Rb4 Ba4 P4 S16""
_cell_length_a       6.832527
_cell_length_b       10.214272
_cell_length_c       11.727656
_cell_angle_alpha    90.0
_cell_angle_beta     90.0
_cell_angle_gamma    90.0

_space_group_name_H-M_alt    ""P 1""
_space_group_IT_number       1

loop_
  _space_group_symop_operation_xyz
  'x, y, z'

loop_
  _atom_site_type_symbol
  _atom_site_label
  _atom_site_symmetry_multiplicity
  _atom_site_fract_x
  _atom_site_fract_y
  _atom_site_fract_z
  _atom_site_occupancy
  Rb  Rb1       1.0  0.24999999999999994  0.845798  0.9157119999999999  1.0000
  Rb  Rb2       1.0  0.24999999999999994  0.654202  0.415712  1.0000
  Rb  Rb3       1.0  0.75  0.154202  0.084288  1.0000
  Rb  Rb4       1.0  0.75  0.345798  0.584288  1.0000
  Ba  Ba1       1.0  0.24999999999999994  0.394441  0.8510339999999998  1.0000
  Ba  Ba2       1.0  0.24999999999999994  0.105559  0.35103400000000007  1.0000
  Ba  Ba3       1.0  0.75  0.605559  0.148966  1.0000
  Ba  Ba4       1.0  0.75  0.894441  0.648966  1.0000
  P   P1        1.0  0.24999999999999994  0.107364  0.684072  1.0000
  P   P2        1.0  0.24999999999999994  0.39263600000000004  0.18407200000000004  1.0000
  P   P3        1.0  0.049277711564448934  0.25931114638728214  0.31592799999999993  1.0000
  P   P4        1.0  0.75  0.607364  0.815928  1.0000
  S   S1        1.0  0.4944639999999999  0.11539200000000001  0.784126  1.0000
  S   S2        1.0  0.005535999999999998  0.384608  0.284126  1.0000
  S   S3        1.0  0.9944639999999998  0.884608  0.215874  1.0000
  S   S4        1.0  0.505536  0.615392  0.715874  1.0000
  S   S5        1.0  0.505536  0.884608  0.215874  1.0000
  S   S6        1.0  0.9944639999999998  0.615392  0.715874  1.0000
  S   S7        1.0  0.005535999999999998  0.11539200000000001  0.784126  1.0000
  S   S8        1.0  0.4944639999999999  0.384608  0.284126  1.0000
  S   S9        1.0  0.24999999999999994  0.271405  0.581514  1.0000
  S   S10       1.0  0.24999999999999994  0.22859500000000002  0.081514  1.0000
  S   S11       1.0  0.75  0.728595  0.418486  1.0000
  S   S12       1.0  0.75  0.771405  0.9184860000000001  1.0000
  S   S13       1.0  0.24999999999999994  0.936295  0.59023  1.0000
  S   S14       1.0  0.24999999999999994  0.563705  0.09022999999999999  1.0000
  S   S15       1.0  0.75  0.06370500000000001  0.40977  1.0000
  S   S16       1.0  0.75  0.436295  0.90977  1.0000
"
"# generated using pymatgen
data_RbInTe3O8
_symmetry_space_group_name_H-M   'P 1'
_cell_length_a   5.87332700
_cell_length_b   7.75314168
_cell_length_c   11.34230044
_cell_angle_alpha   100.59785988
_cell_angle_beta   89.41498925
_cell_angle_gamma   109.50938536
_symmetry_Int_Tables_number   1
_chemical_formula_structural   RbInTe3O8
_chemical_formula_sum   'Rb2 In2 Te6 O16'
_cell_volume   477.80202530
_cell_formula_units_Z   2
loop_
 _symmetry_equiv_pos_site_id
 _symmetry_equiv_pos_as_xyz
  1  'x, y, z'
loop_
 _atom_site_type_symbol
 _atom_site_label
 _atom_site_symmetry_multiplicity
 _atom_site_fract_x
 _atom_site_fract_y
 _atom_site_fract_z
 _atom_site_occupancy
  Rb  Rb0  1  0.83907800  0.11930300  0.16688500  1
  Rb  Rb1  1  0.16092200  0.88069700  0.83311500  1
  In  In2  1  0.50000000  0.50000000  0.00000000  1
  In  In3  1  0.00000000  0.50000000  0.50000000  1
  Te  Te4  1  0.22216300  0.99209900  0.41882700  1
  Te  Te5  1  0.77783700  0.00790100  0.58117300  1
  Te  Te6  1  0.06983100  0.67722500  0.14955200  1
  Te  Te7  1  0.93016900  0.32277500  0.85044800  1
  Te  Te8  1  0.51652300  0.52602900  0.33529300  1
  Te  Te9  1  0.48347700  0.47397100  0.66470700  1
  O  O10  1  0.18613000  0.73890800  0.41668400  1
  O  O11  1  0.81387000  0.26109200  0.58331600  1
  O  O12  1  0.23997600  0.93262500  0.23009500  1
  O  O13  1  0.76002400  0.06737500  0.76990500  1
  O  O14  1  0.88762100  0.96922700  0.39614700  1
  O  O15  1  0.11237900  0.03077300  0.60385300  1
  O  O16  1  0.27039800  0.67903300  0.01710200  1
  O  O17  1  0.72960200  0.32096700  0.98289800  1
  O  O18  1  0.82266100  0.73586800  0.07700300  1
  O  O19  1  0.17733900  0.26413200  0.92299700  1
  O  O20  1  0.39010400  0.42626200  0.17417400  1
  O  O21  1  0.60989600  0.57373800  0.82582600  1
  O  O22  1  0.24872200  0.37001200  0.40734200  1
  O  O23  1  0.75127800  0.62998800  0.59265800  1
  O  O24  1  0.73017700  0.39055900  0.34520900  1
  O  O25  1  0.26982300  0.60944100  0.65479100  1
",Rotate all surrounding atoms within 1.9944361582528574 angstrom of the center atom at index 15 by 49.45964071286247 degree around the axis [1. 0. 0.] in the cif file. The rotation should following the right-hand rule.,,"data_image0
_chemical_formula_structural       Rb2In2Te6O16
_chemical_formula_sum              ""Rb2 In2 Te6 O16""
_cell_length_a       5.873327
_cell_length_b       7.75314168
_cell_length_c       11.342300439999999
_cell_angle_alpha    100.59785988000002
_cell_angle_beta     89.41498925
_cell_angle_gamma    109.50938536

_space_group_name_H-M_alt    ""P 1""
_space_group_IT_number       1

loop_
  _space_group_symop_operation_xyz
  'x, y, z'

loop_
  _atom_site_type_symbol
  _atom_site_label
  _atom_site_symmetry_multiplicity
  _atom_site_fract_x
  _atom_site_fract_y
  _atom_site_fract_z
  _atom_site_occupancy
  Rb  Rb1       1.0  0.839078  0.119303  0.166885  1.0000
  Rb  Rb2       1.0  0.16092200000000012  0.8806970000000001  0.8331150000000002  1.0000
  In  In1       1.0  0.5  0.5  0.0  1.0000
  In  In2       1.0  0.0  0.5  0.5  1.0000
  Te  Te1       1.0  0.22216300000000017  0.9920990000000003  0.41882700000000006  1.0000
  Te  Te2       1.0  0.791887887065627  0.03976845120364463  0.5810634364670729  1.0000
  Te  Te3       1.0  0.06983100000000003  0.677225  0.149552  1.0000
  Te  Te4       1.0  0.9301690000000002  0.322775  0.8504479999999999  1.0000
  Te  Te5       1.0  0.516523  0.526029  0.335293  1.0000
  Te  Te6       1.0  0.4834770000000001  0.473971  0.664707  1.0000
  O   O1        1.0  0.1861300000000001  0.7389080000000002  0.416684  1.0000
  O   O2        1.0  0.8138700000000001  0.2610920000000001  0.583316  1.0000
  O   O3        1.0  0.239976  0.932625  0.23009499999999997  1.0000
  O   O4        1.0  0.7600240000000001  0.06737500000000006  0.7699050000000001  1.0000
  O   O5        1.0  0.8876210000000001  0.969227  0.396147  1.0000
  O   O6        1.0  0.112379  0.030773  0.603853  1.0000
  O   O7        1.0  0.27039800000000014  0.6790330000000002  0.017102  1.0000
  O   O8        1.0  0.729602  0.320967  0.9828980000000002  1.0000
  O   O9        1.0  0.822661  0.735868  0.077003  1.0000
  O   O10       1.0  0.17733900000000002  0.264132  0.922997  1.0000
  O   O11       1.0  0.39010400000000006  0.4262620000000001  0.174174  1.0000
  O   O12       1.0  0.6098960000000001  0.5737380000000002  0.8258260000000001  1.0000
  O   O13       1.0  0.248722  0.370012  0.407342  1.0000
  O   O14       1.0  0.7512780000000001  0.629988  0.592658  1.0000
  O   O15       1.0  0.730177  0.3905590000000001  0.345209  1.0000
  O   O16       1.0  0.2698230000000001  0.6094410000000002  0.654791  1.0000
"
"# generated using pymatgen
data_PWO5
_symmetry_space_group_name_H-M   'P 1'
_cell_length_a   5.43537300
_cell_length_b   6.66413200
_cell_length_c   11.46078900
_cell_angle_alpha   90.00000000
_cell_angle_beta   90.00000000
_cell_angle_gamma   90.00000000
_symmetry_Int_Tables_number   1
_chemical_formula_structural   PWO5
_chemical_formula_sum   'P4 W4 O20'
_cell_volume   415.13319359
_cell_formula_units_Z   4
loop_
 _symmetry_equiv_pos_site_id
 _symmetry_equiv_pos_as_xyz
  1  'x, y, z'
loop_
 _atom_site_type_symbol
 _atom_site_label
 _atom_site_symmetry_multiplicity
 _atom_site_fract_x
 _atom_site_fract_y
 _atom_site_fract_z
 _atom_site_occupancy
  P  P0  1  0.75000000  0.97223100  0.15581000  1
  P  P1  1  0.25000000  0.02776900  0.84419000  1
  P  P2  1  0.75000000  0.52776900  0.65581000  1
  P  P3  1  0.25000000  0.47223100  0.34419000  1
  W  W4  1  0.75000000  0.32804200  0.93829400  1
  W  W5  1  0.25000000  0.67195800  0.06170600  1
  W  W6  1  0.75000000  0.17195800  0.43829400  1
  W  W7  1  0.25000000  0.82804200  0.56170600  1
  O  O8  1  0.75000000  0.32906500  0.58857200  1
  O  O9  1  0.25000000  0.67093500  0.41142800  1
  O  O10  1  0.75000000  0.17093500  0.08857200  1
  O  O11  1  0.25000000  0.82906500  0.91142800  1
  O  O12  1  0.75000000  0.00870700  0.28773600  1
  O  O13  1  0.25000000  0.99129300  0.71226400  1
  O  O14  1  0.75000000  0.49129300  0.78773600  1
  O  O15  1  0.25000000  0.50870700  0.21226400  1
  O  O16  1  0.48278800  0.34911000  0.37346300  1
  O  O17  1  0.98278800  0.65089000  0.62653700  1
  O  O18  1  0.51721200  0.65089000  0.62653700  1
  O  O19  1  0.01721200  0.34911000  0.37346300  1
  O  O20  1  0.51721200  0.84911000  0.12653700  1
  O  O21  1  0.01721200  0.15089000  0.87346300  1
  O  O22  1  0.48278800  0.15089000  0.87346300  1
  O  O23  1  0.98278800  0.84911000  0.12653700  1
  O  O24  1  0.50000000  0.00000000  0.50000000  1
  O  O25  1  0.00000000  0.00000000  0.50000000  1
  O  O26  1  0.50000000  0.50000000  0.00000000  1
  O  O27  1  0.00000000  0.50000000  0.00000000  1
",Rotate all surrounding atoms within 2.6780645702973653 angstrom of the center atom at index 22 by 84.14941246093424 degree around the axis [0. 1. 0.] in the cif file. The rotation should following the right-hand rule.,,"data_image0
_chemical_formula_structural       P4W4O20
_chemical_formula_sum              ""P4 W4 O20""
_cell_length_a       5.435373
_cell_length_b       6.664132
_cell_length_c       11.460789
_cell_angle_alpha    90.0
_cell_angle_beta     90.0
_cell_angle_gamma    90.0

_space_group_name_H-M_alt    ""P 1""
_space_group_IT_number       1

loop_
  _space_group_symop_operation_xyz
  'x, y, z'

loop_
  _atom_site_type_symbol
  _atom_site_label
  _atom_site_symmetry_multiplicity
  _atom_site_fract_x
  _atom_site_fract_y
  _atom_site_fract_z
  _atom_site_occupancy
  P   P1        1.0  0.7500000000000001  0.972231  0.15581  1.0000
  P   P2        1.0  0.39765658493872086  0.027769000000000002  0.9803056100123333  1.0000
  P   P3        1.0  0.7500000000000001  0.527769  0.6558099999999999  1.0000
  P   P4        1.0  0.25  0.472231  0.34419  1.0000
  W   W1        1.0  0.6460139092334412  0.328042  0.7540041585744608  1.0000
  W   W2        1.0  0.25  0.671958  0.061706  1.0000
  W   W3        1.0  0.7500000000000001  0.171958  0.43829399999999996  1.0000
  W   W4        1.0  0.25  0.8280420000000001  0.5617059999999999  1.0000
  O   O1        1.0  0.7500000000000001  0.329065  0.588572  1.0000
  O   O2        1.0  0.25  0.670935  0.41142799999999996  1.0000
  O   O3        1.0  0.7500000000000001  0.170935  0.088572  1.0000
  O   O4        1.0  0.5386931884984282  0.829065  0.9871594924714248  1.0000
  O   O5        1.0  0.7500000000000001  0.008707  0.287736  1.0000
  O   O6        1.0  0.12093218859710014  0.991293  0.9668577784691867  1.0000
  O   O7        1.0  0.7500000000000001  0.491293  0.787736  1.0000
  O   O8        1.0  0.25  0.508707  0.21226399999999998  1.0000
  O   O9        1.0  0.482788  0.34911  0.373463  1.0000
  O   O10       1.0  0.982788  0.6508900000000001  0.6265369999999999  1.0000
  O   O11       1.0  0.517212  0.6508900000000001  0.6265369999999999  1.0000
  O   O12       1.0  0.017212  0.34911  0.373463  1.0000
  O   O13       1.0  0.517212  0.84911  0.126537  1.0000
  O   O14       1.0  0.43532967018986357  0.15089  0.09311608644618397  1.0000
  O   O15       1.0  0.482788  0.15089  0.8734629999999999  1.0000
  O   O16       1.0  0.982788  0.84911  0.126537  1.0000
  O   O17       1.0  0.5  0.0  0.4999999999999999  1.0000
  O   O18       1.0  0.0  0.0  0.4999999999999999  1.0000
  O   O19       1.0  0.5  0.5  0.0  1.0000
  O   O20       1.0  0.0  0.5  0.0  1.0000
"
"# generated using pymatgen
data_Nd3GaFeSe7
_symmetry_space_group_name_H-M   'P 1'
_cell_length_a   6.51444400
_cell_length_b   10.40865269
_cell_length_c   10.36433240
_cell_angle_alpha   120.19953622
_cell_angle_beta   90.00000000
_cell_angle_gamma   90.00000000
_symmetry_Int_Tables_number   1
_chemical_formula_structural   Nd3GaFeSe7
_chemical_formula_sum   'Nd6 Ga2 Fe2 Se14'
_cell_volume   607.38925228
_cell_formula_units_Z   2
loop_
 _symmetry_equiv_pos_site_id
 _symmetry_equiv_pos_as_xyz
  1  'x, y, z'
loop_
 _atom_site_type_symbol
 _atom_site_label
 _atom_site_symmetry_multiplicity
 _atom_site_fract_x
 _atom_site_fract_y
 _atom_site_fract_z
 _atom_site_occupancy
  Nd  Nd0  1  0.82105200  0.15870700  0.78220900  1
  Nd  Nd1  1  0.81925600  0.21747500  0.37368200  1
  Nd  Nd2  1  0.82115700  0.62454500  0.84424400  1
  Nd  Nd3  1  0.32105200  0.84129300  0.21779100  1
  Nd  Nd4  1  0.31925600  0.78252500  0.62631800  1
  Nd  Nd5  1  0.32115700  0.37545500  0.15575600  1
  Ga  Ga6  1  0.90034800  0.66674000  0.33377200  1
  Ga  Ga7  1  0.40034800  0.33326000  0.66622800  1
  Fe  Fe8  1  0.50922400  0.99759800  0.99524600  1
  Fe  Fe9  1  0.00922400  0.00240200  0.00475400  1
  Se  Se10  1  0.54956600  0.43470900  0.91408300  1
  Se  Se11  1  0.54913900  0.08693800  0.52090700  1
  Se  Se12  1  0.54987000  0.47904800  0.56580800  1
  Se  Se13  1  0.04956600  0.56529100  0.08591700  1
  Se  Se14  1  0.04913900  0.91306200  0.47909300  1
  Se  Se15  1  0.04987000  0.52095200  0.43419200  1
  Se  Se16  1  0.53086200  0.66647900  0.33369200  1
  Se  Se17  1  0.03086200  0.33352100  0.66630800  1
  Se  Se18  1  0.74327000  0.86547800  0.76421100  1
  Se  Se19  1  0.74444100  0.23603200  0.10113700  1
  Se  Se20  1  0.74261500  0.89966200  0.13505100  1
  Se  Se21  1  0.24327000  0.13452200  0.23578900  1
  Se  Se22  1  0.24444100  0.76396800  0.89886300  1
  Se  Se23  1  0.24261500  0.10033800  0.86494900  1
",Rotate all surrounding atoms within 3.5086397103365243 angstrom of the center atom at index 20 by 251.14426507442877 degree around the axis [ 0.  0. -1.] in the cif file. The rotation should following the right-hand rule.,,"data_image0
_chemical_formula_structural       Nd6Ga2Fe2Se14
_chemical_formula_sum              ""Nd6 Ga2 Fe2 Se14""
_cell_length_a       6.514444
_cell_length_b       10.40865269
_cell_length_c       10.364332399999999
_cell_angle_alpha    120.19953622000004
_cell_angle_beta     90.0
_cell_angle_gamma    90.0

_space_group_name_H-M_alt    ""P 1""
_space_group_IT_number       1

loop_
  _space_group_symop_operation_xyz
  'x, y, z'

loop_
  _atom_site_type_symbol
  _atom_site_label
  _atom_site_symmetry_multiplicity
  _atom_site_fract_x
  _atom_site_fract_y
  _atom_site_fract_z
  _atom_site_occupancy
  Nd  Nd1       1.0  0.821052  0.15870700000000004  0.782209  1.0000
  Nd  Nd2       1.0  0.9300608497071452  0.32368028329936327  0.37368199999999996  1.0000
  Nd  Nd3       1.0  0.6703150706905505  0.5051097294992872  0.8442439999999998  1.0000
  Nd  Nd4       1.0  0.029776398124677472  0.7236778518692971  0.217791  1.0000
  Nd  Nd5       1.0  0.31925600000000004  0.782525  0.626318  1.0000
  Nd  Nd6       1.0  0.321157  0.375455  0.155756  1.0000
  Ga  Ga1       1.0  0.9003480000000003  0.66674  0.333772  1.0000
  Ga  Ga2       1.0  0.40034800000000004  0.33326  0.666228  1.0000
  Fe  Fe1       1.0  0.3214170451838154  0.2998679929050072  0.995246  1.0000
  Fe  Fe2       1.0  0.23764816375142228  0.6689167934420599  0.004753999999999979  1.0000
  Se  Se1       1.0  0.549566  0.4347089999999999  0.9140829999999999  1.0000
  Se  Se2       1.0  0.549139  0.0869379999999999  0.5209069999999998  1.0000
  Se  Se3       1.0  0.54987  0.479048  0.565808  1.0000
  Se  Se4       1.0  0.049566  0.565291  0.085917  1.0000
  Se  Se5       1.0  0.049139000000000016  0.913062  0.479093  1.0000
  Se  Se6       1.0  0.04987000000000001  0.520952  0.434192  1.0000
  Se  Se7       1.0  0.5308620000000001  0.666479  0.333692  1.0000
  Se  Se8       1.0  0.030862000000000007  0.333521  0.666308  1.0000
  Se  Se9       1.0  0.74327  0.865478  0.7642109999999998  1.0000
  Se  Se10      1.0  0.7444410000000002  0.236032  0.10113699999999998  1.0000
  Se  Se11      1.0  0.742615  0.8996620000000001  0.135051  1.0000
  Se  Se12      1.0  0.24327000000000004  0.134522  0.235789  1.0000
  Se  Se13      1.0  0.244441  0.7639679999999999  0.8988629999999999  1.0000
  Se  Se14      1.0  0.24261500000000003  0.10033800000000001  0.864949  1.0000
"
"# generated using pymatgen
data_Al5Re24
_symmetry_space_group_name_H-M   'P 1'
_cell_length_a   8.33760588
_cell_length_b   8.33760588
_cell_length_c   8.33760588
_cell_angle_alpha   109.47122063
_cell_angle_beta   109.47122063
_cell_angle_gamma   109.47122063
_symmetry_Int_Tables_number   1
_chemical_formula_structural   Al5Re24
_chemical_formula_sum   'Al5 Re24'
_cell_volume   446.17188040
_cell_formula_units_Z   1
loop_
 _symmetry_equiv_pos_site_id
 _symmetry_equiv_pos_as_xyz
  1  'x, y, z'
loop_
 _atom_site_type_symbol
 _atom_site_label
 _atom_site_symmetry_multiplicity
 _atom_site_fract_x
 _atom_site_fract_y
 _atom_site_fract_z
 _atom_site_occupancy
  Al  Al0  1  0.00000000  0.00000000  0.00000000  1
  Al  Al1  1  0.64100600  0.00000000  0.00000000  1
  Al  Al2  1  0.00000000  0.64100600  0.00000000  1
  Al  Al3  1  0.00000000  0.00000000  0.64100600  1
  Al  Al4  1  0.35899400  0.35899400  0.35899400  1
  Re  Re5  1  0.39853100  0.68037300  0.00000000  1
  Re  Re6  1  0.71815800  0.31962700  0.31962700  1
  Re  Re7  1  0.39853100  0.00000000  0.68037300  1
  Re  Re8  1  0.68037300  0.39853100  0.00000000  1
  Re  Re9  1  0.00000000  0.39853100  0.68037300  1
  Re  Re10  1  0.31962700  0.71815800  0.31962700  1
  Re  Re11  1  0.31962700  0.31962700  0.71815800  1
  Re  Re12  1  0.00000000  0.68037300  0.39853100  1
  Re  Re13  1  0.68037300  0.00000000  0.39853100  1
  Re  Re14  1  0.60146900  0.60146900  0.28184200  1
  Re  Re15  1  0.28184200  0.60146900  0.60146900  1
  Re  Re16  1  0.60146900  0.28184200  0.60146900  1
  Re  Re17  1  0.37491400  0.19160400  0.00000000  1
  Re  Re18  1  0.18331000  0.80839600  0.80839600  1
  Re  Re19  1  0.37491400  0.00000000  0.19160400  1
  Re  Re20  1  0.19160400  0.37491400  0.00000000  1
  Re  Re21  1  0.00000000  0.37491400  0.19160400  1
  Re  Re22  1  0.80839600  0.18331000  0.80839600  1
  Re  Re23  1  0.80839600  0.80839600  0.18331000  1
  Re  Re24  1  0.00000000  0.19160400  0.37491400  1
  Re  Re25  1  0.19160400  0.00000000  0.37491400  1
  Re  Re26  1  0.62508600  0.62508600  0.81669000  1
  Re  Re27  1  0.81669000  0.62508600  0.62508600  1
  Re  Re28  1  0.62508600  0.81669000  0.62508600  1
",Rotate all surrounding atoms within 3.789589970101017 angstrom of the center atom at index 28 by 64.27906914308316 degree around the axis [1. 0. 0.] in the cif file. The rotation should following the right-hand rule.,,"data_image0
_chemical_formula_structural       Al5Re24
_chemical_formula_sum              ""Al5 Re24""
_cell_length_a       8.33760588
_cell_length_b       8.33760588
_cell_length_c       8.33760588
_cell_angle_alpha    109.47122063
_cell_angle_beta     109.47122063
_cell_angle_gamma    109.47122063

_space_group_name_H-M_alt    ""P 1""
_space_group_IT_number       1

loop_
  _space_group_symop_operation_xyz
  'x, y, z'

loop_
  _atom_site_type_symbol
  _atom_site_label
  _atom_site_symmetry_multiplicity
  _atom_site_fract_x
  _atom_site_fract_y
  _atom_site_fract_z
  _atom_site_occupancy
  Al  Al1       1.0  0.17235875824245736  0.6877298907452495  0.8293463840967504  1.0000
  Al  Al2       1.0  0.8133647582424574  0.6877298907452495  0.8293463840967504  1.0000
  Al  Al3       1.0  7.989509511033567e-17  0.6410060000000002  0.0  1.0000
  Al  Al4       1.0  0.7180033523370708  0.02089703899027217  0.7741190178333976  1.0000
  Al  Al5       1.0  0.3958895387532896  0.6567999256529583  0.17187469063144786  1.0000
  Re  Re1       1.0  0.3985310000000001  0.6803730000000002  0.0  1.0000
  Re  Re2       1.0  0.718158  0.319627  0.319627  1.0000
  Re  Re3       1.0  0.08863038690729748  0.9799438983409832  0.7707272621748089  1.0000
  Re  Re4       1.0  0.680373  0.398531  0.0  1.0000
  Re  Re5       1.0  0.0  0.398531  0.680373  1.0000
  Re  Re6       1.0  0.5034803808729561  0.040443575457346004  0.5489015672837946  1.0000
  Re  Re7       1.0  0.319627  0.31962700000000005  0.718158  1.0000
  Re  Re8       1.0  7.989509511033567e-17  0.6803730000000002  0.398531  1.0000
  Re  Re9       1.0  0.5702465486330629  0.27314162910220274  0.7950100167237458  1.0000
  Re  Re10      1.0  0.7734255161934782  0.968414057532247  0.4307664911625479  1.0000
  Re  Re11      1.0  0.2272417361893581  0.6359089266787322  0.4032282818530303  1.0000
  Re  Re12      1.0  0.6014689999999999  0.2818419999999999  0.6014689999999999  1.0000
  Re  Re13      1.0  0.374914  0.191604  0.0  1.0000
  Re  Re14      1.0  0.18330999999999997  0.808396  0.808396  1.0000
  Re  Re15      1.0  0.374914  0.0  0.19160399999999994  1.0000
  Re  Re16      1.0  0.191604  0.374914  0.0  1.0000
  Re  Re17      1.0  0.0  0.374914  0.19160399999999994  1.0000
  Re  Re18      1.0  0.4685132938033579  0.02166497322108591  0.9503929079629477  1.0000
  Re  Re19      1.0  0.808396  0.8083960000000001  0.18331  1.0000
  Re  Re20      1.0  0.0  0.19160399999999997  0.37491399999999997  1.0000
  Re  Re21      1.0  0.19160400000000008  2.220446049250313e-16  0.37491399999999997  1.0000
  Re  Re22      1.0  0.4257620596855967  0.43455020859818544  0.4092539703260437  1.0000
  Re  Re23      1.0  0.7531780695468081  0.6338741489788693  0.42576205961931607  1.0000
  Re  Re24      1.0  0.625086  0.8166900000000002  0.625086  1.0000
"
"# generated using pymatgen
data_TiZn(OF)6
_symmetry_space_group_name_H-M   'P 1'
_cell_length_a   5.98007038
_cell_length_b   7.63011358
_cell_length_c   9.00511400
_cell_angle_alpha   90.00000000
_cell_angle_beta   90.00000000
_cell_angle_gamma   100.77946918
_symmetry_Int_Tables_number   1
_chemical_formula_structural   TiZn(OF)6
_chemical_formula_sum   'Ti2 Zn2 O12 F12'
_cell_volume   403.64044652
_cell_formula_units_Z   2
loop_
 _symmetry_equiv_pos_site_id
 _symmetry_equiv_pos_as_xyz
  1  'x, y, z'
loop_
 _atom_site_type_symbol
 _atom_site_label
 _atom_site_symmetry_multiplicity
 _atom_site_fract_x
 _atom_site_fract_y
 _atom_site_fract_z
 _atom_site_occupancy
  Ti  Ti0  1  0.50000000  0.00000000  0.50000000  1
  Ti  Ti1  1  0.50000000  0.50000000  0.00000000  1
  Zn  Zn2  1  0.00000000  0.50000000  0.50000000  1
  Zn  Zn3  1  0.00000000  0.00000000  0.00000000  1
  O  O4  1  0.17602200  0.59093100  0.32023100  1
  O  O5  1  0.17602200  0.09093100  0.17976900  1
  O  O6  1  0.82397800  0.40906900  0.67976900  1
  O  O7  1  0.82397800  0.90906900  0.82023100  1
  O  O8  1  0.91332900  0.73524900  0.53875500  1
  O  O9  1  0.91332900  0.23524900  0.96124500  1
  O  O10  1  0.08667100  0.26475100  0.46124500  1
  O  O11  1  0.08667100  0.76475100  0.03875500  1
  O  O12  1  0.25953400  0.52937100  0.64073700  1
  O  O13  1  0.25953400  0.02937100  0.85926300  1
  O  O14  1  0.74046600  0.47062900  0.35926300  1
  O  O15  1  0.74046600  0.97062900  0.14073700  1
  F  F16  1  0.55026200  0.76967300  0.55014400  1
  F  F17  1  0.55026200  0.26967300  0.94985600  1
  F  F18  1  0.44973800  0.23032700  0.44985600  1
  F  F19  1  0.44973800  0.73032700  0.05014400  1
  F  F20  1  0.32437900  0.89733900  0.33662700  1
  F  F21  1  0.32437900  0.39733900  0.16337300  1
  F  F22  1  0.67562100  0.10266100  0.66337300  1
  F  F23  1  0.67562100  0.60266100  0.83662700  1
  F  F24  1  0.23162000  0.95927900  0.61706400  1
  F  F25  1  0.23162000  0.45927800  0.88293600  1
  F  F26  1  0.76838000  0.04072200  0.38293600  1
  F  F27  1  0.76838000  0.54072100  0.11706400  1
",Rotate all surrounding atoms within 3.2884144624096514 angstrom of the center atom at index 24 by 62.235880893709115 degree around the axis [0. 0. 1.] in the cif file. The rotation should following the right-hand rule.,,"data_image0
_chemical_formula_structural       Ti2Zn2O12F12
_chemical_formula_sum              ""Ti2 Zn2 O12 F12""
_cell_length_a       5.98007038
_cell_length_b       7.63011358
_cell_length_c       9.005114
_cell_angle_alpha    90.0
_cell_angle_beta     90.0
_cell_angle_gamma    100.77946918

_space_group_name_H-M_alt    ""P 1""
_space_group_IT_number       1

loop_
  _space_group_symop_operation_xyz
  'x, y, z'

loop_
  _atom_site_type_symbol
  _atom_site_label
  _atom_site_symmetry_multiplicity
  _atom_site_fract_x
  _atom_site_fract_y
  _atom_site_fract_z
  _atom_site_occupancy
  Ti  Ti1       1.0  0.5043636634510211  0.8634942481432408  0.5  1.0000
  Ti  Ti2       1.0  0.5  0.5  0.0  1.0000
  Zn  Zn1       1.0  0.0  0.5  0.5  1.0000
  Zn  Zn2       1.0  0.0  0.0  0.0  1.0000
  O   O1        1.0  0.176022  0.590931  0.320231  1.0000
  O   O2        1.0  0.176022  0.090931  0.179769  1.0000
  O   O3        1.0  0.8239779999999999  0.409069  0.679769  1.0000
  O   O4        1.0  0.6650610615025074  0.36253709532596656  0.820231  1.0000
  O   O5        1.0  0.9215098000890277  0.37392890025563963  0.538755  1.0000
  O   O6        1.0  0.913329  0.235249  0.9612450000000001  1.0000
  O   O7        1.0  0.9379068966988059  0.6504222499415442  0.461245  1.0000
  O   O8        1.0  0.08667100000000003  0.7647510000000001  0.038755  1.0000
  O   O9        1.0  0.259534  0.529371  0.6407370000000001  1.0000
  O   O10       1.0  0.3180790700950966  0.702465615772012  0.859263  1.0000
  O   O11       1.0  0.740466  0.470629  0.35926300000000005  1.0000
  O   O12       1.0  0.7404660000000001  0.9706290000000002  0.140737  1.0000
  F   F1        1.0  0.6516516163218727  0.12784986219142858  0.550144  1.0000
  F   F2        1.0  0.550262  0.269673  0.949856  1.0000
  F   F3        1.0  0.20776508046596076  0.8965012880057553  0.449856  1.0000
  F   F4        1.0  0.449738  0.730327  0.050144000000000015  1.0000
  F   F5        1.0  0.3616455682925895  0.006345694172047223  0.336627  1.0000
  F   F6        1.0  0.324379  0.397339  0.16337300000000002  1.0000
  F   F7        1.0  0.4977711284952442  0.01800545602513659  0.663373  1.0000
  F   F8        1.0  0.675621  0.6026610000000002  0.836627  1.0000
  F   F9        1.0  0.23162  0.959279  0.617064  1.0000
  F   F10       1.0  0.23162  0.459278  0.8829360000000003  1.0000
  F   F11       1.0  0.76838  0.040722  0.382936  1.0000
  F   F12       1.0  0.76838  0.540721  0.117064  1.0000
"
"# generated using pymatgen
data_CdC4S2(NO)4
_symmetry_space_group_name_H-M   'P 1'
_cell_length_a   3.94835600
_cell_length_b   8.75044000
_cell_length_c   18.47789200
_cell_angle_alpha   90.00000000
_cell_angle_beta   90.00000000
_cell_angle_gamma   90.00000000
_symmetry_Int_Tables_number   1
_chemical_formula_structural   CdC4S2(NO)4
_chemical_formula_sum   'Cd2 C8 S4 N8 O8'
_cell_volume   638.40843898
_cell_formula_units_Z   2
loop_
 _symmetry_equiv_pos_site_id
 _symmetry_equiv_pos_as_xyz
  1  'x, y, z'
loop_
 _atom_site_type_symbol
 _atom_site_label
 _atom_site_symmetry_multiplicity
 _atom_site_fract_x
 _atom_site_fract_y
 _atom_site_fract_z
 _atom_site_occupancy
  Cd  Cd0  1  0.88307200  0.50000000  0.50000000  1
  Cd  Cd1  1  0.11692800  0.00000000  0.00000000  1
  C  C2  1  0.34786000  0.34917000  0.64082900  1
  C  C3  1  0.34786000  0.65083000  0.35917100  1
  C  C4  1  0.65214000  0.84917000  0.85917100  1
  C  C5  1  0.65214000  0.15083000  0.14082900  1
  C  C6  1  0.88844500  0.82560800  0.62976300  1
  C  C7  1  0.88844500  0.17439200  0.37023700  1
  C  C8  1  0.11155500  0.32560800  0.87023700  1
  C  C9  1  0.11155500  0.67439200  0.12976300  1
  S  S10  1  0.39441800  0.31750400  0.54984700  1
  S  S11  1  0.39441800  0.68249600  0.45015300  1
  S  S12  1  0.60558200  0.81750400  0.95015300  1
  S  S13  1  0.60558200  0.18249600  0.04984700  1
  N  N14  1  0.40928000  0.44398000  0.69501000  1
  N  N15  1  0.40928000  0.55602000  0.30499000  1
  N  N16  1  0.59072000  0.94398000  0.80499000  1
  N  N17  1  0.59072000  0.05602000  0.19501000  1
  N  N18  1  0.21185500  0.28818100  0.69932300  1
  N  N19  1  0.21185500  0.71181900  0.30067700  1
  N  N20  1  0.78814500  0.78818100  0.80067700  1
  N  N21  1  0.78814500  0.21181900  0.19932300  1
  O  O22  1  0.81822700  0.70411900  0.60594100  1
  O  O23  1  0.81822700  0.29588100  0.39405900  1
  O  O24  1  0.18177300  0.20411900  0.89405900  1
  O  O25  1  0.18177300  0.79588100  0.10594100  1
  O  O26  1  0.95718200  0.94676200  0.65177400  1
  O  O27  1  0.95718200  0.05323800  0.34822600  1
  O  O28  1  0.04281800  0.44676200  0.84822600  1
  O  O29  1  0.04281800  0.55323800  0.15177400  1
",Rotate all surrounding atoms within 2.3566359788554347 angstrom of the center atom at index 6 by 173.64543185873868 degree around the axis [ 0.  0. -1.] in the cif file. The rotation should following the right-hand rule.,,"data_image0
_chemical_formula_structural       Cd2C8S4N8O8
_chemical_formula_sum              ""Cd2 C8 S4 N8 O8""
_cell_length_a       3.948356
_cell_length_b       8.75044
_cell_length_c       18.477892
_cell_angle_alpha    90.0
_cell_angle_beta     90.0
_cell_angle_gamma    90.0

_space_group_name_H-M_alt    ""P 1""
_space_group_IT_number       1

loop_
  _space_group_symop_operation_xyz
  'x, y, z'

loop_
  _atom_site_type_symbol
  _atom_site_label
  _atom_site_symmetry_multiplicity
  _atom_site_fract_x
  _atom_site_fract_y
  _atom_site_fract_z
  _atom_site_occupancy
  Cd  Cd1       1.0  0.8830719999999997  0.5  0.5  1.0000
  Cd  Cd2       1.0  0.11692799999999998  0.0  0.0  1.0000
  C   C1        1.0  0.3478599999999999  0.3491700000000001  0.640829  1.0000
  C   C2        1.0  0.3478599999999999  0.65083  0.359171  1.0000
  C   C3        1.0  0.65214  0.8491700000000001  0.859171  1.0000
  C   C4        1.0  0.65214  0.15083  0.140829  1.0000
  C   C5        1.0  0.8884449999999998  0.825608  0.629763  1.0000
  C   C6        1.0  0.8884449999999998  0.174392  0.370237  1.0000
  C   C7        1.0  0.11155499999999997  0.325608  0.870237  1.0000
  C   C8        1.0  0.11155499999999997  0.674392  0.129763  1.0000
  S   S1        1.0  0.394418  0.317504  0.549847  1.0000
  S   S2        1.0  0.394418  0.682496  0.450153  1.0000
  S   S3        1.0  0.6055819999999997  0.817504  0.9501530000000001  1.0000
  S   S4        1.0  0.6055819999999997  0.182496  0.049847  1.0000
  N   N1        1.0  0.40927999999999987  0.44398000000000004  0.69501  1.0000
  N   N2        1.0  0.40927999999999987  0.5560200000000002  0.30499  1.0000
  N   N3        1.0  0.59072  0.9439800000000002  0.80499  1.0000
  N   N4        1.0  0.59072  0.05602  0.19501  1.0000
  N   N5        1.0  0.21185499999999993  0.288181  0.699323  1.0000
  N   N6        1.0  0.21185499999999993  0.711819  0.300677  1.0000
  N   N7        1.0  0.7881449999999998  0.788181  0.800677  1.0000
  N   N8        1.0  0.7881449999999998  0.21181900000000006  0.199323  1.0000
  O   O1        1.0  0.9284311015310618  0.9498573431681739  0.605941  1.0000
  O   O2        1.0  0.818227  0.295881  0.394059  1.0000
  O   O3        1.0  0.18177299999999993  0.204119  0.894059  1.0000
  O   O4        1.0  0.18177299999999993  0.7958810000000002  0.105941  1.0000
  O   O5        1.0  0.8498486258282154  0.7017655615299615  0.651774  1.0000
  O   O6        1.0  0.9571819999999998  0.05323800000000001  0.348226  1.0000
  O   O7        1.0  0.04281799999999999  0.446762  0.848226  1.0000
  O   O8        1.0  0.04281799999999999  0.553238  0.151774  1.0000
"
"# generated using pymatgen
data_Y3Te3N
_symmetry_space_group_name_H-M   'P 1'
_cell_length_a   11.98108305
_cell_length_b   8.12793992
_cell_length_c   8.65918173
_cell_angle_alpha   71.34961153
_cell_angle_beta   90.00000000
_cell_angle_gamma   90.00000000
_symmetry_Int_Tables_number   1
_chemical_formula_structural   Y3Te3N
_chemical_formula_sum   'Y12 Te12 N4'
_cell_volume   798.96347063
_cell_formula_units_Z   4
loop_
 _symmetry_equiv_pos_site_id
 _symmetry_equiv_pos_as_xyz
  1  'x, y, z'
loop_
 _atom_site_type_symbol
 _atom_site_label
 _atom_site_symmetry_multiplicity
 _atom_site_fract_x
 _atom_site_fract_y
 _atom_site_fract_z
 _atom_site_occupancy
  Y  Y0  1  0.02386668  0.60207753  0.13765507  1
  Y  Y1  1  0.52386668  0.39792247  0.36234493  1
  Y  Y2  1  0.97613332  0.39792247  0.86234493  1
  Y  Y3  1  0.47613332  0.60207753  0.63765507  1
  Y  Y4  1  0.41221645  0.83822196  0.20544309  1
  Y  Y5  1  0.91221645  0.16177804  0.29455691  1
  Y  Y6  1  0.58778355  0.16177804  0.79455691  1
  Y  Y7  1  0.08778355  0.83822196  0.70544309  1
  Y  Y8  1  0.70931329  0.76604597  0.34727968  1
  Y  Y9  1  0.20931329  0.23395403  0.15272032  1
  Y  Y10  1  0.29068671  0.23395403  0.65272032  1
  Y  Y11  1  0.79068671  0.76604597  0.84727968  1
  Te  Te12  1  0.97898085  0.77778146  0.41261411  1
  Te  Te13  1  0.47898085  0.22221854  0.08738589  1
  Te  Te14  1  0.02101915  0.22221854  0.58738589  1
  Te  Te15  1  0.52101915  0.77778146  0.91261411  1
  Te  Te16  1  0.26655988  0.50809948  0.31166104  1
  Te  Te17  1  0.76655988  0.49190052  0.18833896  1
  Te  Te18  1  0.73344012  0.49190052  0.68833896  1
  Te  Te19  1  0.23344012  0.50809948  0.81166104  1
  Te  Te20  1  0.30644234  0.95386956  0.48192281  1
  Te  Te21  1  0.80644234  0.04613044  0.01807719  1
  Te  Te22  1  0.69355766  0.04613044  0.51807719  1
  Te  Te23  1  0.19355766  0.95386956  0.98192281  1
  N  N24  1  0.53481167  0.67308278  0.37689462  1
  N  N25  1  0.03481167  0.32691722  0.12310538  1
  N  N26  1  0.46518833  0.32691722  0.62310538  1
  N  N27  1  0.96518833  0.67308278  0.87689462  1
",Rotate all surrounding atoms within 3.8963845921793743 angstrom of the center atom at index 18 by 182.64798474796433 degree around the axis [1. 0. 0.] in the cif file. The rotation should following the right-hand rule.,,"data_image0
_chemical_formula_structural       Y12Te12N4
_chemical_formula_sum              ""Y12 Te12 N4""
_cell_length_a       11.98108305
_cell_length_b       8.12793992
_cell_length_c       8.65918173
_cell_angle_alpha    71.34961153
_cell_angle_beta     90.0
_cell_angle_gamma    90.0

_space_group_name_H-M_alt    ""P 1""
_space_group_IT_number       1

loop_
  _space_group_symop_operation_xyz
  'x, y, z'

loop_
  _atom_site_type_symbol
  _atom_site_label
  _atom_site_symmetry_multiplicity
  _atom_site_fract_x
  _atom_site_fract_y
  _atom_site_fract_z
  _atom_site_occupancy
  Y   Y1        1.0  0.02386668  0.60207753  0.13765507  1.0000
  Y   Y2        1.0  0.52386668  0.39792247000000003  0.36234493  1.0000
  Y   Y3        1.0  0.9761333200000001  0.5933519121855096  0.5161067421400433  1.0000
  Y   Y4        1.0  0.47613332000000014  0.38092627837929227  0.7347163956385625  1.0000
  Y   Y5        1.0  0.41221645  0.83822196  0.20544309  1.0000
  Y   Y6        1.0  0.91221645  0.16177803999999996  0.2945569100000001  1.0000
  Y   Y7        1.0  0.58778355  0.822040573995566  0.5956874254437631  1.0000
  Y   Y8        1.0  0.08778355  0.83822196  0.70544309  1.0000
  Y   Y9        1.0  0.70931329  0.20460554816132376  0.02180497334356657  1.0000
  Y   Y10       1.0  0.20931329  0.23395403  0.15272032  1.0000
  Y   Y11       1.0  0.29068671  0.23395403  0.65272032  1.0000
  Y   Y12       1.0  0.79068671  0.23057908552043105  0.5145422947701139  1.0000
  Te  Te1       1.0  0.9789808500000002  0.77778146  0.41261411  1.0000
  Te  Te2       1.0  0.47898085000000007  0.22221853999999996  0.08738589000000002  1.0000
  Te  Te3       1.0  0.02101915  0.22221854  0.58738589  1.0000
  Te  Te4       1.0  0.52101915  0.7777814600000001  0.91261411  1.0000
  Te  Te5       1.0  0.26655988  0.50809948  0.31166104  1.0000
  Te  Te6       1.0  0.76655988  0.49190052  0.18833896  1.0000
  Te  Te7       1.0  0.7334401200000001  0.49190052  0.68833896  1.0000
  Te  Te8       1.0  0.23344012  0.50809948  0.8116610400000002  1.0000
  Te  Te9       1.0  0.30644234  0.9538695600000001  0.48192281  1.0000
  Te  Te10      1.0  0.8064423400000001  0.04613044000000001  0.01807719  1.0000
  Te  Te11      1.0  0.69355766  0.04613044000000001  0.51807719  1.0000
  Te  Te12      1.0  0.19355766000000002  0.95386956  0.9819228099999999  1.0000
  N   N1        1.0  0.5348116699999999  0.29755829720425697  0.9960146679637969  1.0000
  N   N2        1.0  0.03481167  0.3269172199999999  0.12310538000000001  1.0000
  N   N3        1.0  0.4651883300000001  0.6507463560014382  0.7620711483882611  1.0000
  N   N4        1.0  0.9651883300000004  0.32353183456336404  0.4887519893903445  1.0000
"
"# generated using pymatgen
data_Hf9Re4As
_symmetry_space_group_name_H-M   'P 1'
_cell_length_a   8.60621077
_cell_length_b   8.60621077
_cell_length_c   8.58117207
_cell_angle_alpha   90.00000000
_cell_angle_beta   90.00000000
_cell_angle_gamma   120.00804512
_symmetry_Int_Tables_number   1
_chemical_formula_structural   Hf9Re4As
_chemical_formula_sum   'Hf18 Re8 As2'
_cell_volume   550.38423473
_cell_formula_units_Z   2
loop_
 _symmetry_equiv_pos_site_id
 _symmetry_equiv_pos_as_xyz
  1  'x, y, z'
loop_
 _atom_site_type_symbol
 _atom_site_label
 _atom_site_symmetry_multiplicity
 _atom_site_fract_x
 _atom_site_fract_y
 _atom_site_fract_z
 _atom_site_occupancy
  Hf  Hf0  1  0.80847376  0.61698705  0.54983094  1
  Hf  Hf1  1  0.80849455  0.19150545  0.54978895  1
  Hf  Hf2  1  0.38301295  0.19152624  0.54983094  1
  Hf  Hf3  1  0.19152624  0.38301295  0.45016906  1
  Hf  Hf4  1  0.19150545  0.80849455  0.45021105  1
  Hf  Hf5  1  0.61698705  0.80847376  0.45016906  1
  Hf  Hf6  1  0.19152624  0.38301295  0.04983094  1
  Hf  Hf7  1  0.19150545  0.80849455  0.04978895  1
  Hf  Hf8  1  0.61698705  0.80847376  0.04983094  1
  Hf  Hf9  1  0.80847376  0.61698705  0.95016906  1
  Hf  Hf10  1  0.80849455  0.19150545  0.95021105  1
  Hf  Hf11  1  0.38301295  0.19152624  0.95016906  1
  Hf  Hf12  1  0.45568503  0.91145368  0.75000000  1
  Hf  Hf13  1  0.45565998  0.54434002  0.75000000  1
  Hf  Hf14  1  0.08854632  0.54431497  0.75000000  1
  Hf  Hf15  1  0.54431497  0.08854632  0.25000000  1
  Hf  Hf16  1  0.54434002  0.45565998  0.25000000  1
  Hf  Hf17  1  0.91145368  0.45568503  0.25000000  1
  Re  Re18  1  0.11023370  0.22055746  0.75000000  1
  Re  Re19  1  0.11021553  0.88978447  0.75000000  1
  Re  Re20  1  0.77944254  0.88976630  0.75000000  1
  Re  Re21  1  0.88976630  0.77944254  0.25000000  1
  Re  Re22  1  0.88978447  0.11021553  0.25000000  1
  Re  Re23  1  0.22055746  0.11023370  0.25000000  1
  Re  Re24  1  -0.00000000  -0.00000000  0.50000000  1
  Re  Re25  1  -0.00000000  -0.00000000  0.00000000  1
  As  As26  1  0.66668704  0.33331296  0.75000000  1
  As  As27  1  0.33331296  0.66668704  0.25000000  1
",Rotate all surrounding atoms within 3.1815815456709315 angstrom of the center atom at index 17 by 189.3285141094029 degree around the axis [0. 1. 0.] in the cif file. The rotation should following the right-hand rule.,,"data_image0
_chemical_formula_structural       Hf18Re8As2
_chemical_formula_sum              ""Hf18 Re8 As2""
_cell_length_a       8.60621077
_cell_length_b       8.60621077
_cell_length_c       8.58117207
_cell_angle_alpha    90.0
_cell_angle_beta     90.0
_cell_angle_gamma    120.00804512

_space_group_name_H-M_alt    ""P 1""
_space_group_IT_number       1

loop_
  _space_group_symop_operation_xyz
  'x, y, z'

loop_
  _atom_site_type_symbol
  _atom_site_label
  _atom_site_symmetry_multiplicity
  _atom_site_fract_x
  _atom_site_fract_y
  _atom_site_fract_z
  _atom_site_occupancy
  Hf  Hf1       1.0  0.80847376  0.61698705  0.54983094  1.0000
  Hf  Hf2       1.0  0.80849455  0.19150545  0.54978895  1.0000
  Hf  Hf3       1.0  0.38301295  0.19152624  0.54983094  1.0000
  Hf  Hf4       1.0  0.19152624  0.38301295  0.45016906  1.0000
  Hf  Hf5       1.0  0.19150545  0.80849455  0.45021105  1.0000
  Hf  Hf6       1.0  0.61698705  0.80847376  0.45016906  1.0000
  Hf  Hf7       1.0  0.19152624  0.38301295  0.04983094  1.0000
  Hf  Hf8       1.0  0.19150545  0.80849455  0.04978895  1.0000
  Hf  Hf9       1.0  0.61698705  0.80847376  0.04983094  1.0000
  Hf  Hf10      1.0  0.80847376  0.61698705  0.95016906  1.0000
  Hf  Hf11      1.0  0.80849455  0.19150545  0.95021105  1.0000
  Hf  Hf12      1.0  0.38301295  0.19152624  0.95016906  1.0000
  Hf  Hf13      1.0  0.45568503  0.91145368  0.7499999999999999  1.0000
  Hf  Hf14      1.0  0.45565998  0.54434002  0.7499999999999999  1.0000
  Hf  Hf15      1.0  0.08854632  0.54431497  0.7499999999999999  1.0000
  Hf  Hf16      1.0  0.9089373108695117  0.08854631999999997  0.22016477374038645  1.0000
  Hf  Hf17      1.0  0.27368743370633686  0.45565998  0.19032114143664086  1.0000
  Hf  Hf18      1.0  0.91145368  0.45568503  0.25  1.0000
  Re  Re1       1.0  0.11023370000000002  0.22055746000000004  0.7499999999999999  1.0000
  Re  Re2       1.0  0.11021553000000002  0.88978447  0.7499999999999999  1.0000
  Re  Re3       1.0  0.7794425400000001  0.8897663000000001  0.7499999999999999  1.0000
  Re  Re4       1.0  0.2545491542618026  0.77944254  0.22015163973064567  1.0000
  Re  Re5       1.0  0.5895677455707651  0.11021552999999999  0.27456523612597766  1.0000
  Re  Re6       1.0  0.22055746  0.1102337  0.25  1.0000
  Re  Re7       1.0  0.0  0.0  0.5  1.0000
  Re  Re8       1.0  0.0  0.0  0.0  1.0000
  As  As1       1.0  0.66668704  0.33331296  0.7499999999999999  1.0000
  As  As2       1.0  0.6916063392651512  0.66668704  0.1388576322540433  1.0000
"
"# generated using pymatgen
data_HfNF5
_symmetry_space_group_name_H-M   'P 1'
_cell_length_a   8.49253930
_cell_length_b   8.49253930
_cell_length_c   8.34483500
_cell_angle_alpha   90.00000000
_cell_angle_beta   90.00000000
_cell_angle_gamma   121.30088463
_symmetry_Int_Tables_number   1
_chemical_formula_structural   HfNF5
_chemical_formula_sum   'Hf4 N4 F20'
_cell_volume   514.25668917
_cell_formula_units_Z   4
loop_
 _symmetry_equiv_pos_site_id
 _symmetry_equiv_pos_as_xyz
  1  'x, y, z'
loop_
 _atom_site_type_symbol
 _atom_site_label
 _atom_site_symmetry_multiplicity
 _atom_site_fract_x
 _atom_site_fract_y
 _atom_site_fract_z
 _atom_site_occupancy
  Hf  Hf0  1  0.75563500  0.75563500  0.24676200  1
  Hf  Hf1  1  0.74436500  0.74436500  0.74676200  1
  Hf  Hf2  1  0.24436500  0.24436500  0.75323800  1
  Hf  Hf3  1  0.25563500  0.25563500  0.25323800  1
  N  N4  1  0.27247200  0.72752800  0.50000000  1
  N  N5  1  0.22752800  0.77247200  0.00000000  1
  N  N6  1  0.72752800  0.27247200  0.50000000  1
  N  N7  1  0.77247200  0.22752800  0.00000000  1
  F  F8  1  0.50304400  0.50304400  0.24574700  1
  F  F9  1  0.99695600  0.99695600  0.74574700  1
  F  F10  1  0.49695600  0.49695600  0.75425300  1
  F  F11  1  0.00304400  0.00304400  0.25425300  1
  F  F12  1  0.74606500  0.74606500  0.00243000  1
  F  F13  1  0.75393500  0.75393500  0.50243000  1
  F  F14  1  0.25393500  0.25393500  0.99757000  1
  F  F15  1  0.24606500  0.24606500  0.49757000  1
  F  F16  1  0.87659000  0.61914100  0.27131500  1
  F  F17  1  0.62341000  0.88085900  0.77131500  1
  F  F18  1  0.12341000  0.38085900  0.72868500  1
  F  F19  1  0.37659000  0.11914100  0.22868500  1
  F  F20  1  0.61914100  0.87659000  0.27131500  1
  F  F21  1  0.88085900  0.62341000  0.77131500  1
  F  F22  1  0.38085900  0.12341000  0.72868500  1
  F  F23  1  0.11914100  0.37659000  0.22868500  1
  F  F24  1  0.36344700  0.63655300  0.50000000  1
  F  F25  1  0.13655300  0.86344700  0.00000000  1
  F  F26  1  0.63655300  0.36344700  0.50000000  1
  F  F27  1  0.86344700  0.13655300  0.00000000  1
",Rotate all surrounding atoms within 3.1294845443272927 angstrom of the center atom at index 24 by 66.50009710505236 degree around the axis [ 0.  0. -1.] in the cif file. The rotation should following the right-hand rule.,,"data_image0
_chemical_formula_structural       Hf4N4F20
_chemical_formula_sum              ""Hf4 N4 F20""
_cell_length_a       8.4925393
_cell_length_b       8.4925393
_cell_length_c       8.344835
_cell_angle_alpha    90.0
_cell_angle_beta     90.0
_cell_angle_gamma    121.30088463

_space_group_name_H-M_alt    ""P 1""
_space_group_IT_number       1

loop_
  _space_group_symop_operation_xyz
  'x, y, z'

loop_
  _atom_site_type_symbol
  _atom_site_label
  _atom_site_symmetry_multiplicity
  _atom_site_fract_x
  _atom_site_fract_y
  _atom_site_fract_z
  _atom_site_occupancy
  Hf  Hf1       1.0  0.7556350000000001  0.7556350000000002  0.246762  1.0000
  Hf  Hf2       1.0  0.7443650000000002  0.7443650000000003  0.746762  1.0000
  Hf  Hf3       1.0  0.24436500000000005  0.24436500000000005  0.753238  1.0000
  Hf  Hf4       1.0  0.255635  0.255635  0.253238  1.0000
  N   N1        1.0  0.4755399014879237  0.8211980117855173  0.5  1.0000
  N   N2        1.0  0.22752800000000006  0.7724720000000003  0.0  1.0000
  N   N3        1.0  0.727528  0.272472  0.5  1.0000
  N   N4        1.0  0.772472  0.22752800000000006  0.0  1.0000
  F   F1        1.0  0.1979796392147834  0.35904587716353764  0.245747  1.0000
  F   F2        1.0  0.9969560000000001  0.996956  0.7457470000000003  1.0000
  F   F3        1.0  0.19241264104066194  0.35975772559881053  0.754253  1.0000
  F   F4        1.0  0.0030440000000000003  0.0030440000000000007  0.254253  1.0000
  F   F5        1.0  0.7460650000000001  0.7460650000000002  0.00243  1.0000
  F   F6        1.0  0.42739976715557176  0.3297100746382316  0.50243  1.0000
  F   F7        1.0  0.253935  0.253935  0.9975700000000001  1.0000
  F   F8        1.0  0.9629925130998734  0.38909352812411646  0.49757000000000007  1.0000
  F   F9        1.0  0.8765900000000002  0.6191410000000003  0.271315  1.0000
  F   F10       1.0  0.5843584921667531  0.5911828906281624  0.771315  1.0000
  F   F11       1.0  0.12714773542221386  0.6496461326840872  0.728685  1.0000
  F   F12       1.0  0.3765900000000001  0.11914100000000002  0.228685  1.0000
  F   F13       1.0  0.5804548267256682  0.591682049788836  0.271315  1.0000
  F   F14       1.0  0.880859  0.6234100000000001  0.771315  1.0000
  F   F15       1.0  0.380859  0.12341000000000003  0.728685  1.0000
  F   F16       1.0  0.123244069981129  0.6501452918447607  0.22868500000000003  1.0000
  F   F17       1.0  0.36344700000000013  0.6365530000000003  0.5  1.0000
  F   F18       1.0  0.13655299999999998  0.863447  0.0  1.0000
  F   F19       1.0  0.636553  0.36344700000000013  0.5  1.0000
  F   F20       1.0  0.863447  0.136553  0.0  1.0000
"
"# generated using pymatgen
data_NiP
_symmetry_space_group_name_H-M   'P 1'
_cell_length_a   12.30685970
_cell_length_b   12.30685970
_cell_length_c   4.88308674
_cell_angle_alpha   90.00000000
_cell_angle_beta   90.00000000
_cell_angle_gamma   152.08176787
_symmetry_Int_Tables_number   1
_chemical_formula_structural   NiP
_chemical_formula_sum   'Ni14 P14'
_cell_volume   346.28251576
_cell_formula_units_Z   14
loop_
 _symmetry_equiv_pos_site_id
 _symmetry_equiv_pos_as_xyz
  1  'x, y, z'
loop_
 _atom_site_type_symbol
 _atom_site_label
 _atom_site_symmetry_multiplicity
 _atom_site_fract_x
 _atom_site_fract_y
 _atom_site_fract_z
 _atom_site_occupancy
  Ni  Ni0  1  0.50880652  0.38427011  0.42532380  1
  Ni  Ni1  1  0.38427011  0.50880652  0.42532380  1
  Ni  Ni2  1  0.49119348  0.61572989  0.92532380  1
  Ni  Ni3  1  0.61572989  0.49119348  0.92532380  1
  Ni  Ni4  1  0.79542224  0.09225469  0.41148497  1
  Ni  Ni5  1  0.09225469  0.79542224  0.41148497  1
  Ni  Ni6  1  0.20457776  0.90774531  0.91148497  1
  Ni  Ni7  1  0.90774531  0.20457776  0.91148497  1
  Ni  Ni8  1  0.35179508  0.76458701  0.37922410  1
  Ni  Ni9  1  0.76458701  0.35179508  0.37922410  1
  Ni  Ni10  1  0.64820492  0.23541299  0.87922410  1
  Ni  Ni11  1  0.23541299  0.64820492  0.87922410  1
  Ni  Ni12  1  0.95048590  0.95048590  0.89745169  1
  Ni  Ni13  1  0.04951410  0.04951410  0.39745169  1
  P  P14  1  0.25388311  0.11705056  0.09593077  1
  P  P15  1  0.11705056  0.25388311  0.09593077  1
  P  P16  1  0.74611689  0.88294944  0.59593077  1
  P  P17  1  0.88294944  0.74611689  0.59593077  1
  P  P18  1  0.54742482  0.83858939  0.06791662  1
  P  P19  1  0.83858939  0.54742482  0.06791662  1
  P  P20  1  0.45257518  0.16141061  0.56791662  1
  P  P21  1  0.16141061  0.45257518  0.56791662  1
  P  P22  1  0.40369443  0.98253475  0.22230024  1
  P  P23  1  0.98253475  0.40369443  0.22230024  1
  P  P24  1  0.59630557  0.01746525  0.72230024  1
  P  P25  1  0.01746525  0.59630557  0.72230024  1
  P  P26  1  0.68742551  0.68742551  0.23448730  1
  P  P27  1  0.31257449  0.31257449  0.73448730  1
",Rotate all surrounding atoms within 3.5287166167098687 angstrom of the center atom at index 8 by 192.28091075924928 degree around the axis [-1.  0.  0.] in the cif file. The rotation should following the right-hand rule.,,"data_image0
_chemical_formula_structural       Ni14P14
_chemical_formula_sum              ""Ni14 P14""
_cell_length_a       12.3068597
_cell_length_b       12.3068597
_cell_length_c       4.88308674
_cell_angle_alpha    90.0
_cell_angle_beta     90.0
_cell_angle_gamma    152.08176786999996

_space_group_name_H-M_alt    ""P 1""
_space_group_IT_number       1

loop_
  _space_group_symop_operation_xyz
  'x, y, z'

loop_
  _atom_site_type_symbol
  _atom_site_label
  _atom_site_symmetry_multiplicity
  _atom_site_fract_x
  _atom_site_fract_y
  _atom_site_fract_z
  _atom_site_occupancy
  Ni  Ni1       1.0  0.50880652  0.38427011  0.4253238  1.0000
  Ni  Ni2       1.0  0.8237794657331812  0.006204728020831496  0.2699786988029621  1.0000
  Ni  Ni3       1.0  0.49119348  0.61572989  0.9253238  1.0000
  Ni  Ni4       1.0  0.61572989  0.4911934799999999  0.9253238  1.0000
  Ni  Ni5       1.0  0.964857285356352  0.4157188856293972  0.17894679307972053  1.0000
  Ni  Ni6       1.0  0.09225468999999992  0.79542224  0.41148496999999995  1.0000
  Ni  Ni7       1.0  0.20457776000000003  0.9077453099999999  0.91148497  1.0000
  Ni  Ni8       1.0  0.90774531  0.20457775999999997  0.91148497  1.0000
  Ni  Ni9       1.0  0.3517950799999999  0.76458701  0.3792241  1.0000
  Ni  Ni10      1.0  0.76458701  0.3517950799999999  0.3792241  1.0000
  Ni  Ni11      1.0  0.64820492  0.23541299  0.8792241000000001  1.0000
  Ni  Ni12      1.0  0.3590966653217784  0.7881792747298472  0.8614540746229705  1.0000
  Ni  Ni13      1.0  0.9504858999999999  0.9504858999999999  0.8974516900000001  1.0000
  Ni  Ni14      1.0  0.0495141  0.0495141  0.39745169  1.0000
  P   P1        1.0  0.25388311  0.11705055999999998  0.09593077  1.0000
  P   P2        1.0  0.11705056  0.25388311  0.09593077  1.0000
  P   P3        1.0  0.7461168899999999  0.88294944  0.59593077  1.0000
  P   P4        1.0  0.8829494399999996  0.7461168899999999  0.59593077  1.0000
  P   P5        1.0  0.4677251047028015  0.7483922302547517  0.7019822905298145  1.0000
  P   P6        1.0  0.83858939  0.54742482  0.06791662  1.0000
  P   P7        1.0  0.45257518  0.16141061  0.56791662  1.0000
  P   P8        1.0  0.6764454222664551  0.035446487170082364  0.11653489725089873  1.0000
  P   P9        1.0  0.04793087280818999  0.5799127044894374  0.5872616370723658  1.0000
  P   P10       1.0  0.6380128284410653  0.14550712945810518  0.4419733483733578  1.0000
  P   P11       1.0  0.846893731415945  0.432771437106487  0.8564719978590136  1.0000
  P   P12       1.0  0.2568117757830698  0.8671770121378193  0.0017602865580216898  1.0000
  P   P13       1.0  0.6874255099999999  0.68742551  0.2344873  1.0000
  P   P14       1.0  0.31257449  0.31257449  0.7344873  1.0000
"
"# generated using pymatgen
data_Hf10SiMo3
_symmetry_space_group_name_H-M   'P 1'
_cell_length_a   8.69760039
_cell_length_b   8.69760039
_cell_length_c   8.74844700
_cell_angle_alpha   90.00000000
_cell_angle_beta   90.00000000
_cell_angle_gamma   120.00000295
_symmetry_Int_Tables_number   1
_chemical_formula_structural   Hf10SiMo3
_chemical_formula_sum   'Hf20 Si2 Mo6'
_cell_volume   573.13968951
_cell_formula_units_Z   2
loop_
 _symmetry_equiv_pos_site_id
 _symmetry_equiv_pos_as_xyz
  1  'x, y, z'
loop_
 _atom_site_type_symbol
 _atom_site_label
 _atom_site_symmetry_multiplicity
 _atom_site_fract_x
 _atom_site_fract_y
 _atom_site_fract_z
 _atom_site_occupancy
  Hf  Hf0  1  0.20015500  0.79984500  0.45530700  1
  Hf  Hf1  1  0.20015500  0.40031000  0.45530700  1
  Hf  Hf2  1  0.59969000  0.79984500  0.45530700  1
  Hf  Hf3  1  0.79984500  0.20015500  0.54469300  1
  Hf  Hf4  1  0.79984500  0.59969000  0.54469300  1
  Hf  Hf5  1  0.40031000  0.20015500  0.54469300  1
  Hf  Hf6  1  0.79984500  0.20015500  0.95530700  1
  Hf  Hf7  1  0.79984500  0.59969000  0.95530700  1
  Hf  Hf8  1  0.40031000  0.20015500  0.95530700  1
  Hf  Hf9  1  0.20015500  0.79984500  0.04469300  1
  Hf  Hf10  1  0.20015500  0.40031000  0.04469300  1
  Hf  Hf11  1  0.59969000  0.79984500  0.04469300  1
  Hf  Hf12  1  0.53808000  0.46192000  0.25000000  1
  Hf  Hf13  1  0.53808000  0.07616000  0.25000000  1
  Hf  Hf14  1  0.92384000  0.46192000  0.25000000  1
  Hf  Hf15  1  0.46192000  0.53808000  0.75000000  1
  Hf  Hf16  1  0.46192000  0.92384000  0.75000000  1
  Hf  Hf17  1  0.07616000  0.53808000  0.75000000  1
  Hf  Hf18  1  0.00000000  0.00000000  0.50000000  1
  Hf  Hf19  1  0.00000000  0.00000000  0.00000000  1
  Si  Si20  1  0.33333300  0.66666700  0.25000000  1
  Si  Si21  1  0.66666700  0.33333300  0.75000000  1
  Mo  Mo22  1  0.88434400  0.11565600  0.25000000  1
  Mo  Mo23  1  0.88434400  0.76868800  0.25000000  1
  Mo  Mo24  1  0.23131200  0.11565600  0.25000000  1
  Mo  Mo25  1  0.11565600  0.88434400  0.75000000  1
  Mo  Mo26  1  0.11565600  0.23131200  0.75000000  1
  Mo  Mo27  1  0.76868800  0.88434400  0.75000000  1
",Rotate all surrounding atoms within 3.1923551438883724 angstrom of the center atom at index 9 by 298.5353411876822 degree around the axis [ 0.  0. -1.] in the cif file. The rotation should following the right-hand rule.,,"data_image0
_chemical_formula_structural       Hf20Si2Mo6
_chemical_formula_sum              ""Hf20 Si2 Mo6""
_cell_length_a       8.69760039
_cell_length_b       8.69760039
_cell_length_c       8.748447
_cell_angle_alpha    90.0
_cell_angle_beta     90.0
_cell_angle_gamma    120.00000294999995

_space_group_name_H-M_alt    ""P 1""
_space_group_IT_number       1

loop_
  _space_group_symop_operation_xyz
  'x, y, z'

loop_
  _atom_site_type_symbol
  _atom_site_label
  _atom_site_symmetry_multiplicity
  _atom_site_fract_x
  _atom_site_fract_y
  _atom_site_fract_z
  _atom_site_occupancy
  Hf  Hf1       1.0  0.200155  0.799845  0.455307  1.0000
  Hf  Hf2       1.0  0.20015500000000006  0.4003100000000001  0.455307  1.0000
  Hf  Hf3       1.0  0.59969  0.799845  0.455307  1.0000
  Hf  Hf4       1.0  0.7998450000000001  0.20015500000000006  0.544693  1.0000
  Hf  Hf5       1.0  0.7998450000000003  0.5996900000000002  0.544693  1.0000
  Hf  Hf6       1.0  0.40031000000000005  0.20015500000000006  0.544693  1.0000
  Hf  Hf7       1.0  0.7998450000000001  0.20015500000000006  0.955307  1.0000
  Hf  Hf8       1.0  0.9938426735560991  0.41409636629261426  0.9553070000000002  1.0000
  Hf  Hf9       1.0  0.005634750122962551  0.020587958214380864  0.9553070000000002  1.0000
  Hf  Hf10      1.0  0.200155  0.799845  0.044693000000000004  1.0000
  Hf  Hf11      1.0  0.20015500000000006  0.4003100000000001  0.044693000000000004  1.0000
  Hf  Hf12      1.0  0.59969  0.799845  0.044693000000000004  1.0000
  Hf  Hf13      1.0  0.5380800000000002  0.46192  0.25  1.0000
  Hf  Hf14      1.0  0.5380800000000002  0.07616000000000003  0.25  1.0000
  Hf  Hf15      1.0  0.9238399999999999  0.46192  0.25  1.0000
  Hf  Hf16      1.0  0.46191999999999994  0.53808  0.7500000000000002  1.0000
  Hf  Hf17      1.0  0.46191999999999994  0.92384  0.7500000000000002  1.0000
  Hf  Hf18      1.0  0.07616  0.53808  0.7500000000000002  1.0000
  Hf  Hf19      1.0  0.0  0.0  0.5  1.0000
  Hf  Hf20      1.0  0.8144063481855193  0.6204087469876891  0.0  1.0000
  Si  Si1       1.0  0.466423988554945  0.9388755298516495  0.25  1.0000
  Si  Si2       1.0  0.6666669999999999  0.333333  0.7500000000000002  1.0000
  Mo  Mo1       1.0  0.8843440000000002  0.11565600000000002  0.25  1.0000
  Mo  Mo2       1.0  0.9056303582796201  0.49482682856060256  0.25  1.0000
  Mo  Mo3       1.0  0.9249042725665086  0.851645173025681  0.25  1.0000
  Mo  Mo4       1.0  0.031212207167067282  0.7116326770792886  0.7500000000000002  1.0000
  Mo  Mo5       1.0  0.11565600000000001  0.23131200000000005  0.7500000000000002  1.0000
  Mo  Mo6       1.0  0.7686880000000001  0.8843440000000002  0.7500000000000002  1.0000
"
"# generated using pymatgen
data_SiH12C6(NO2)4
_symmetry_space_group_name_H-M   'P 1'
_cell_length_a   7.76741700
_cell_length_b   7.98286227
_cell_length_c   12.87266339
_cell_angle_alpha   83.35641744
_cell_angle_beta   86.03453657
_cell_angle_gamma   80.03342492
_symmetry_Int_Tables_number   1
_chemical_formula_structural   SiH12C6(NO2)4
_chemical_formula_sum   'Si2 H24 C12 N8 O16'
_cell_volume   779.87543016
_cell_formula_units_Z   2
loop_
 _symmetry_equiv_pos_site_id
 _symmetry_equiv_pos_as_xyz
  1  'x, y, z'
loop_
 _atom_site_type_symbol
 _atom_site_label
 _atom_site_symmetry_multiplicity
 _atom_site_fract_x
 _atom_site_fract_y
 _atom_site_fract_z
 _atom_site_occupancy
  Si  Si0  1  0.21682200  0.75712300  0.83212600  1
  Si  Si1  1  0.78317800  0.24287700  0.16787400  1
  H  H2  1  0.96016900  0.80566000  0.96026300  1
  H  H3  1  0.03983100  0.19434000  0.03973700  1
  H  H4  1  0.89120800  0.74444600  0.84232300  1
  H  H5  1  0.10879200  0.25555400  0.15767700  1
  H  H6  1  0.18685000  0.65435000  0.65799600  1
  H  H7  1  0.81315000  0.34565000  0.34200400  1
  H  H8  1  0.14384900  0.88150400  0.64637600  1
  H  H9  1  0.85615100  0.11849600  0.35362400  1
  H  H10  1  0.48422400  0.87824300  0.84910800  1
  H  H11  1  0.51577600  0.12175700  0.15089200  1
  H  H12  1  0.29769400  0.04329000  0.84391500  1
  H  H13  1  0.70230600  0.95671000  0.15608500  1
  H  H14  1  0.33663100  0.90290700  0.96119200  1
  H  H15  1  0.66336900  0.09709300  0.03880800  1
  H  H16  1  0.21818500  0.44297100  0.86283600  1
  H  H17  1  0.78181500  0.55702900  0.13716400  1
  H  H18  1  0.28381600  0.52258800  0.97492300  1
  H  H19  1  0.71618400  0.47741200  0.02507700  1
  H  H20  1  0.43234600  0.49377700  0.86374400  1
  H  H21  1  0.56765400  0.50622300  0.13625600  1
  H  H22  1  0.70695400  0.25492600  0.66369700  1
  H  H23  1  0.29304600  0.74507400  0.33630300  1
  H  H24  1  0.69035900  0.81050300  0.58254500  1
  H  H25  1  0.30964100  0.18949700  0.41745500  1
  C  C26  1  0.45020100  0.74558000  0.54583700  1
  C  C27  1  0.54979900  0.25442000  0.45416300  1
  C  C28  1  0.82167200  0.04286200  0.75933600  1
  C  C29  1  0.17832800  0.95713800  0.24066400  1
  C  C30  1  0.22735000  0.76781500  0.68337000  1
  C  C31  1  0.77265000  0.23218500  0.31663000  1
  C  C32  1  0.97586500  0.82049900  0.87442900  1
  C  C33  1  0.02413500  0.17950100  0.12557100  1
  C  C34  1  0.29446500  0.53253900  0.88898800  1
  C  C35  1  0.70553500  0.46746100  0.11101200  1
  C  C36  1  0.34607200  0.91085100  0.87527100  1
  C  C37  1  0.65392800  0.08914900  0.12472900  1
  N  N38  1  0.76562600  0.21869500  0.73421000  1
  N  N39  1  0.23437400  0.78130500  0.26579000  1
  N  N40  1  0.62175300  0.77730100  0.52484200  1
  N  N41  1  0.37824700  0.22269900  0.47515800  1
  N  N42  1  0.72297700  0.74612500  0.43354500  1
  N  N43  1  0.27702300  0.25387500  0.56645500  1
  N  N44  1  0.81581900  0.35657000  0.77505200  1
  N  N45  1  0.18418100  0.64343000  0.22494800  1
  O  O46  1  0.91323900  0.00355100  0.84495800  1
  O  O47  1  0.08676100  0.99644900  0.15504200  1
  O  O48  1  0.40895400  0.77433500  0.64616800  1
  O  O49  1  0.59104600  0.22566500  0.35383200  1
  O  O50  1  0.78104600  0.94271800  0.70360300  1
  O  O51  1  0.21895400  0.05728200  0.29639700  1
  O  O52  1  0.35542600  0.70367400  0.48515600  1
  O  O53  1  0.64457400  0.29632600  0.51484400  1
  O  O54  1  0.65524200  0.70123000  0.35995100  1
  O  O55  1  0.34475800  0.29877000  0.64004900  1
  O  O56  1  0.87590700  0.77061300  0.43558300  1
  O  O57  1  0.12409300  0.22938700  0.56441700  1
  O  O58  1  0.89191200  0.33255600  0.85766200  1
  O  O59  1  0.10808800  0.66744400  0.14233800  1
  O  O60  1  0.77307500  0.49625600  0.72264900  1
  O  O61  1  0.22692500  0.50374400  0.27735100  1
",Rotate all surrounding atoms within 1.6043375811744667 angstrom of the center atom at index 28 by 60.777111259290564 degree around the axis [0. 0. 1.] in the cif file. The rotation should following the right-hand rule.,,"data_image0
_chemical_formula_structural       Si2H24C12N8O16
_chemical_formula_sum              ""Si2 H24 C12 N8 O16""
_cell_length_a       7.767417
_cell_length_b       7.98286227
_cell_length_c       12.87266339
_cell_angle_alpha    83.35641744
_cell_angle_beta     86.03453656999999
_cell_angle_gamma    80.03342492

_space_group_name_H-M_alt    ""P 1""
_space_group_IT_number       1

loop_
  _space_group_symop_operation_xyz
  'x, y, z'

loop_
  _atom_site_type_symbol
  _atom_site_label
  _atom_site_symmetry_multiplicity
  _atom_site_fract_x
  _atom_site_fract_y
  _atom_site_fract_z
  _atom_site_occupancy
  Si  Si1       1.0  0.21682200000000004  0.757123  0.8321259999999998  1.0000
  Si  Si2       1.0  0.783178  0.24287700000000004  0.167874  1.0000
  H   H1        1.0  0.960169  0.8056599999999998  0.960263  1.0000
  H   H2        1.0  0.03983100000000001  0.19434  0.03973699999999999  1.0000
  H   H3        1.0  0.891208  0.7444459999999998  0.8423229999999999  1.0000
  H   H4        1.0  0.10879199999999999  0.255554  0.157677  1.0000
  H   H5        1.0  0.18685  0.65435  0.657996  1.0000
  H   H6        1.0  0.8131499999999998  0.34565000000000007  0.342004  1.0000
  H   H7        1.0  0.143849  0.881504  0.6463759999999998  1.0000
  H   H8        1.0  0.856151  0.118496  0.35362399999999994  1.0000
  H   H9        1.0  0.484224  0.878243  0.8491079999999999  1.0000
  H   H10       1.0  0.515776  0.121757  0.150892  1.0000
  H   H11       1.0  0.2976939999999999  0.04329000000000004  0.8439149999999997  1.0000
  H   H12       1.0  0.702306  0.95671  0.15608499999999997  1.0000
  H   H13       1.0  0.33663100000000007  0.9029070000000001  0.961192  1.0000
  H   H14       1.0  0.663369  0.09709299999999997  0.038808  1.0000
  H   H15       1.0  0.21818499999999988  0.44297100000000006  0.8628359999999998  1.0000
  H   H16       1.0  0.781815  0.557029  0.137164  1.0000
  H   H17       1.0  0.283816  0.522588  0.974923  1.0000
  H   H18       1.0  0.7161839999999998  0.4774119999999999  0.025077  1.0000
  H   H19       1.0  0.43234599999999984  0.493777  0.863744  1.0000
  H   H20       1.0  0.5676539999999998  0.506223  0.13625599999999996  1.0000
  H   H21       1.0  0.706954  0.2549259999999999  0.663697  1.0000
  H   H22       1.0  0.293046  0.745074  0.3363029999999999  1.0000
  H   H23       1.0  0.6903589999999996  0.8105029999999999  0.5825449999999999  1.0000
  H   H24       1.0  0.3096409999999999  0.189497  0.417455  1.0000
  C   C1        1.0  0.450201  0.74558  0.545837  1.0000
  C   C2        1.0  0.549799  0.25442  0.4541629999999999  1.0000
  C   C3        1.0  0.821672  0.042862000000000004  0.7593359999999998  1.0000
  C   C4        1.0  0.17832800000000001  0.9571379999999998  0.24066399999999993  1.0000
  C   C5        1.0  0.22735000000000005  0.767815  0.6833699999999998  1.0000
  C   C6        1.0  0.7726499999999997  0.23218500000000003  0.31662999999999997  1.0000
  C   C7        1.0  0.9758650000000001  0.820499  0.8744289999999998  1.0000
  C   C8        1.0  0.02413500000000001  0.179501  0.125571  1.0000
  C   C9        1.0  0.294465  0.532539  0.888988  1.0000
  C   C10       1.0  0.705535  0.467461  0.11101199999999999  1.0000
  C   C11       1.0  0.34607199999999977  0.910851  0.8752709999999998  1.0000
  C   C12       1.0  0.653928  0.089149  0.124729  1.0000
  N   N1        1.0  0.6481261931100788  0.10708339793596225  0.73421  1.0000
  N   N2        1.0  0.234374  0.781305  0.26579  1.0000
  N   N3        1.0  0.6217529999999999  0.7773010000000001  0.5248419999999999  1.0000
  N   N4        1.0  0.3782469999999999  0.222699  0.47515799999999997  1.0000
  N   N5        1.0  0.7229769999999998  0.7461250000000001  0.433545  1.0000
  N   N6        1.0  0.277023  0.253875  0.5664549999999999  1.0000
  N   N7        1.0  0.815819  0.35657000000000005  0.7750519999999997  1.0000
  N   N8        1.0  0.184181  0.64343  0.224948  1.0000
  O   O1        1.0  0.869907660405808  0.0974938911178748  0.8449579999999999  1.0000
  O   O2        1.0  0.08676099999999998  0.996449  0.155042  1.0000
  O   O3        1.0  0.4089539999999999  0.7743350000000001  0.6461679999999997  1.0000
  O   O4        1.0  0.5910459999999997  0.22566500000000003  0.35383199999999987  1.0000
  O   O5        1.0  0.0004531854748056801  0.5845653582839192  0.7036029999999998  1.0000
  O   O6        1.0  0.21895399999999993  0.057282000000000007  0.296397  1.0000
  O   O7        1.0  0.35542599999999996  0.703674  0.48515599999999987  1.0000
  O   O8        1.0  0.6445739999999998  0.296326  0.5148439999999999  1.0000
  O   O9        1.0  0.6552419999999998  0.70123  0.359951  1.0000
  O   O10       1.0  0.344758  0.29876999999999987  0.6400489999999998  1.0000
  O   O11       1.0  0.8759069999999999  0.770613  0.43558299999999994  1.0000
  O   O12       1.0  0.12409300000000001  0.22938699999999998  0.564417  1.0000
  O   O13       1.0  0.8919119999999998  0.3325560000000001  0.8576619999999998  1.0000
  O   O14       1.0  0.10808800000000002  0.667444  0.14233799999999996  1.0000
  O   O15       1.0  0.773075  0.496256  0.722649  1.0000
  O   O16       1.0  0.22692499999999996  0.5037439999999999  0.27735099999999996  1.0000
"
"# generated using pymatgen
data_KGd(BH4)4
_symmetry_space_group_name_H-M   'P 1'
_cell_length_a   7.76958030
_cell_length_b   8.25274500
_cell_length_c   7.75594807
_cell_angle_alpha   90.00000000
_cell_angle_beta   101.66364614
_cell_angle_gamma   90.00000000
_symmetry_Int_Tables_number   1
_chemical_formula_structural   KGd(BH4)4
_chemical_formula_sum   'K2 Gd2 B8 H32'
_cell_volume   487.04531937
_cell_formula_units_Z   2
loop_
 _symmetry_equiv_pos_site_id
 _symmetry_equiv_pos_as_xyz
  1  'x, y, z'
loop_
 _atom_site_type_symbol
 _atom_site_label
 _atom_site_symmetry_multiplicity
 _atom_site_fract_x
 _atom_site_fract_y
 _atom_site_fract_z
 _atom_site_occupancy
  K  K0  1  0.50000000  0.50000000  0.00000000  1
  K  K1  1  0.50000000  0.00000000  0.50000000  1
  Gd  Gd2  1  0.00000000  0.00000000  0.00000000  1
  Gd  Gd3  1  0.00000000  0.50000000  0.50000000  1
  B  B4  1  0.88617900  0.72718600  0.81101500  1
  B  B5  1  0.11382100  0.22718600  0.68898500  1
  B  B6  1  0.11382100  0.27281400  0.18898500  1
  B  B7  1  0.88617900  0.77281400  0.31101500  1
  B  B8  1  0.67216200  0.37934100  0.40158900  1
  B  B9  1  0.32783800  0.87934100  0.09841100  1
  B  B10  1  0.32783800  0.62065900  0.59841100  1
  B  B11  1  0.67216200  0.12065900  0.90158900  1
  H  H12  1  0.89259900  0.73403400  0.97231900  1
  H  H13  1  0.10740100  0.23403400  0.52768100  1
  H  H14  1  0.10740100  0.26596600  0.02768100  1
  H  H15  1  0.89259900  0.76596600  0.47231900  1
  H  H16  1  0.99334700  0.82491000  0.77205700  1
  H  H17  1  0.00665300  0.32491000  0.72794300  1
  H  H18  1  0.00665300  0.17509000  0.22794300  1
  H  H19  1  0.99334700  0.67509000  0.27205700  1
  H  H20  1  0.93651700  0.58866000  0.78416500  1
  H  H21  1  0.06348300  0.08866000  0.71583500  1
  H  H22  1  0.06348300  0.41134000  0.21583500  1
  H  H23  1  0.93651700  0.91134000  0.28416500  1
  H  H24  1  0.73900800  0.75605800  0.73225100  1
  H  H25  1  0.26099200  0.25605800  0.76774900  1
  H  H26  1  0.26099200  0.24394200  0.26774900  1
  H  H27  1  0.73900800  0.74394200  0.23225100  1
  H  H28  1  0.58427500  0.25711300  0.38745300  1
  H  H29  1  0.41572500  0.75711300  0.11254700  1
  H  H30  1  0.41572500  0.74288700  0.61254700  1
  H  H31  1  0.58427500  0.24288700  0.88745300  1
  H  H32  1  0.58249800  0.49688700  0.35050600  1
  H  H33  1  0.41750200  0.99688700  0.14949400  1
  H  H34  1  0.41750200  0.50311300  0.64949400  1
  H  H35  1  0.58249800  0.00311300  0.85050600  1
  H  H36  1  0.74258500  0.40006700  0.55828000  1
  H  H37  1  0.25741500  0.90006700  0.94172000  1
  H  H38  1  0.25741500  0.59993300  0.44172000  1
  H  H39  1  0.74258500  0.09993300  0.05828000  1
  H  H40  1  0.78706600  0.35858000  0.31318600  1
  H  H41  1  0.21293400  0.85858000  0.18681400  1
  H  H42  1  0.21293400  0.64142000  0.68681400  1
  H  H43  1  0.78706600  0.14142000  0.81318600  1
",Rotate all surrounding atoms within 3.961324008230875 angstrom of the center atom at index 30 by 190.2975053127546 degree around the axis [-1.  0.  0.] in the cif file. The rotation should following the right-hand rule.,,"data_image0
_chemical_formula_structural       K2Gd2B8H32
_chemical_formula_sum              ""K2 Gd2 B8 H32""
_cell_length_a       7.7695803
_cell_length_b       8.252745
_cell_length_c       7.75594807
_cell_angle_alpha    90.0
_cell_angle_beta     101.66364614
_cell_angle_gamma    90.0

_space_group_name_H-M_alt    ""P 1""
_space_group_IT_number       1

loop_
  _space_group_symop_operation_xyz
  'x, y, z'

loop_
  _atom_site_type_symbol
  _atom_site_label
  _atom_site_symmetry_multiplicity
  _atom_site_fract_x
  _atom_site_fract_y
  _atom_site_fract_z
  _atom_site_occupancy
  K   K1        1.0  0.7357264328866889  0.0826438308858033  0.16805409226029577  1.0000
  K   K2        1.0  0.5159426228839465  0.492325489214561  0.5789976994642246  1.0000
  Gd  Gd1       1.0  0.0  0.0  0.0  1.0000
  Gd  Gd2       1.0  0.035540507726500505  0.0003790781446164626  0.6761076811903508  1.0000
  B   B1        1.0  0.8061025868307896  0.7256812593063429  0.41422631172937646  1.0000
  B   B2        1.0  0.113821  0.227186  0.688985  1.0000
  B   B3        1.0  0.11382100000000003  0.272814  0.188985  1.0000
  B   B4        1.0  0.886179  0.772814  0.311015  1.0000
  B   B5        1.0  0.672162  0.379341  0.401589  1.0000
  B   B6        1.0  0.327838  0.879341  0.098411  1.0000
  B   B7        1.0  0.3287068359390575  0.8654720409540135  0.6027161912409275  1.0000
  B   B8        1.0  0.672162  0.120659  0.901589  1.0000
  H   H1        1.0  0.8925990000000003  0.734034  0.972319  1.0000
  H   H2        1.0  0.107401  0.234034  0.527681  1.0000
  H   H3        1.0  0.107401  0.265966  0.027681  1.0000
  H   H4        1.0  0.8925990000000003  0.765966  0.472319  1.0000
  H   H5        1.0  0.9326986407722786  0.6359410576301265  0.47153676000271033  1.0000
  H   H6        1.0  0.006653000000000002  0.32491  0.727943  1.0000
  H   H7        1.0  0.006653000000000002  0.17509  0.227943  1.0000
  H   H8        1.0  0.12701225571824426  0.8656126329843119  0.9343851361482385  1.0000
  H   H9        1.0  0.9365170000000003  0.58866  0.784165  1.0000
  H   H10       1.0  0.063483  0.08866  0.715835  1.0000
  H   H11       1.0  0.06348300000000003  0.41134  0.215835  1.0000
  H   H12       1.0  0.9365170000000003  0.91134  0.284165  1.0000
  H   H13       1.0  0.6915981355117724  0.7102333077153337  0.4973291647571963  1.0000
  H   H14       1.0  0.260992  0.256058  0.767749  1.0000
  H   H15       1.0  0.260992  0.243942  0.267749  1.0000
  H   H16       1.0  0.7390080000000002  0.743942  0.232251  1.0000
  H   H17       1.0  0.5842750000000002  0.257113  0.38745299999999994  1.0000
  H   H18       1.0  0.6164685241797287  0.8111548934534253  0.10725638427001649  1.0000
  H   H19       1.0  0.4157250000000002  0.7428870000000002  0.612547  1.0000
  H   H20       1.0  0.5842750000000002  0.24288700000000002  0.887453  1.0000
  H   H21       1.0  0.6777696806872654  0.0280381103925198  0.8225891479971046  1.0000
  H   H22       1.0  0.417502  0.9968870000000001  0.149494  1.0000
  H   H23       1.0  0.3933113347657359  0.9727200458967128  0.529626214383597  1.0000
  H   H24       1.0  0.45822990354658244  0.4315940520106347  0.2347419686934873  1.0000
  H   H25       1.0  0.7508748854378874  0.08911365996000908  0.5993574239083641  1.0000
  H   H26       1.0  0.131784187993596  0.534080055307903  0.3192035419131712  1.0000
  H   H27       1.0  0.3202061300151141  0.9116444963292235  0.7528579384723375  1.0000
  H   H28       1.0  0.7425850000000002  0.099933  0.05828  1.0000
  H   H29       1.0  0.7870660000000003  0.35858  0.313186  1.0000
  H   H30       1.0  0.3879201851346241  0.6991031276856976  0.05389253307976283  1.0000
  H   H31       1.0  0.17922250662961775  0.8305005402004089  0.5197693147465271  1.0000
  H   H32       1.0  0.7870660000000003  0.14142  0.813186  1.0000
"
"# generated using pymatgen
data_Na2LuC2O6F
_symmetry_space_group_name_H-M   'P 1'
_cell_length_a   9.10417110
_cell_length_b   9.10417110
_cell_length_c   11.09230560
_cell_angle_alpha   87.71155891
_cell_angle_beta   87.71155891
_cell_angle_gamma   38.50631889
_symmetry_Int_Tables_number   1
_chemical_formula_structural   Na2LuC2O6F
_chemical_formula_sum   'Na8 Lu4 C8 O24 F4'
_cell_volume   571.90463046
_cell_formula_units_Z   4
loop_
 _symmetry_equiv_pos_site_id
 _symmetry_equiv_pos_as_xyz
  1  'x, y, z'
loop_
 _atom_site_type_symbol
 _atom_site_label
 _atom_site_symmetry_multiplicity
 _atom_site_fract_x
 _atom_site_fract_y
 _atom_site_fract_z
 _atom_site_occupancy
  Na  Na0  1  0.47980617  0.29929584  0.87894932  1
  Na  Na1  1  0.70070416  0.52019383  0.62105068  1
  Na  Na2  1  0.52019383  0.70070416  0.12105068  1
  Na  Na3  1  0.29929584  0.47980617  0.37894932  1
  Na  Na4  1  0.84886565  0.66345397  0.86240801  1
  Na  Na5  1  0.33654603  0.15113435  0.63759199  1
  Na  Na6  1  0.15113435  0.33654603  0.13759199  1
  Na  Na7  1  0.66345397  0.84886565  0.36240801  1
  Lu  Lu8  1  0.09683793  0.78337927  0.62740051  1
  Lu  Lu9  1  0.21662073  0.90316207  0.87259949  1
  Lu  Lu10  1  0.90316207  0.21662073  0.37259949  1
  Lu  Lu11  1  0.78337927  0.09683793  0.12740051  1
  C  C12  1  0.64457712  0.23540540  0.61535461  1
  C  C13  1  0.76459460  0.35542288  0.88464539  1
  C  C14  1  0.35542288  0.76459460  0.38464539  1
  C  C15  1  0.23540540  0.64457712  0.11535461  1
  C  C16  1  0.87611232  0.70922290  0.58160255  1
  C  C17  1  0.29077710  0.12388768  0.91839745  1
  C  C18  1  0.12388768  0.29077710  0.41839745  1
  C  C19  1  0.70922290  0.87611232  0.08160255  1
  O  O20  1  0.43220138  0.42110225  0.58319344  1
  O  O21  1  0.57889775  0.56779862  0.91680656  1
  O  O22  1  0.56779862  0.57889775  0.41680656  1
  O  O23  1  0.42110225  0.43220138  0.08319344  1
  O  O24  1  0.70351287  0.09638984  0.70000891  1
  O  O25  1  0.90361016  0.29648713  0.79999109  1
  O  O26  1  0.29648713  0.90361016  0.29999109  1
  O  O27  1  0.09638984  0.70351287  0.20000891  1
  O  O28  1  0.18252992  0.82629577  0.43719210  1
  O  O29  1  0.17370423  0.81747008  0.06280790  1
  O  O30  1  0.81747008  0.17370423  0.56280790  1
  O  O31  1  0.82629577  0.18252992  0.93719210  1
  O  O32  1  0.00687045  0.60881214  0.67698354  1
  O  O33  1  0.39118786  0.99312955  0.82301646  1
  O  O34  1  0.99312955  0.39118786  0.32301646  1
  O  O35  1  0.60881214  0.00687045  0.17698354  1
  O  O36  1  0.92850453  0.76681177  0.49585727  1
  O  O37  1  0.23318823  0.07149547  0.00414273  1
  O  O38  1  0.07149547  0.23318823  0.50414273  1
  O  O39  1  0.76681177  0.92850453  0.99585727  1
  O  O40  1  0.70311602  0.75810737  0.57174772  1
  O  O41  1  0.24189263  0.29688398  0.92825228  1
  O  O42  1  0.29688398  0.24189263  0.42825228  1
  O  O43  1  0.75810737  0.70311602  0.07174772  1
  F  F44  1  0.18461057  0.69903842  0.81829839  1
  F  F45  1  0.30096158  0.81538943  0.68170161  1
  F  F46  1  0.81538943  0.30096158  0.18170161  1
  F  F47  1  0.69903842  0.18461057  0.31829839  1
",Rotate all surrounding atoms within 1.4179492083714431 angstrom of the center atom at index 13 by 268.33105202005765 degree around the axis [0. 0. 1.] in the cif file. The rotation should following the right-hand rule.,,"data_image0
_chemical_formula_structural       Na8Lu4C8O24F4
_chemical_formula_sum              ""Na8 Lu4 C8 O24 F4""
_cell_length_a       9.1041711
_cell_length_b       9.1041711
_cell_length_c       11.0923056
_cell_angle_alpha    87.71155891
_cell_angle_beta     87.71155891
_cell_angle_gamma    38.506318889999996

_space_group_name_H-M_alt    ""P 1""
_space_group_IT_number       1

loop_
  _space_group_symop_operation_xyz
  'x, y, z'

loop_
  _atom_site_type_symbol
  _atom_site_label
  _atom_site_symmetry_multiplicity
  _atom_site_fract_x
  _atom_site_fract_y
  _atom_site_fract_z
  _atom_site_occupancy
  Na  Na1       1.0  0.47980617000000003  0.29929584  0.87894932  1.0000
  Na  Na2       1.0  0.70070416  0.52019383  0.62105068  1.0000
  Na  Na3       1.0  0.52019383  0.70070416  0.12105068000000001  1.0000
  Na  Na4       1.0  0.29929584  0.47980617  0.37894932  1.0000
  Na  Na5       1.0  0.8488656500000001  0.66345397  0.8624080100000002  1.0000
  Na  Na6       1.0  0.33654603  0.15113435  0.63759199  1.0000
  Na  Na7       1.0  0.15113435  0.33654603  0.13759199  1.0000
  Na  Na8       1.0  0.6634539699999998  0.8488656500000001  0.36240801000000006  1.0000
  Lu  Lu1       1.0  0.09683793000000003  0.78337927  0.62740051  1.0000
  Lu  Lu2       1.0  0.21662073  0.90316207  0.87259949  1.0000
  Lu  Lu3       1.0  0.90316207  0.21662073000000004  0.37259949  1.0000
  Lu  Lu4       1.0  0.7833792700000002  0.09683793000000002  0.12740051000000002  1.0000
  C   C1        1.0  0.64457712  0.2354054  0.61535461  1.0000
  C   C2        1.0  0.7645946  0.35542288000000005  0.8846453900000002  1.0000
  C   C3        1.0  0.3554228800000001  0.7645946  0.38464539000000003  1.0000
  C   C4        1.0  0.23540539999999993  0.64457712  0.11535461  1.0000
  C   C5        1.0  0.87611232  0.7092229  0.58160255  1.0000
  C   C6        1.0  0.29077710000000007  0.12388768  0.91839745  1.0000
  C   C7        1.0  0.12388767999999999  0.2907771  0.41839745000000006  1.0000
  C   C8        1.0  0.7092229000000001  0.87611232  0.08160255000000001  1.0000
  O   O1        1.0  0.4322013800000001  0.42110225  0.58319344  1.0000
  O   O2        1.0  0.879276360314242  0.37713628028258234  0.91680656  1.0000
  O   O3        1.0  0.56779862  0.57889775  0.41680656  1.0000
  O   O4        1.0  0.42110224999999996  0.43220138  0.08319344  1.0000
  O   O5        1.0  0.70351287  0.09638984  0.70000891  1.0000
  O   O6        1.0  0.8363439163107517  0.216986109785836  0.7999910900000001  1.0000
  O   O7        1.0  0.29648713000000004  0.90361016  0.29999109000000007  1.0000
  O   O8        1.0  0.09638984000000002  0.70351287  0.20000891  1.0000
  O   O9        1.0  0.18252991999999993  0.8262957700000001  0.4371921  1.0000
  O   O10       1.0  0.1737042299999999  0.8174700800000001  0.0628079  1.0000
  O   O11       1.0  0.8174700799999999  0.17370423000000004  0.5628079  1.0000
  O   O12       1.0  0.5653676212926496  0.47303277056401655  0.9371921000000001  1.0000
  O   O13       1.0  0.006870449999999983  0.60881214  0.6769835400000002  1.0000
  O   O14       1.0  0.39118786000000005  0.99312955  0.8230164600000001  1.0000
  O   O15       1.0  0.99312955  0.39118786  0.32301646  1.0000
  O   O16       1.0  0.60881214  0.006870449999999999  0.17698354  1.0000
  O   O17       1.0  0.92850453  0.76681177  0.49585727  1.0000
  O   O18       1.0  0.23318823  0.07149547  0.004142730000000001  1.0000
  O   O19       1.0  0.07149546999999998  0.23318823  0.50414273  1.0000
  O   O20       1.0  0.76681177  0.9285045300000001  0.99585727  1.0000
  O   O21       1.0  0.7031160200000001  0.75810737  0.57174772  1.0000
  O   O22       1.0  0.24189263000000003  0.29688398  0.92825228  1.0000
  O   O23       1.0  0.29688398000000005  0.24189263  0.42825228  1.0000
  O   O24       1.0  0.75810737  0.70311602  0.07174772  1.0000
  F   F1        1.0  0.18461056999999995  0.69903842  0.8182983900000002  1.0000
  F   F2        1.0  0.30096158  0.81538943  0.68170161  1.0000
  F   F3        1.0  0.8153894300000001  0.30096158  0.18170161  1.0000
  F   F4        1.0  0.69903842  0.18461057000000003  0.31829839000000004  1.0000
"
"# generated using pymatgen
data_NaNb2H7O9
_symmetry_space_group_name_H-M   'P 1'
_cell_length_a   6.48859200
_cell_length_b   10.13773900
_cell_length_c   12.88467762
_cell_angle_alpha   79.95698236
_cell_angle_beta   90.00000000
_cell_angle_gamma   90.00000000
_symmetry_Int_Tables_number   1
_chemical_formula_structural   NaNb2H7O9
_chemical_formula_sum   'Na4 Nb8 H28 O36'
_cell_volume   834.56269470
_cell_formula_units_Z   4
loop_
 _symmetry_equiv_pos_site_id
 _symmetry_equiv_pos_as_xyz
  1  'x, y, z'
loop_
 _atom_site_type_symbol
 _atom_site_label
 _atom_site_symmetry_multiplicity
 _atom_site_fract_x
 _atom_site_fract_y
 _atom_site_fract_z
 _atom_site_occupancy
  Na  Na0  1  0.25093700  0.46796700  0.34076300  1
  Na  Na1  1  0.75093700  0.53203300  0.15923700  1
  Na  Na2  1  0.74906300  0.53203300  0.65923700  1
  Na  Na3  1  0.24906300  0.46796700  0.84076300  1
  Nb  Nb4  1  0.28000900  0.83270700  0.40525000  1
  Nb  Nb5  1  0.78000900  0.16729300  0.09475000  1
  Nb  Nb6  1  0.71999100  0.16729300  0.59475000  1
  Nb  Nb7  1  0.21999100  0.83270700  0.90525000  1
  Nb  Nb8  1  0.18190100  0.99975500  0.60803700  1
  Nb  Nb9  1  0.68190100  0.00024500  0.89196300  1
  Nb  Nb10  1  0.81809900  0.00024500  0.39196300  1
  Nb  Nb11  1  0.31809900  0.99975500  0.10803700  1
  H  H12  1  0.78809800  0.87180300  0.61182900  1
  H  H13  1  0.28809800  0.12819700  0.88817100  1
  H  H14  1  0.21190200  0.12819700  0.38817100  1
  H  H15  1  0.71190200  0.87180300  0.11182900  1
  H  H16  1  0.50768300  0.22387700  0.36343700  1
  H  H17  1  0.00768300  0.77612300  0.13656300  1
  H  H18  1  0.49231700  0.77612300  0.63656300  1
  H  H19  1  0.99231700  0.22387700  0.86343700  1
  H  H20  1  0.41259100  0.22361300  0.25124200  1
  H  H21  1  0.91259100  0.77638700  0.24875800  1
  H  H22  1  0.58740900  0.77638700  0.74875800  1
  H  H23  1  0.08740900  0.22361300  0.75124200  1
  H  H24  1  0.38383400  0.38090600  0.55713800  1
  H  H25  1  0.88383400  0.61909400  0.94286200  1
  H  H26  1  0.61616600  0.61909400  0.44286200  1
  H  H27  1  0.11616600  0.38090600  0.05713800  1
  H  H28  1  0.16358400  0.31434300  0.55915000  1
  H  H29  1  0.66358400  0.68565700  0.94085000  1
  H  H30  1  0.83641600  0.68565700  0.44085000  1
  H  H31  1  0.33641600  0.31434300  0.05915000  1
  H  H32  1  0.33952100  0.65244600  0.13530800  1
  H  H33  1  0.83952100  0.34755400  0.36469200  1
  H  H34  1  0.66047900  0.34755400  0.86469200  1
  H  H35  1  0.16047900  0.65244600  0.63530800  1
  H  H36  1  0.33843800  0.50335500  0.11538800  1
  H  H37  1  0.83843800  0.49664500  0.38461200  1
  H  H38  1  0.66156200  0.49664500  0.88461200  1
  H  H39  1  0.16156200  0.50335500  0.61538800  1
  O  O40  1  0.25309000  0.82451500  0.56032900  1
  O  O41  1  0.75309000  0.17548500  0.93967100  1
  O  O42  1  0.74691000  0.17548500  0.43967100  1
  O  O43  1  0.24691000  0.82451500  0.06032900  1
  O  O44  1  0.02568500  0.17123300  0.61795300  1
  O  O45  1  0.52568500  0.82876700  0.88204700  1
  O  O46  1  0.97431500  0.82876700  0.38204700  1
  O  O47  1  0.47431500  0.17123300  0.11795300  1
  O  O48  1  0.19161900  0.92672300  0.74980500  1
  O  O49  1  0.69161900  0.07327700  0.75019500  1
  O  O50  1  0.80838100  0.07327700  0.25019500  1
  O  O51  1  0.30838100  0.92672300  0.24980500  1
  O  O52  1  0.43866700  0.08287300  0.58533300  1
  O  O53  1  0.93866700  0.91712700  0.91466700  1
  O  O54  1  0.56133300  0.91712700  0.41466700  1
  O  O55  1  0.06133300  0.08287300  0.08533300  1
  O  O56  1  0.35836800  0.66518100  0.39668800  1
  O  O57  1  0.85836800  0.33481900  0.10331200  1
  O  O58  1  0.64163200  0.33481900  0.60331200  1
  O  O59  1  0.14163200  0.66518100  0.89668800  1
  O  O60  1  0.86265300  0.95005500  0.57065500  1
  O  O61  1  0.36265300  0.04994500  0.92934500  1
  O  O62  1  0.13734700  0.04994500  0.42934500  1
  O  O63  1  0.63734700  0.95005500  0.07065500  1
  O  O64  1  0.38213100  0.24915300  0.32049400  1
  O  O65  1  0.88213100  0.75084700  0.17950600  1
  O  O66  1  0.61786900  0.75084700  0.67950600  1
  O  O67  1  0.11786900  0.24915300  0.82049400  1
  O  O68  1  0.23977700  0.39938900  0.53340000  1
  O  O69  1  0.73977700  0.60061100  0.96660000  1
  O  O70  1  0.76022300  0.60061100  0.46660000  1
  O  O71  1  0.26022300  0.39938900  0.03340000  1
  O  O72  1  0.38193900  0.56097300  0.16755400  1
  O  O73  1  0.88193900  0.43902700  0.33244600  1
  O  O74  1  0.61806100  0.43902700  0.83244600  1
  O  O75  1  0.11806100  0.56097300  0.66755400  1
",Rotate all surrounding atoms within 3.7213560451584247 angstrom of the center atom at index 4 by 78.28890470667078 degree around the axis [1. 0. 0.] in the cif file. The rotation should following the right-hand rule.,,"data_image0
_chemical_formula_structural       Na4Nb8H28O36
_chemical_formula_sum              ""Na4 Nb8 H28 O36""
_cell_length_a       6.488592
_cell_length_b       10.137739
_cell_length_c       12.88467762
_cell_angle_alpha    79.95698236
_cell_angle_beta     90.0
_cell_angle_gamma    90.0

_space_group_name_H-M_alt    ""P 1""
_space_group_IT_number       1

loop_
  _space_group_symop_operation_xyz
  'x, y, z'

loop_
  _atom_site_type_symbol
  _atom_site_label
  _atom_site_symmetry_multiplicity
  _atom_site_fract_x
  _atom_site_fract_y
  _atom_site_fract_z
  _atom_site_occupancy
  Na  Na1       1.0  0.250937  0.467967  0.340763  1.0000
  Na  Na2       1.0  0.750937  0.532033  0.15923699999999996  1.0000
  Na  Na3       1.0  0.749063  0.532033  0.6592369999999997  1.0000
  Na  Na4       1.0  0.24906300000000003  0.467967  0.8407629999999999  1.0000
  Nb  Nb1       1.0  0.280009  0.832707  0.40525  1.0000
  Nb  Nb2       1.0  0.7800090000000002  0.16729300000000003  0.09474999999999999  1.0000
  Nb  Nb3       1.0  0.7199910000000003  0.167293  0.59475  1.0000
  Nb  Nb4       1.0  0.219991  0.832707  0.9052499999999999  1.0000
  Nb  Nb5       1.0  0.181901  0.581348740451358  0.6122783606092559  1.0000
  Nb  Nb6       1.0  0.681901  0.00024500000000002325  0.891963  1.0000
  Nb  Nb7       1.0  0.818099  0.8248905485279532  0.7489171705946668  1.0000
  Nb  Nb8       1.0  0.318099  0.999755  0.108037  1.0000
  H   H1        1.0  0.7880980000000001  0.8718030000000001  0.611829  1.0000
  H   H2        1.0  0.2880980000000001  0.12819700000000006  0.8881709999999998  1.0000
  H   H3        1.0  0.211902  0.8334657042606302  0.8476016055173021  1.0000
  H   H4        1.0  0.711902  0.8718030000000001  0.111829  1.0000
  H   H5        1.0  0.507683  0.22387699999999996  0.3634369999999999  1.0000
  H   H6        1.0  0.007683  0.776123  0.136563  1.0000
  H   H7        1.0  0.49231700000000017  0.5386844799441539  0.4480420160518235  1.0000
  H   H8        1.0  0.992317  0.22387700000000002  0.8634369999999998  1.0000
  H   H9        1.0  0.41259100000000004  0.223613  0.251242  1.0000
  H   H10       1.0  0.912591  0.02882773295004948  0.30228206055528134  1.0000
  H   H11       1.0  0.587409  0.776387  0.748758  1.0000
  H   H12       1.0  0.087409  0.223613  0.751242  1.0000
  H   H13       1.0  0.3838340000000001  0.380906  0.557138  1.0000
  H   H14       1.0  0.883834  0.619094  0.9428619999999998  1.0000
  H   H15       1.0  0.616166  0.7788553934663531  0.25227257622561533  1.0000
  H   H16       1.0  0.116166  0.380906  0.057138  1.0000
  H   H17       1.0  0.163584  0.314343  0.55915  1.0000
  H   H18       1.0  0.663584  0.685657  0.9408499999999999  1.0000
  H   H19       1.0  0.836416  0.7833660580644154  0.3035952428575765  1.0000
  H   H20       1.0  0.3364160000000001  0.314343  0.05915  1.0000
  H   H21       1.0  0.339521  0.652446  0.135308  1.0000
  H   H22       1.0  0.8395210000000002  0.3475539999999999  0.364692  1.0000
  H   H23       1.0  0.6604790000000003  0.347554  0.8646919999999999  1.0000
  H   H24       1.0  0.160479  0.5366144594649261  0.35080276218108297  1.0000
  H   H25       1.0  0.338438  0.503355  0.115388  1.0000
  H   H26       1.0  0.838438  0.496645  0.384612  1.0000
  H   H27       1.0  0.661562  0.496645  0.884612  1.0000
  H   H28       1.0  0.161562  0.503355  0.6153879999999999  1.0000
  O   O1        1.0  0.25309  0.6364649925411812  0.4572108673863419  1.0000
  O   O2        1.0  0.75309  0.175485  0.9396709999999998  1.0000
  O   O3        1.0  0.74691  0.175485  0.43967099999999987  1.0000
  O   O4        1.0  0.24691000000000005  0.824515  0.060329  1.0000
  O   O5        1.0  0.025685  0.171233  0.617953  1.0000
  O   O6        1.0  0.525685  0.8287670000000001  0.8820469999999998  1.0000
  O   O7        1.0  0.9743150000000002  0.8619161206231498  0.393433867923091  1.0000
  O   O8        1.0  0.47431500000000004  0.17123299999999997  0.117953  1.0000
  O   O9        1.0  0.191619  0.926723  0.7498049999999998  1.0000
  O   O10       1.0  0.6916190000000001  0.07327700000000002  0.7501949999999998  1.0000
  O   O11       1.0  0.808381  0.073277  0.250195  1.0000
  O   O12       1.0  0.308381  0.03194874033058759  0.42030145720382117  1.0000
  O   O13       1.0  0.438667  0.08287300000000003  0.5853329999999999  1.0000
  O   O14       1.0  0.9386670000000001  0.917127  0.9146669999999999  1.0000
  O   O15       1.0  0.561333  0.8233007785135352  0.47484605055064877  1.0000
  O   O16       1.0  0.061333  0.082873  0.085333  1.0000
  O   O17       1.0  0.3583680000000001  0.8385758061242726  0.27095228741534866  1.0000
  O   O18       1.0  0.858368  0.334819  0.103312  1.0000
  O   O19       1.0  0.641632  0.3348189999999999  0.603312  1.0000
  O   O20       1.0  0.141632  0.665181  0.896688  1.0000
  O   O21       1.0  0.862653  0.950055  0.570655  1.0000
  O   O22       1.0  0.362653  0.04994499999999999  0.929345  1.0000
  O   O23       1.0  0.137347  0.7791137741637139  0.8018735211777371  1.0000
  O   O24       1.0  0.637347  0.950055  0.070655  1.0000
  O   O25       1.0  0.382131  0.24915299999999999  0.320494  1.0000
  O   O26       1.0  0.8821310000000002  0.7508469999999999  0.17950599999999997  1.0000
  O   O27       1.0  0.6178690000000002  0.7508470000000002  0.679506  1.0000
  O   O28       1.0  0.117869  0.24915299999999996  0.820494  1.0000
  O   O29       1.0  0.23977700000000005  0.399389  0.5333999999999999  1.0000
  O   O30       1.0  0.7397770000000001  0.600611  0.9666  1.0000
  O   O31       1.0  0.7602230000000002  0.600611  0.4666  1.0000
  O   O32       1.0  0.260223  0.399389  0.0334  1.0000
  O   O33       1.0  0.38193900000000003  0.560973  0.167554  1.0000
  O   O34       1.0  0.8819390000000001  0.439027  0.332446  1.0000
  O   O35       1.0  0.6180610000000002  0.4390270000000001  0.8324459999999999  1.0000
  O   O36       1.0  0.118061  0.5609730000000002  0.6675539999999998  1.0000
"
"# generated using pymatgen
data_Tl4PbSe3
_symmetry_space_group_name_H-M   'P 1'
_cell_length_a   8.55506407
_cell_length_b   8.55506407
_cell_length_c   13.07682448
_cell_angle_alpha   90.00000000
_cell_angle_beta   90.00000000
_cell_angle_gamma   90.00000000
_symmetry_Int_Tables_number   1
_chemical_formula_structural   Tl4PbSe3
_chemical_formula_sum   'Tl16 Pb4 Se12'
_cell_volume   957.08129232
_cell_formula_units_Z   4
loop_
 _symmetry_equiv_pos_site_id
 _symmetry_equiv_pos_as_xyz
  1  'x, y, z'
loop_
 _atom_site_type_symbol
 _atom_site_label
 _atom_site_symmetry_multiplicity
 _atom_site_fract_x
 _atom_site_fract_y
 _atom_site_fract_z
 _atom_site_occupancy
  Tl  Tl0  1  0.32844518  0.38270237  0.40378669  1
  Tl  Tl1  1  0.67155482  0.38270237  0.90378669  1
  Tl  Tl2  1  0.32844518  0.61729763  0.90378669  1
  Tl  Tl3  1  0.67155482  0.61729763  0.40378669  1
  Tl  Tl4  1  0.88270237  0.82844518  0.90378669  1
  Tl  Tl5  1  0.11729763  0.82844518  0.40378669  1
  Tl  Tl6  1  0.88270237  0.17155482  0.40378669  1
  Tl  Tl7  1  0.11729763  0.17155482  0.90378669  1
  Tl  Tl8  1  0.17155482  0.11729763  0.59621331  1
  Tl  Tl9  1  0.82844518  0.11729763  0.09621331  1
  Tl  Tl10  1  0.17155482  0.88270237  0.09621331  1
  Tl  Tl11  1  0.82844518  0.88270237  0.59621331  1
  Tl  Tl12  1  0.61729763  0.67155482  0.09621331  1
  Tl  Tl13  1  0.38270237  0.67155482  0.59621331  1
  Tl  Tl14  1  0.61729763  0.32844518  0.59621331  1
  Tl  Tl15  1  0.38270237  0.32844518  0.09621331  1
  Pb  Pb16  1  0.00000000  0.50000000  0.21130197  1
  Pb  Pb17  1  0.00000000  0.50000000  0.71130197  1
  Pb  Pb18  1  0.50000000  0.00000000  0.78869803  1
  Pb  Pb19  1  0.50000000  0.00000000  0.28869803  1
  Se  Se20  1  0.00000000  0.50000000  0.49545334  1
  Se  Se21  1  0.00000000  0.50000000  0.99545334  1
  Se  Se22  1  0.50000000  0.00000000  0.50454666  1
  Se  Se23  1  0.50000000  0.00000000  0.00454666  1
  Se  Se24  1  0.32793164  0.67206836  0.25000000  1
  Se  Se25  1  0.67206836  0.67206836  0.75000000  1
  Se  Se26  1  0.32793164  0.32793164  0.75000000  1
  Se  Se27  1  0.67206836  0.32793164  0.25000000  1
  Se  Se28  1  0.17206836  0.82793164  0.75000000  1
  Se  Se29  1  0.82793164  0.82793164  0.25000000  1
  Se  Se30  1  0.17206836  0.17206836  0.25000000  1
  Se  Se31  1  0.82793164  0.17206836  0.75000000  1
",Rotate all surrounding atoms within 3.9071526795000437 angstrom of the center atom at index 31 by 224.35748265999837 degree around the axis [1. 0. 0.] in the cif file. The rotation should following the right-hand rule.,,"data_image0
_chemical_formula_structural       Tl16Pb4Se12
_chemical_formula_sum              ""Tl16 Pb4 Se12""
_cell_length_a       8.55506407
_cell_length_b       8.55506407
_cell_length_c       13.07682448
_cell_angle_alpha    90.0
_cell_angle_beta     90.0
_cell_angle_gamma    90.0

_space_group_name_H-M_alt    ""P 1""
_space_group_IT_number       1

loop_
  _space_group_symop_operation_xyz
  'x, y, z'

loop_
  _atom_site_type_symbol
  _atom_site_label
  _atom_site_symmetry_multiplicity
  _atom_site_fract_x
  _atom_site_fract_y
  _atom_site_fract_z
  _atom_site_occupancy
  Tl  Tl1       1.0  0.32844518  0.38270237  0.40378668999999995  1.0000
  Tl  Tl2       1.0  0.67155482  0.18581219624677583  0.5437032186183214  1.0000
  Tl  Tl3       1.0  0.32844518  0.61729763  0.90378669  1.0000
  Tl  Tl4       1.0  0.67155482  0.61729763  0.40378668999999995  1.0000
  Tl  Tl5       1.0  0.88270237  0.8671097955234708  0.33982769194181583  1.0000
  Tl  Tl6       1.0  0.11729762999999999  0.8284451799999998  0.40378668999999995  1.0000
  Tl  Tl7       1.0  0.88270237  0.17155482  0.40378668999999995  1.0000
  Tl  Tl8       1.0  0.11729762999999992  0.3367809378218652  0.6402786809633086  1.0000
  Tl  Tl9       1.0  0.17155482000000005  0.04688357528204473  0.885007446844734  1.0000
  Tl  Tl10      1.0  0.8284451799999998  0.11729762999999999  0.09621330999999998  1.0000
  Tl  Tl11      1.0  0.17155482  0.88270237  0.09621330999999998  1.0000
  Tl  Tl12      1.0  0.8284451799999998  0.49962555408592657  0.5349237416511632  1.0000
  Tl  Tl13      1.0  0.61729763  0.67155482  0.09621330999999998  1.0000
  Tl  Tl14      1.0  0.38270237  0.67155482  0.59621331  1.0000
  Tl  Tl15      1.0  0.61729763  0.8959148337069553  0.7884319844997468  1.0000
  Tl  Tl16      1.0  0.38270237  0.32844518  0.09621330999999998  1.0000
  Pb  Pb1       1.0  0.0  0.5  0.21130196999999995  1.0000
  Pb  Pb2       1.0  1.0381902606839567e-16  0.8962450001865728  0.627678159845971  1.0000
  Pb  Pb3       1.0  0.5  0.3364507713422475  0.8010325056170847  1.0000
  Pb  Pb4       1.0  0.5  0.0  0.28869803  1.0000
  Se  Se1       1.0  0.0  0.5  0.4954533399999999  1.0000
  Se  Se2       1.0  0.0  0.5  0.99545334  1.0000
  Se  Se3       1.0  0.5  0.0  0.50454666  1.0000
  Se  Se4       1.0  0.5  0.0  0.00454666  1.0000
  Se  Se5       1.0  0.32793164  0.67206836  0.24999999999999994  1.0000
  Se  Se6       1.0  0.67206836  0.67206836  0.75  1.0000
  Se  Se7       1.0  0.32793164  0.32793164  0.75  1.0000
  Se  Se8       1.0  0.67206836  0.32793164  0.24999999999999994  1.0000
  Se  Se9       1.0  0.17206836  0.82793164  0.75  1.0000
  Se  Se10      1.0  0.82793164  0.82793164  0.24999999999999994  1.0000
  Se  Se11      1.0  0.17206836  0.17206836  0.24999999999999994  1.0000
  Se  Se12      1.0  0.82793164  0.17206836  0.75  1.0000
"
"# generated using pymatgen
data_H8C5
_symmetry_space_group_name_H-M   'P 1'
_cell_length_a   6.85401200
_cell_length_b   6.85401200
_cell_length_c   9.35084200
_cell_angle_alpha   90.00000000
_cell_angle_beta   90.00000000
_cell_angle_gamma   90.00000000
_symmetry_Int_Tables_number   1
_chemical_formula_structural   H8C5
_chemical_formula_sum   'H32 C20'
_cell_volume   439.27899768
_cell_formula_units_Z   4
loop_
 _symmetry_equiv_pos_site_id
 _symmetry_equiv_pos_as_xyz
  1  'x, y, z'
loop_
 _atom_site_type_symbol
 _atom_site_label
 _atom_site_symmetry_multiplicity
 _atom_site_fract_x
 _atom_site_fract_y
 _atom_site_fract_z
 _atom_site_occupancy
  H  H0  1  0.81078000  0.44792100  0.66352900  1
  H  H1  1  0.31078000  0.05207900  0.83647100  1
  H  H2  1  0.18922000  0.55207900  0.66352900  1
  H  H3  1  0.68922000  0.94792100  0.83647100  1
  H  H4  1  0.44792100  0.18922000  0.33647100  1
  H  H5  1  0.05207900  0.68922000  0.16352900  1
  H  H6  1  0.55207900  0.81078000  0.33647100  1
  H  H7  1  0.94792100  0.31078000  0.16352900  1
  H  H8  1  0.51976000  0.62709200  0.76233600  1
  H  H9  1  0.01976000  0.87290800  0.73766400  1
  H  H10  1  0.48024000  0.37290800  0.76233600  1
  H  H11  1  0.98024000  0.12709200  0.73766400  1
  H  H12  1  0.62709200  0.48024000  0.23766400  1
  H  H13  1  0.87290800  0.98024000  0.26233600  1
  H  H14  1  0.37290800  0.51976000  0.23766400  1
  H  H15  1  0.12709200  0.01976000  0.26233600  1
  H  H16  1  0.73335000  0.78076600  0.56702600  1
  H  H17  1  0.23335000  0.71923400  0.93297400  1
  H  H18  1  0.26665000  0.21923400  0.56702600  1
  H  H19  1  0.76665000  0.28076600  0.93297400  1
  H  H20  1  0.78076600  0.26665000  0.43297400  1
  H  H21  1  0.71923400  0.76665000  0.06702600  1
  H  H22  1  0.21923400  0.73335000  0.43297400  1
  H  H23  1  0.28076600  0.23335000  0.06702600  1
  H  H24  1  0.84314400  0.63103700  0.43503100  1
  H  H25  1  0.34314400  0.86896300  0.06496900  1
  H  H26  1  0.15685600  0.36896300  0.43503100  1
  H  H27  1  0.65685600  0.13103700  0.06496900  1
  H  H28  1  0.63103700  0.15685600  0.56496900  1
  H  H29  1  0.86896300  0.65685600  0.93503100  1
  H  H30  1  0.36896300  0.84314400  0.56496900  1
  H  H31  1  0.13103700  0.34314400  0.93503100  1
  C  C32  1  0.68048700  0.46984300  0.59595100  1
  C  C33  1  0.18048700  0.03015700  0.90404900  1
  C  C34  1  0.31951300  0.53015700  0.59595100  1
  C  C35  1  0.81951300  0.96984300  0.90404900  1
  C  C36  1  0.46984300  0.31951300  0.40404900  1
  C  C37  1  0.03015700  0.81951300  0.09595100  1
  C  C38  1  0.53015700  0.68048700  0.40404900  1
  C  C39  1  0.96984300  0.18048700  0.09595100  1
  C  C40  1  0.71036900  0.65031200  0.50043500  1
  C  C41  1  0.21036900  0.84968800  0.99956500  1
  C  C42  1  0.28963100  0.34968800  0.50043500  1
  C  C43  1  0.78963100  0.15031200  0.99956500  1
  C  C44  1  0.65031200  0.28963100  0.49956500  1
  C  C45  1  0.84968800  0.78963100  0.00043500  1
  C  C46  1  0.34968800  0.71036900  0.49956500  1
  C  C47  1  0.15031200  0.21036900  0.00043500  1
  C  C48  1  0.50000000  0.50000000  0.69128900  1
  C  C49  1  0.00000000  0.00000000  0.80871100  1
  C  C50  1  0.50000000  0.50000000  0.30871100  1
  C  C51  1  0.00000000  0.00000000  0.19128900  1
",Rotate all surrounding atoms within 2.9637650360753525 angstrom of the center atom at index 17 by 255.82419828462525 degree around the axis [ 0.  0. -1.] in the cif file. The rotation should following the right-hand rule.,,"data_image0
_chemical_formula_structural       H32C20
_chemical_formula_sum              ""H32 C20""
_cell_length_a       6.854012
_cell_length_b       6.854012
_cell_length_c       9.350842
_cell_angle_alpha    90.0
_cell_angle_beta     90.0
_cell_angle_gamma    90.0

_space_group_name_H-M_alt    ""P 1""
_space_group_IT_number       1

loop_
  _space_group_symop_operation_xyz
  'x, y, z'

loop_
  _atom_site_type_symbol
  _atom_site_label
  _atom_site_symmetry_multiplicity
  _atom_site_fract_x
  _atom_site_fract_y
  _atom_site_fract_z
  _atom_site_occupancy
  H   H1        1.0  0.81078  0.447921  0.663529  1.0000
  H   H2        1.0  0.8612269274021471  0.9576910463648304  0.836471  1.0000
  H   H3        1.0  0.4062222863722498  0.7173837217963639  0.663529  1.0000
  H   H4        1.0  0.68922  0.9479210000000002  0.836471  1.0000
  H   H5        1.0  0.447921  0.18922  0.33647099999999996  1.0000
  H   H6        1.0  0.3068429321150985  0.5508332738551122  0.163529  1.0000
  H   H7        1.0  0.552079  0.81078  0.33647099999999996  1.0000
  H   H8        1.0  0.9479210000000002  0.31078  0.163529  1.0000
  H   H9        1.0  0.2525449558924831  0.019487875798940513  0.762336  1.0000
  H   H10       1.0  0.1366632960855966  0.4745136133090492  0.7376639999999999  1.0000
  H   H11       1.0  0.48024  0.372908  0.762336  1.0000
  H   H12       1.0  0.98024  0.127092  0.7376639999999999  1.0000
  H   H13       1.0  0.6270920000000001  0.48024  0.237664  1.0000
  H   H14       1.0  0.872908  0.98024  0.262336  1.0000
  H   H15       1.0  0.372908  0.51976  0.237664  1.0000
  H   H16       1.0  0.127092  0.01976  0.262336  1.0000
  H   H17       1.0  0.73335  0.780766  0.567026  1.0000
  H   H18       1.0  0.23335  0.719234  0.9329740000000001  1.0000
  H   H19       1.0  0.26665  0.219234  0.567026  1.0000
  H   H20       1.0  0.76665  0.280766  0.9329740000000001  1.0000
  H   H21       1.0  0.780766  0.26665  0.432974  1.0000
  H   H22       1.0  0.719234  0.76665  0.067026  1.0000
  H   H23       1.0  0.219234  0.73335  0.432974  1.0000
  H   H24       1.0  0.280766  0.23335  0.067026  1.0000
  H   H25       1.0  0.843144  0.631037  0.43503099999999995  1.0000
  H   H26       1.0  0.061292094583979814  0.7890163262785921  0.06496899999999994  1.0000
  H   H27       1.0  0.15685600000000002  0.368963  0.43503099999999995  1.0000
  H   H28       1.0  0.656856  0.131037  0.064969  1.0000
  H   H29       1.0  0.631037  0.15685600000000002  0.564969  1.0000
  H   H30       1.0  0.13816821202886026  0.35076810667327973  0.9350309999999998  1.0000
  H   H31       1.0  0.368963  0.843144  0.564969  1.0000
  H   H32       1.0  0.6230438749786671  0.7121402088337118  0.9350309999999998  1.0000
  C   C1        1.0  0.680487  0.469843  0.595951  1.0000
  C   C2        1.0  0.9143898634795269  0.8367342682966608  0.9040489999999999  1.0000
  C   C3        1.0  0.3195130000000001  0.530157  0.595951  1.0000
  C   C4        1.0  0.819513  0.969843  0.9040489999999999  1.0000
  C   C5        1.0  0.469843  0.3195130000000001  0.404049  1.0000
  C   C6        1.0  0.1858861540469289  0.49767033777773234  0.0959510000000001  1.0000
  C   C7        1.0  0.530157  0.680487  0.404049  1.0000
  C   C8        1.0  0.969843  0.18048700000000006  0.095951  1.0000
  C   C9        1.0  0.710369  0.6503120000000001  0.500435  1.0000
  C   C10       1.0  0.11249647147083597  0.6650048831064848  0.999565  1.0000
  C   C11       1.0  0.289631  0.349688  0.500435  1.0000
  C   C12       1.0  0.789631  0.150312  0.999565  1.0000
  C   C13       1.0  0.6503120000000001  0.289631  0.4995649999999999  1.0000
  C   C14       1.0  0.014156768856753018  0.29956372978642354  0.0004349999999999485  1.0000
  C   C15       1.0  0.349688  0.710369  0.4995649999999999  1.0000
  C   C16       1.0  0.150312  0.210369  0.000435  1.0000
  C   C17       1.0  0.5  0.5  0.691289  1.0000
  C   C18       1.0  0.98782944110642  0.6691286888669069  0.808711  1.0000
  C   C19       1.0  0.5  0.5  0.308711  1.0000
  C   C20       1.0  0.0  0.0  0.191289  1.0000
"
"# generated using pymatgen
data_H6C3S(NO)2
_symmetry_space_group_name_H-M   'P 1'
_cell_length_a   11.25663700
_cell_length_b   5.58705300
_cell_length_c   15.29703500
_cell_angle_alpha   90.00000000
_cell_angle_beta   125.65106806
_cell_angle_gamma   90.00000000
_symmetry_Int_Tables_number   1
_chemical_formula_structural   H6C3S(NO)2
_chemical_formula_sum   'H24 C12 S4 N8 O8'
_cell_volume   781.74604142
_cell_formula_units_Z   4
loop_
 _symmetry_equiv_pos_site_id
 _symmetry_equiv_pos_as_xyz
  1  'x, y, z'
loop_
 _atom_site_type_symbol
 _atom_site_label
 _atom_site_symmetry_multiplicity
 _atom_site_fract_x
 _atom_site_fract_y
 _atom_site_fract_z
 _atom_site_occupancy
  H  H0  1  0.38529100  0.62570800  0.06849600  1
  H  H1  1  0.38529100  0.87429200  0.56849600  1
  H  H2  1  0.61470900  0.37429200  0.93150400  1
  H  H3  1  0.61470900  0.12570800  0.43150400  1
  H  H4  1  0.47232800  0.77608200  0.01687700  1
  H  H5  1  0.47232800  0.72391800  0.51687700  1
  H  H6  1  0.52767200  0.22391800  0.98312300  1
  H  H7  1  0.52767200  0.27608200  0.48312300  1
  H  H8  1  0.28400300  0.16435400  0.13073600  1
  H  H9  1  0.28400300  0.33564600  0.63073600  1
  H  H10  1  0.71599700  0.83564600  0.86926400  1
  H  H11  1  0.71599700  0.66435400  0.36926400  1
  H  H12  1  0.01681200  0.54102000  0.12821500  1
  H  H13  1  0.01681200  0.95898000  0.62821500  1
  H  H14  1  0.98318800  0.45898000  0.87178500  1
  H  H15  1  0.98318800  0.04102000  0.37178500  1
  H  H16  1  0.02914600  0.67087500  0.24028100  1
  H  H17  1  0.02914600  0.82912500  0.74028100  1
  H  H18  1  0.97085400  0.32912500  0.75971900  1
  H  H19  1  0.97085400  0.17087500  0.25971900  1
  H  H20  1  0.18321100  0.51418200  0.26189700  1
  H  H21  1  0.18321100  0.98581800  0.76189700  1
  H  H22  1  0.81678900  0.48581800  0.73810300  1
  H  H23  1  0.81678900  0.01418200  0.23810300  1
  C  C24  1  0.08960900  0.62873400  0.20632100  1
  C  C25  1  0.08960900  0.87126600  0.70632100  1
  C  C26  1  0.91039100  0.37126600  0.79367900  1
  C  C27  1  0.91039100  0.12873400  0.29367900  1
  C  C28  1  0.38348900  0.99444100  0.07027300  1
  C  C29  1  0.38348900  0.50555900  0.57027300  1
  C  C30  1  0.61651100  0.00555900  0.92972700  1
  C  C31  1  0.61651100  0.49444100  0.42972700  1
  C  C32  1  0.24862500  0.80699200  0.13887200  1
  C  C33  1  0.24862500  0.69300800  0.63887200  1
  C  C34  1  0.75137500  0.19300800  0.86112800  1
  C  C35  1  0.75137500  0.30699200  0.36112800  1
  S  S36  1  0.15128800  0.91090200  0.19061000  1
  S  S37  1  0.15128800  0.58909800  0.69061000  1
  S  S38  1  0.84871200  0.08909800  0.80939000  1
  S  S39  1  0.84871200  0.41090200  0.30939000  1
  N  N40  1  0.41640300  0.77927100  0.05065000  1
  N  N41  1  0.41640300  0.72072900  0.55065000  1
  N  N42  1  0.58359700  0.22072900  0.94935000  1
  N  N43  1  0.58359700  0.27927100  0.44935000  1
  N  N44  1  0.30498400  0.99612000  0.11650800  1
  N  N45  1  0.30498400  0.50388000  0.61650800  1
  N  N46  1  0.69501600  0.00388000  0.88349200  1
  N  N47  1  0.69501600  0.49612000  0.38349200  1
  O  O48  1  0.41654000  0.19013300  0.05079800  1
  O  O49  1  0.41654000  0.30986700  0.55079800  1
  O  O50  1  0.58346000  0.80986700  0.94920200  1
  O  O51  1  0.58346000  0.69013300  0.44920200  1
  O  O52  1  0.26182600  0.59363800  0.12496200  1
  O  O53  1  0.26182600  0.90636200  0.62496200  1
  O  O54  1  0.73817400  0.40636200  0.87503800  1
  O  O55  1  0.73817400  0.09363800  0.37503800  1
",Rotate all surrounding atoms within 3.369800476666427 angstrom of the center atom at index 7 by 172.72065611741414 degree around the axis [ 0. -1.  0.] in the cif file. The rotation should following the right-hand rule.,,"data_image0
_chemical_formula_structural       H24C12S4N8O8
_chemical_formula_sum              ""H24 C12 S4 N8 O8""
_cell_length_a       11.256637
_cell_length_b       5.587053
_cell_length_c       15.297034999999997
_cell_angle_alpha    90.0
_cell_angle_beta     125.65106805999999
_cell_angle_gamma    90.0

_space_group_name_H-M_alt    ""P 1""
_space_group_IT_number       1

loop_
  _space_group_symop_operation_xyz
  'x, y, z'

loop_
  _atom_site_type_symbol
  _atom_site_label
  _atom_site_symmetry_multiplicity
  _atom_site_fract_x
  _atom_site_fract_y
  _atom_site_fract_z
  _atom_site_occupancy
  H   H1        1.0  0.38529099999999994  0.6257080000000002  0.068496  1.0000
  H   H2        1.0  0.38529099999999994  0.874292  0.568496  1.0000
  H   H3        1.0  0.6147090000000003  0.374292  0.9315040000000002  1.0000
  H   H4        1.0  0.4601848917279751  0.12570800000000001  0.5490044038404006  1.0000
  H   H5        1.0  0.4723280000000001  0.7760820000000003  0.016877000000000003  1.0000
  H   H6        1.0  0.5703875467411686  0.7239180000000002  0.4402228784619941  1.0000
  H   H7        1.0  0.5276720000000001  0.22391800000000006  0.9831230000000002  1.0000
  H   H8        1.0  0.527672  0.276082  0.483123  1.0000
  H   H9        1.0  0.284003  0.164354  0.130736  1.0000
  H   H10       1.0  0.28400300000000006  0.335646  0.6307360000000001  1.0000
  H   H11       1.0  0.715997  0.8356460000000001  0.8692640000000001  1.0000
  H   H12       1.0  0.715997  0.6643540000000001  0.36926400000000004  1.0000
  H   H13       1.0  0.016812000000000007  0.54102  0.128215  1.0000
  H   H14       1.0  0.01681199999999995  0.9589800000000003  0.628215  1.0000
  H   H15       1.0  0.9831880000000002  0.45898  0.8717850000000003  1.0000
  H   H16       1.0  0.983188  0.04102000000000001  0.3717850000000001  1.0000
  H   H17       1.0  0.029146000000000033  0.670875  0.240281  1.0000
  H   H18       1.0  0.029146000000000134  0.8291250000000001  0.7402810000000002  1.0000
  H   H19       1.0  0.970854  0.329125  0.7597190000000001  1.0000
  H   H20       1.0  0.970854  0.17087500000000003  0.259719  1.0000
  H   H21       1.0  0.18321100000000012  0.514182  0.26189700000000005  1.0000
  H   H22       1.0  0.18321100000000004  0.9858180000000001  0.761897  1.0000
  H   H23       1.0  0.816789  0.485818  0.738103  1.0000
  H   H24       1.0  0.816789  0.014182  0.238103  1.0000
  C   C1        1.0  0.08960900000000002  0.628734  0.20632100000000003  1.0000
  C   C2        1.0  0.08960900000000004  0.871266  0.706321  1.0000
  C   C3        1.0  0.910391  0.371266  0.793679  1.0000
  C   C4        1.0  0.910391  0.128734  0.293679  1.0000
  C   C5        1.0  0.383489  0.994441  0.070273  1.0000
  C   C6        1.0  0.6391218104192311  0.505559  0.3722105245240247  1.0000
  C   C7        1.0  0.6165110000000003  0.005559000000000001  0.9297270000000001  1.0000
  C   C8        1.0  0.4589377363219375  0.49444100000000013  0.5511353539379693  1.0000
  C   C9        1.0  0.248625  0.806992  0.138872  1.0000
  C   C10       1.0  0.24862500000000018  0.693008  0.6388720000000001  1.0000
  C   C11       1.0  0.7513750000000002  0.193008  0.8611280000000001  1.0000
  C   C12       1.0  0.751375  0.30699200000000004  0.361128  1.0000
  S   S1        1.0  0.15128800000000003  0.910902  0.19061000000000003  1.0000
  S   S2        1.0  0.15128800000000003  0.589098  0.69061  1.0000
  S   S3        1.0  0.848712  0.08909800000000001  0.80939  1.0000
  S   S4        1.0  0.848712  0.4109020000000001  0.30939  1.0000
  N   N1        1.0  0.416403  0.7792710000000002  0.05065  1.0000
  N   N2        1.0  0.6136225808784231  0.7207290000000001  0.3972355162185811  1.0000
  N   N3        1.0  0.583597  0.220729  0.94935  1.0000
  N   N4        1.0  0.48443696586274543  0.27927100000000005  0.5261103622434129  1.0000
  N   N5        1.0  0.304984  0.9961200000000001  0.116508  1.0000
  N   N6        1.0  0.304984  0.50388  0.616508  1.0000
  N   N7        1.0  0.695016  0.0038800000000000006  0.883492  1.0000
  N   N8        1.0  0.3979975644402791  0.49612000000000017  0.6102078238646665  1.0000
  O   O1        1.0  0.4165400000000001  0.19013300000000002  0.050798  1.0000
  O   O2        1.0  0.6134677749197917  0.309867  0.39709097831538365  1.0000
  O   O3        1.0  0.58346  0.8098670000000001  0.949202  1.0000
  O   O4        1.0  0.484591771821377  0.6901330000000001  0.5262549001466104  1.0000
  O   O5        1.0  0.26182600000000006  0.593638  0.12496200000000002  1.0000
  O   O6        1.0  0.26182600000000006  0.9063620000000002  0.6249620000000001  1.0000
  O   O7        1.0  0.7381740000000003  0.4063620000000001  0.8750380000000002  1.0000
  O   O8        1.0  0.738174  0.09363800000000001  0.375038  1.0000
"
"# generated using pymatgen
data_Ir(SeBr3)3
_symmetry_space_group_name_H-M   'P 1'
_cell_length_a   9.68802508
_cell_length_b   12.26402471
_cell_length_c   14.15619962
_cell_angle_alpha   90.80305998
_cell_angle_beta   90.00000000
_cell_angle_gamma   90.00000000
_symmetry_Int_Tables_number   1
_chemical_formula_structural   Ir(SeBr3)3
_chemical_formula_sum   'Ir4 Se12 Br36'
_cell_volume   1681.79202819
_cell_formula_units_Z   4
loop_
 _symmetry_equiv_pos_site_id
 _symmetry_equiv_pos_as_xyz
  1  'x, y, z'
loop_
 _atom_site_type_symbol
 _atom_site_label
 _atom_site_symmetry_multiplicity
 _atom_site_fract_x
 _atom_site_fract_y
 _atom_site_fract_z
 _atom_site_occupancy
  Ir  Ir0  1  0.24459621  0.74737288  0.49382150  1
  Ir  Ir1  1  0.25540379  0.24737288  0.99382150  1
  Ir  Ir2  1  0.75540379  0.25262712  0.50617850  1
  Ir  Ir3  1  0.74459621  0.75262712  0.00617850  1
  Se  Se4  1  0.25909968  0.87291408  0.62308614  1
  Se  Se5  1  0.24090032  0.37291408  0.12308614  1
  Se  Se6  1  0.74090032  0.12708592  0.37691386  1
  Se  Se7  1  0.75909968  0.62708592  0.87691386  1
  Se  Se8  1  0.19565712  0.59170254  0.58639662  1
  Se  Se9  1  0.30434288  0.09170254  0.08639662  1
  Se  Se10  1  0.80434288  0.40829746  0.41360338  1
  Se  Se11  1  0.69565712  0.90829746  0.91360338  1
  Se  Se12  1  0.01128476  0.78642338  0.45692490  1
  Se  Se13  1  0.48871524  0.28642338  0.95692490  1
  Se  Se14  1  0.98871524  0.21357662  0.54307510  1
  Se  Se15  1  0.51128476  0.71357662  0.04307510  1
  Br  Br16  1  0.49900375  0.75609315  0.52937074  1
  Br  Br17  1  0.00099625  0.25609315  0.02937074  1
  Br  Br18  1  0.50099625  0.24390685  0.47062926  1
  Br  Br19  1  -0.00099625  0.74390685  0.97062926  1
  Br  Br20  1  0.27334962  0.59331627  0.37636082  1
  Br  Br21  1  0.22665038  0.09331627  0.87636082  1
  Br  Br22  1  0.72665038  0.40668373  0.62363918  1
  Br  Br23  1  0.77334962  0.90668373  0.12363918  1
  Br  Br24  1  0.26335891  0.88671900  0.36620706  1
  Br  Br25  1  0.23664109  0.38671900  0.86620706  1
  Br  Br26  1  0.73664109  0.11328100  0.63379294  1
  Br  Br27  1  0.76335891  0.61328100  0.13379294  1
  Br  Br28  1  0.03266176  0.93742652  0.65546603  1
  Br  Br29  1  0.46733824  0.43742652  0.15546603  1
  Br  Br30  1  0.96733824  0.06257348  0.34453397  1
  Br  Br31  1  0.53266176  0.56257348  0.84453397  1
  Br  Br32  1  0.35344327  0.04031093  0.57528327  1
  Br  Br33  1  0.14655673  0.54031093  0.07528327  1
  Br  Br34  1  0.64655673  0.95968907  0.42471673  1
  Br  Br35  1  0.85344327  0.45968907  0.92471673  1
  Br  Br36  1  0.14956040  0.65049205  0.74477047  1
  Br  Br37  1  0.35043960  0.15049205  0.24477047  1
  Br  Br38  1  0.85043960  0.34950795  0.25522953  1
  Br  Br39  1  0.64956040  0.84950795  0.75522953  1
  Br  Br40  1  0.39867157  0.49304065  0.61258795  1
  Br  Br41  1  0.10132843  -0.00695935  0.11258795  1
  Br  Br42  1  0.60132843  0.50695935  0.38741205  1
  Br  Br43  1  0.89867157  0.00695935  0.88741205  1
  Br  Br44  1  0.86991974  0.67262034  0.55180779  1
  Br  Br45  1  0.63008026  0.17262034  0.05180779  1
  Br  Br46  1  0.13008026  0.32737966  0.44819221  1
  Br  Br47  1  0.36992074  0.82737966  0.94819221  1
  Br  Br48  1  0.93926580  0.71249256  0.31041986  1
  Br  Br49  1  0.56073420  0.21249256  0.81041986  1
  Br  Br50  1  0.06073420  0.28750744  0.68958014  1
  Br  Br51  1  0.43926580  0.78750744  0.18958014  1
",Rotate all surrounding atoms within 3.0065785278232218 angstrom of the center atom at index 31 by 179.01105673290684 degree around the axis [ 0.  0. -1.] in the cif file. The rotation should following the right-hand rule.,,"data_image0
_chemical_formula_structural       Ir4Se12Br36
_chemical_formula_sum              ""Ir4 Se12 Br36""
_cell_length_a       9.68802508
_cell_length_b       12.26402471
_cell_length_c       14.15619962
_cell_angle_alpha    90.80305997999999
_cell_angle_beta     90.0
_cell_angle_gamma    90.0

_space_group_name_H-M_alt    ""P 1""
_space_group_IT_number       1

loop_
  _space_group_symop_operation_xyz
  'x, y, z'

loop_
  _atom_site_type_symbol
  _atom_site_label
  _atom_site_symmetry_multiplicity
  _atom_site_fract_x
  _atom_site_fract_y
  _atom_site_fract_z
  _atom_site_occupancy
  Ir  Ir1       1.0  0.24459621  0.74737288  0.49382150000000014  1.0000
  Ir  Ir2       1.0  0.25540379  0.24737287999999996  0.9938215000000002  1.0000
  Ir  Ir3       1.0  0.75540379  0.25262712  0.5061785  1.0000
  Ir  Ir4       1.0  0.7445962099999998  0.75262712  0.006178500000000002  1.0000
  Se  Se1       1.0  0.25909968  0.87291408  0.62308614  1.0000
  Se  Se2       1.0  0.24090031999999997  0.37291408000000004  0.12308614000000002  1.0000
  Se  Se3       1.0  0.7409003199999997  0.12708592  0.37691386  1.0000
  Se  Se4       1.0  0.30765563475478475  0.49603095691369137  0.8769138600000002  1.0000
  Se  Se5       1.0  0.19565712  0.59170254  0.58639662  1.0000
  Se  Se6       1.0  0.3043428799999999  0.09170254  0.08639662  1.0000
  Se  Se7       1.0  0.80434288  0.40829746  0.41360338000000013  1.0000
  Se  Se8       1.0  0.6956571199999999  0.9082974600000001  0.9136033800000002  1.0000
  Se  Se9       1.0  0.01128476  0.78642338  0.4569249  1.0000
  Se  Se10      1.0  0.48871524  0.28642338  0.9569249000000002  1.0000
  Se  Se11      1.0  0.9887152399999999  0.21357662  0.5430751000000001  1.0000
  Se  Se12      1.0  0.51128476  0.71357662  0.04307510000000001  1.0000
  Br  Br1       1.0  0.49900375  0.7560931499999999  0.52937074  1.0000
  Br  Br2       1.0  0.00099625  0.25609315  0.02937074  1.0000
  Br  Br3       1.0  0.50099625  0.24390685  0.4706292600000001  1.0000
  Br  Br4       1.0  0.99900375  0.74390685  0.9706292600000003  1.0000
  Br  Br5       1.0  0.27334962  0.59331627  0.37636082000000004  1.0000
  Br  Br6       1.0  0.22665038  0.09331627  0.8763608200000003  1.0000
  Br  Br7       1.0  0.7266503799999999  0.40668373  0.62363918  1.0000
  Br  Br8       1.0  0.77334962  0.90668373  0.12363918000000003  1.0000
  Br  Br9       1.0  0.26335891  0.886719  0.36620706  1.0000
  Br  Br10      1.0  0.23664108999999997  0.386719  0.86620706  1.0000
  Br  Br11      1.0  0.73664109  0.113281  0.6337929400000002  1.0000
  Br  Br12      1.0  0.76335891  0.613281  0.13379294000000003  1.0000
  Br  Br13      1.0  0.03266176  0.93742652  0.6554660300000003  1.0000
  Br  Br14      1.0  0.4673382399999999  0.43742652  0.15546603000000006  1.0000
  Br  Br15      1.0  0.96733824  0.06257348  0.34453397  1.0000
  Br  Br16      1.0  0.53266176  0.56257348  0.8445339700000002  1.0000
  Br  Br17      1.0  0.3534432699999999  0.04031093  0.57528327  1.0000
  Br  Br18      1.0  0.14655673  0.54031093  0.07528327000000003  1.0000
  Br  Br19      1.0  0.6465567299999999  0.95968907  0.42471673  1.0000
  Br  Br20      1.0  0.8534432699999999  0.45968907  0.9247167300000002  1.0000
  Br  Br21      1.0  0.1495604  0.65049205  0.7447704700000002  1.0000
  Br  Br22      1.0  0.3504396  0.15049205  0.24477047  1.0000
  Br  Br23      1.0  0.8504396  0.34950795  0.2552295300000001  1.0000
  Br  Br24      1.0  0.6495604  0.84950795  0.75522953  1.0000
  Br  Br25      1.0  0.39867156999999986  0.49304065  0.61258795  1.0000
  Br  Br26      1.0  0.10132843  0.99304065  0.11258795000000002  1.0000
  Br  Br27      1.0  0.60132843  0.50695935  0.38741205000000006  1.0000
  Br  Br28      1.0  0.8986715699999999  0.006959350000000006  0.8874120500000002  1.0000
  Br  Br29      1.0  0.86991974  0.67262034  0.5518077900000002  1.0000
  Br  Br30      1.0  0.63008026  0.17262034  0.05180779  1.0000
  Br  Br31      1.0  0.13008026  0.32737966  0.4481922100000001  1.0000
  Br  Br32      1.0  0.36992074  0.82737966  0.9481922100000002  1.0000
  Br  Br33      1.0  0.9392657999999999  0.7124925600000002  0.31041986  1.0000
  Br  Br34      1.0  0.5607342  0.21249256  0.81041986  1.0000
  Br  Br35      1.0  0.060734199999999995  0.28750744  0.6895801400000002  1.0000
  Br  Br36      1.0  0.4392658  0.7875074399999998  0.18958014  1.0000
"
"# generated using pymatgen
data_Dy3(Al3Ru)4
_symmetry_space_group_name_H-M   'P 1'
_cell_length_a   8.76160912
_cell_length_b   8.76166525
_cell_length_c   9.49420504
_cell_angle_alpha   90.00005576
_cell_angle_beta   89.99999382
_cell_angle_gamma   119.99997292
_symmetry_Int_Tables_number   1
_chemical_formula_structural   Dy3(Al3Ru)4
_chemical_formula_sum   'Dy6 Al24 Ru8'
_cell_volume   631.18967685
_cell_formula_units_Z   2
loop_
 _symmetry_equiv_pos_site_id
 _symmetry_equiv_pos_as_xyz
  1  'x, y, z'
loop_
 _atom_site_type_symbol
 _atom_site_label
 _atom_site_symmetry_multiplicity
 _atom_site_fract_x
 _atom_site_fract_y
 _atom_site_fract_z
 _atom_site_occupancy
  Dy  Dy0  1  0.19312512  0.80687127  0.24999151  1
  Dy  Dy1  1  0.19312575  0.38625461  0.24999263  1
  Dy  Dy2  1  0.61374674  0.80687350  0.24999124  1
  Dy  Dy3  1  0.80687349  0.19312899  0.75000839  1
  Dy  Dy4  1  0.80687347  0.61374405  0.75000791  1
  Dy  Dy5  1  0.38625476  0.19312736  0.75000900  1
  Al  Al6  1  0.56105774  0.43894158  0.24999462  1
  Al  Al7  1  0.56105819  0.12211699  0.24999426  1
  Al  Al8  1  0.87788369  0.43894200  0.24999417  1
  Al  Al9  1  0.43894230  0.56105831  0.75000622  1
  Al  Al10  1  0.43894191  0.87788333  0.75000623  1
  Al  Al11  1  0.12211541  0.56105807  0.75000649  1
  Al  Al12  1  0.32471140  0.16235148  0.42315720  1
  Al  Al13  1  0.83764437  0.16235686  0.42315085  1
  Al  Al14  1  0.83764422  0.67528773  0.42315060  1
  Al  Al15  1  0.67528931  0.83764459  0.57683749  1
  Al  Al16  1  0.16235965  0.83764828  0.57684400  1
  Al  Al17  1  0.16235545  0.32471172  0.57685048  1
  Al  Al18  1  0.67528518  0.83764280  0.92316587  1
  Al  Al19  1  0.16235734  0.83764234  0.92316593  1
  Al  Al20  1  0.16235696  0.32471477  0.92316521  1
  Al  Al21  1  0.32471461  0.16235714  0.07683494  1
  Al  Al22  1  0.83764212  0.16235784  0.07683495  1
  Al  Al23  1  0.83764252  0.67528498  0.07683545  1
  Al  Al24  1  0.66666691  0.33333394  0.50911071  1
  Al  Al25  1  0.33333265  0.66666589  0.49089074  1
  Al  Al26  1  0.33333260  0.66666645  0.00912476  1
  Al  Al27  1  0.66666704  0.33333350  0.99087572  1
  Al  Al28  1  -0.00000061  -0.00000035  0.24999352  1
  Al  Al29  1  0.00000019  0.00000023  0.75000707  1
  Ru  Ru30  1  0.00000002  0.00000029  0.50000042  1
  Ru  Ru31  1  -0.00000027  -0.00000022  -0.00000003  1
  Ru  Ru32  1  0.49999941  0.49999963  0.50000002  1
  Ru  Ru33  1  0.50000026  -0.00000040  0.49999998  1
  Ru  Ru34  1  0.00000047  0.50000047  0.50000014  1
  Ru  Ru35  1  0.49999967  0.50000016  0.00000051  1
  Ru  Ru36  1  0.49999966  -0.00000038  0.00000039  1
  Ru  Ru37  1  0.00000031  0.50000019  0.00000041  1
",Rotate all surrounding atoms within 3.393192026981021 angstrom of the center atom at index 11 by 185.85359047226297 degree around the axis [ 0.  0. -1.] in the cif file. The rotation should following the right-hand rule.,,"data_image0
_chemical_formula_structural       Dy6Al24Ru8
_chemical_formula_sum              ""Dy6 Al24 Ru8""
_cell_length_a       8.76160912
_cell_length_b       8.76166525
_cell_length_c       9.49420504
_cell_angle_alpha    90.00005576
_cell_angle_beta     89.99999382
_cell_angle_gamma    119.99997292

_space_group_name_H-M_alt    ""P 1""
_space_group_IT_number       1

loop_
  _space_group_symop_operation_xyz
  'x, y, z'

loop_
  _atom_site_type_symbol
  _atom_site_label
  _atom_site_symmetry_multiplicity
  _atom_site_fract_x
  _atom_site_fract_y
  _atom_site_fract_z
  _atom_site_occupancy
  Dy  Dy1       1.0  0.19312511999999996  0.80687127  0.24999150999999997  1.0000
  Dy  Dy2       1.0  0.19312575  0.38625461  0.24999263  1.0000
  Dy  Dy3       1.0  0.61374674  0.8068735  0.24999123999999998  1.0000
  Dy  Dy4       1.0  0.5245769221339045  0.029372544852449556  0.75000839  1.0000
  Dy  Dy5       1.0  0.4750432381016577  0.5861840010198666  0.7500079099999999  1.0000
  Dy  Dy6       1.0  0.38625476  0.19312736  0.750009  1.0000
  Al  Al1       1.0  0.56105774  0.43894158  0.24999462  1.0000
  Al  Al2       1.0  0.56105819  0.12211699  0.24999425999999997  1.0000
  Al  Al3       1.0  0.87788369  0.438942  0.24999417  1.0000
  Al  Al4       1.0  0.825595918851239  0.5983684353279207  0.7500062199999998  1.0000
  Al  Al5       1.0  0.7882854078133608  0.26454007018378767  0.75000623  1.0000
  Al  Al6       1.0  0.12211541000000001  0.56105807  0.7500064899999997  1.0000
  Al  Al7       1.0  0.3247114  0.16235148  0.4231572  1.0000
  Al  Al8       1.0  0.83764437  0.16235686  0.42315085  1.0000
  Al  Al9       1.0  0.8376442200000004  0.67528773  0.42315059999999993  1.0000
  Al  Al10      1.0  0.67528931  0.83764459  0.57683749  1.0000
  Al  Al11      1.0  0.0518778393252224  0.2743627123802237  0.576844  1.0000
  Al  Al12      1.0  0.1122877077870223  0.8148269503095743  0.57685048  1.0000
  Al  Al13      1.0  0.6752851800000002  0.8376428  0.92316587  1.0000
  Al  Al14      1.0  0.05188112182622095  0.2743696214453232  0.92316593  1.0000
  Al  Al15      1.0  0.11228635642036874  0.8148248367383161  0.9231652099999998  1.0000
  Al  Al16      1.0  0.32471461  0.16235714  0.07683494  1.0000
  Al  Al17      1.0  0.8376421200000002  0.16235784  0.07683495  1.0000
  Al  Al18      1.0  0.8376425199999998  0.67528498  0.07683544999999997  1.0000
  Al  Al19      1.0  0.66666691  0.33333394  0.50911071  1.0000
  Al  Al20      1.0  0.9119991982691841  0.4746554860425647  0.49089074000000005  1.0000
  Al  Al21      1.0  0.9119985934106124  0.47465360707886545  0.00912476000000012  1.0000
  Al  Al22      1.0  0.6666670400000001  0.33333350000000006  0.99087572  1.0000
  Al  Al23      1.0  0.99999939  0.99999965  0.24999352  1.0000
  Al  Al24      1.0  1.8999999999999985e-07  2.299999999999996e-07  0.7500070699999998  1.0000
  Ru  Ru1       1.0  1.9999999999999928e-08  2.8999999999999976e-07  0.5000004199999999  1.0000
  Ru  Ru2       1.0  0.9999997299999999  0.99999978  0.9999999699999998  1.0000
  Ru  Ru3       1.0  0.4999994099999999  0.49999963  0.50000002  1.0000
  Ru  Ru4       1.0  0.50000026  0.9999996  0.49999998  1.0000
  Ru  Ru5       1.0  0.24359337581379054  0.6110111577540533  0.50000014  1.0000
  Ru  Ru6       1.0  0.49999967000000006  0.50000016  5.1e-07  1.0000
  Ru  Ru7       1.0  0.49999966  0.99999962  3.9e-07  1.0000
  Ru  Ru8       1.0  0.24359295065954653  0.6110101023578659  4.1000000011874967e-07  1.0000
"
"# generated using pymatgen
data_SrLiAlF6
_symmetry_space_group_name_H-M   'P 1'
_cell_length_a   5.03997739
_cell_length_b   8.69695514
_cell_length_c   10.24950092
_cell_angle_alpha   90.00000000
_cell_angle_beta   90.18472920
_cell_angle_gamma   90.00000000
_symmetry_Int_Tables_number   1
_chemical_formula_structural   SrLiAlF6
_chemical_formula_sum   'Sr4 Li4 Al4 F24'
_cell_volume   449.25847580
_cell_formula_units_Z   4
loop_
 _symmetry_equiv_pos_site_id
 _symmetry_equiv_pos_as_xyz
  1  'x, y, z'
loop_
 _atom_site_type_symbol
 _atom_site_label
 _atom_site_symmetry_multiplicity
 _atom_site_fract_x
 _atom_site_fract_y
 _atom_site_fract_z
 _atom_site_occupancy
  Sr  Sr0  1  0.74644586  0.73944206  0.00003598  1
  Sr  Sr1  1  0.25355414  0.23944206  0.49996402  1
  Sr  Sr2  1  0.25355414  0.26055794  0.99996402  1
  Sr  Sr3  1  0.74644586  0.76055794  0.50003598  1
  Li  Li4  1  0.73803345  0.08387358  0.75363911  1
  Li  Li5  1  0.26196655  0.58387358  0.74636089  1
  Li  Li6  1  0.26196655  0.91612642  0.24636089  1
  Li  Li7  1  0.73803345  0.41612642  0.25363911  1
  Al  Al8  1  0.76055164  0.08269406  0.25035856  1
  Al  Al9  1  0.23944836  0.58269406  0.24964144  1
  Al  Al10  1  0.23944836  0.91730594  0.74964144  1
  Al  Al11  1  0.76055164  0.41730594  0.75035856  1
  F  F12  1  0.87489975  0.23886162  0.35316689  1
  F  F13  1  0.12510025  0.73886162  0.14683311  1
  F  F14  1  0.12510025  0.76113838  0.64683311  1
  F  F15  1  0.87489975  0.26113838  0.85316689  1
  F  F16  1  0.47209159  0.06115406  0.35369323  1
  F  F17  1  0.52790841  0.56115406  0.14630677  1
  F  F18  1  0.52790841  0.93884594  0.64630677  1
  F  F19  1  0.47209159  0.43884594  0.85369323  1
  F  F20  1  0.61805205  0.23251851  0.15144350  1
  F  F21  1  0.38194795  0.73251851  0.34855650  1
  F  F22  1  0.38194795  0.76748149  0.84855650  1
  F  F23  1  0.61805205  0.26748149  0.65144350  1
  F  F24  1  0.05433664  0.07857799  0.15077707  1
  F  F25  1  0.94566336  0.57857799  0.34922293  1
  F  F26  1  0.94566336  0.92142201  0.84922293  1
  F  F27  1  0.05433664  0.42142201  0.65077707  1
  F  F28  1  0.93709513  0.94674561  0.35197252  1
  F  F29  1  0.06290487  0.44674561  0.14802748  1
  F  F30  1  0.06290487  0.05325439  0.64802748  1
  F  F31  1  0.93709513  0.55325439  0.85197252  1
  F  F32  1  0.60305935  0.93814771  0.15011260  1
  F  F33  1  0.39694065  0.43814771  0.34988740  1
  F  F34  1  0.39694065  0.06185229  0.84988740  1
  F  F35  1  0.60305935  0.56185229  0.65011260  1
",Rotate all surrounding atoms within 3.967931441872864 angstrom of the center atom at index 6 by 283.30942468245803 degree around the axis [0. 1. 0.] in the cif file. The rotation should following the right-hand rule.,,"data_image0
_chemical_formula_structural       Sr4Li4Al4F24
_chemical_formula_sum              ""Sr4 Li4 Al4 F24""
_cell_length_a       5.03997739
_cell_length_b       8.69695514
_cell_length_c       10.24950092
_cell_angle_alpha    90.0
_cell_angle_beta     90.1847292
_cell_angle_gamma    90.0

_space_group_name_H-M_alt    ""P 1""
_space_group_IT_number       1

loop_
  _space_group_symop_operation_xyz
  'x, y, z'

loop_
  _atom_site_type_symbol
  _atom_site_label
  _atom_site_symmetry_multiplicity
  _atom_site_fract_x
  _atom_site_fract_y
  _atom_site_fract_z
  _atom_site_occupancy
  Sr  Sr1       1.0  0.8625026678808795  0.73944206  0.4222624081297417  1.0000
  Sr  Sr2       1.0  0.7581155780160501  0.23944205999999996  0.2999215859502885  1.0000
  Sr  Sr3       1.0  0.7686010591819596  0.26055794000000004  0.4134577195741232  1.0000
  Sr  Sr4       1.0  0.8729881490467889  0.76055794  0.5357985417535764  1.0000
  Li  Li1       1.0  0.73803345  0.08387357999999999  0.75363911  1.0000
  Li  Li2       1.0  0.2619665500000001  0.58387358  0.7463608899999998  1.0000
  Li  Li3       1.0  0.2619665500000001  0.91612642  0.24636089  1.0000
  Li  Li4       1.0  0.73803345  0.41612642  0.25363910999999995  1.0000
  Al  Al1       1.0  0.37039855981011766  0.08269406  0.48585368099444076  1.0000
  Al  Al2       1.0  0.250219686086812  0.58269406  0.23633031308558944  1.0000
  Al  Al3       1.0  0.23944836  0.91730594  0.74964144  1.0000
  Al  Al4       1.0  0.76055164  0.41730594  0.75035856  1.0000
  F   F1        1.0  0.19362071909255657  0.2388616200000001  0.5639169393652796  1.0000
  F   F2        1.0  0.4269975268043732  0.73886162  0.1582670547147505  1.0000
  F   F3        1.0  0.12510025000000002  0.76113838  0.6468331099999999  1.0000
  F   F4        1.0  0.87489975  0.26113838  0.8531668899999999  1.0000
  F   F5        1.0  0.098584855954739  0.061154059999999996  0.3712830043237586  1.0000
  F   F6        1.0  0.5220333899421906  0.56115406  0.35090098975627165  1.0000
  F   F7        1.0  0.52790841  0.9388459399999999  0.64630677  1.0000
  F   F8        1.0  0.47209159  0.43884594  0.85369323  1.0000
  F   F9        1.0  0.5329024325891171  0.23251850999999996  0.3952033118417807  1.0000
  F   F10       1.0  0.08771581330781275  0.73251851  0.3269806822382495  1.0000
  F   F11       1.0  0.38194795  0.76748149  0.8485565  1.0000
  F   F12       1.0  0.61805205  0.26748149  0.6514435  1.0000
  F   F13       1.0  0.40267981381567547  0.07857798999999997  0.12530051883498883  1.0000
  F   F14       1.0  0.21793843208125444  0.57857799  0.5968834752450413  1.0000
  F   F15       1.0  0.94566336  0.9214220099999999  0.84922293  1.0000
  F   F16       1.0  0.05433664  0.42142201  0.65077707  1.0000
  F   F17       1.0  0.21049753977342067  0.9467456099999999  0.593407725479682  1.0000
  F   F18       1.0  0.06290487  0.44674561  0.14802747999999996  1.0000
  F   F19       1.0  0.06290487  0.05325439  0.6480274799999999  1.0000
  F   F20       1.0  0.93709513  0.55325439  0.85197252  1.0000
  F   F21       1.0  0.5320378153609657  0.93814771  0.3877267315975937  1.0000
  F   F22       1.0  0.39694065000000006  0.43814771  0.3498874  1.0000
  F   F23       1.0  0.39694065000000006  0.06185228999999999  0.8498874  1.0000
  F   F24       1.0  0.60305935  0.56185229  0.6501126  1.0000
"
"# generated using pymatgen
data_P3Pb5IO12
_symmetry_space_group_name_H-M   'P 1'
_cell_length_a   10.38867075
_cell_length_b   10.38867075
_cell_length_c   7.47762800
_cell_angle_alpha   90.00000000
_cell_angle_beta   90.00000000
_cell_angle_gamma   120.00000479
_symmetry_Int_Tables_number   1
_chemical_formula_structural   P3Pb5IO12
_chemical_formula_sum   'P6 Pb10 I2 O24'
_cell_volume   698.89901990
_cell_formula_units_Z   2
loop_
 _symmetry_equiv_pos_site_id
 _symmetry_equiv_pos_as_xyz
  1  'x, y, z'
loop_
 _atom_site_type_symbol
 _atom_site_label
 _atom_site_symmetry_multiplicity
 _atom_site_fract_x
 _atom_site_fract_y
 _atom_site_fract_z
 _atom_site_occupancy
  P  P0  1  0.96029000  0.58561600  0.75000000  1
  P  P1  1  0.62532600  0.03971000  0.75000000  1
  P  P2  1  0.41438400  0.37467400  0.75000000  1
  P  P3  1  0.03971000  0.41438400  0.25000000  1
  P  P4  1  0.37467400  0.96029000  0.25000000  1
  P  P5  1  0.58561600  0.62532600  0.25000000  1
  Pb  Pb6  1  0.33333300  0.66666700  0.99538700  1
  Pb  Pb7  1  0.66666700  0.33333300  0.49538700  1
  Pb  Pb8  1  0.66666700  0.33333300  0.00461300  1
  Pb  Pb9  1  0.33333300  0.66666700  0.50461300  1
  Pb  Pb10  1  0.74295100  0.72508500  0.75000000  1
  Pb  Pb11  1  0.98213500  0.25704900  0.75000000  1
  Pb  Pb12  1  0.27491500  0.01786500  0.75000000  1
  Pb  Pb13  1  0.25704900  0.27491500  0.25000000  1
  Pb  Pb14  1  0.01786500  0.74295100  0.25000000  1
  Pb  Pb15  1  0.72508500  0.98213500  0.25000000  1
  I  I16  1  0.00000000  0.00000000  0.00000000  1
  I  I17  1  0.00000000  0.00000000  0.50000000  1
  O  O18  1  0.12936800  0.64274900  0.75000000  1
  O  O19  1  0.51338100  0.87063200  0.75000000  1
  O  O20  1  0.35725100  0.48661900  0.75000000  1
  O  O21  1  0.87063200  0.35725100  0.25000000  1
  O  O22  1  0.48661900  0.12936800  0.25000000  1
  O  O23  1  0.64274900  0.51338100  0.25000000  1
  O  O24  1  0.86935700  0.40829600  0.75000000  1
  O  O25  1  0.53893900  0.13064300  0.75000000  1
  O  O26  1  0.59170400  0.46106100  0.75000000  1
  O  O27  1  0.13064300  0.59170400  0.25000000  1
  O  O28  1  0.46106100  0.86935700  0.25000000  1
  O  O29  1  0.40829600  0.53893900  0.25000000  1
  O  O30  1  0.90648400  0.63394600  0.91866100  1
  O  O31  1  0.72746100  0.09351600  0.91866100  1
  O  O32  1  0.36605400  0.27253900  0.91866100  1
  O  O33  1  0.09351600  0.36605400  0.41866100  1
  O  O34  1  0.27253900  0.90648400  0.41866100  1
  O  O35  1  0.63394600  0.72746100  0.41866100  1
  O  O36  1  0.09351600  0.36605400  0.08133900  1
  O  O37  1  0.27253900  0.90648400  0.08133900  1
  O  O38  1  0.63394600  0.72746100  0.08133900  1
  O  O39  1  0.90648400  0.63394600  0.58133900  1
  O  O40  1  0.72746100  0.09351600  0.58133900  1
  O  O41  1  0.36605400  0.27253900  0.58133900  1
",Rotate all surrounding atoms within 2.7869753076067934 angstrom of the center atom at index 29 by 170.53656605309197 degree around the axis [-1.  0.  0.] in the cif file. The rotation should following the right-hand rule.,,"data_image0
_chemical_formula_structural       P6Pb10I2O24
_chemical_formula_sum              ""P6 Pb10 I2 O24""
_cell_length_a       10.38867075
_cell_length_b       10.38867075
_cell_length_c       7.477628
_cell_angle_alpha    90.0
_cell_angle_beta     90.0
_cell_angle_gamma    120.00000479000002

_space_group_name_H-M_alt    ""P 1""
_space_group_IT_number       1

loop_
  _space_group_symop_operation_xyz
  'x, y, z'

loop_
  _atom_site_type_symbol
  _atom_site_label
  _atom_site_symmetry_multiplicity
  _atom_site_fract_x
  _atom_site_fract_y
  _atom_site_fract_z
  _atom_site_occupancy
  P   P1        1.0  0.9602899999999999  0.585616  0.75  1.0000
  P   P2        1.0  0.625326  0.03971  0.75  1.0000
  P   P3        1.0  0.4143839999999999  0.374674  0.75  1.0000
  P   P4        1.0  0.039709999999999974  0.414384  0.25  1.0000
  P   P5        1.0  0.3746739999999999  0.96029  0.25  1.0000
  P   P6        1.0  0.4998168194187697  0.45372766368526096  0.23291067829448184  1.0000
  Pb  Pb1       1.0  0.25740426031201813  0.5148095426132462  0.4894896544105395  1.0000
  Pb  Pb2       1.0  0.666667  0.333333  0.495387  1.0000
  Pb  Pb3       1.0  0.666667  0.333333  0.004613  1.0000
  Pb  Pb4       1.0  0.2238710932312786  0.44774321816308127  0.9735845803661773  1.0000
  Pb  Pb5       1.0  0.742951  0.725085  0.75  1.0000
  Pb  Pb6       1.0  0.982135  0.257049  0.75  1.0000
  Pb  Pb7       1.0  0.274915  0.017865  0.75  1.0000
  Pb  Pb8       1.0  0.519276451512134  0.7993698270823458  0.30222997758896264  1.0000
  Pb  Pb9       1.0  0.017864999999999995  0.742951  0.25  1.0000
  Pb  Pb10      1.0  0.725085  0.9821350000000001  0.25  1.0000
  I   I1        1.0  0.0  0.0  0.0  1.0000
  I   I2        1.0  0.0  0.0  0.5  1.0000
  O   O1        1.0  0.129368  0.642749  0.75  1.0000
  O   O2        1.0  0.513381  0.870632  0.75  1.0000
  O   O3        1.0  0.35725100000000004  0.486619  0.75  1.0000
  O   O4        1.0  0.8706319999999999  0.357251  0.25  1.0000
  O   O5        1.0  0.486619  0.129368  0.25  1.0000
  O   O6        1.0  0.668133090861994  0.5641491743726728  0.25505595615254184  1.0000
  O   O7        1.0  0.869357  0.408296  0.75  1.0000
  O   O8        1.0  0.538939  0.130643  0.75  1.0000
  O   O9        1.0  0.591704  0.461061  0.75  1.0000
  O   O10       1.0  0.13064299999999995  0.591704  0.25  1.0000
  O   O11       1.0  0.46106099999999994  0.869357  0.25  1.0000
  O   O12       1.0  0.408296  0.538939  0.25  1.0000
  O   O13       1.0  0.906484  0.633946  0.918661  1.0000
  O   O14       1.0  0.727461  0.093516  0.918661  1.0000
  O   O15       1.0  0.366054  0.272539  0.918661  1.0000
  O   O16       1.0  0.09351599999999997  0.366054  0.418661  1.0000
  O   O17       1.0  0.272539  0.906484  0.418661  1.0000
  O   O18       1.0  0.4582309139468879  0.37603087878143593  0.04634039495817805  1.0000
  O   O19       1.0  0.09351599999999997  0.366054  0.081339  1.0000
  O   O20       1.0  0.272539  0.906484  0.081339  1.0000
  O   O21       1.0  0.4351826779237709  0.32993441341004603  0.3790716900414703  1.0000
  O   O22       1.0  0.906484  0.633946  0.581339  1.0000
  O   O23       1.0  0.727461  0.093516  0.581339  1.0000
  O   O24       1.0  0.366054  0.272539  0.581339  1.0000
"
"# generated using pymatgen
data_AuCl4O3
_symmetry_space_group_name_H-M   'P 1'
_cell_length_a   11.46629300
_cell_length_b   8.21697100
_cell_length_c   11.43644285
_cell_angle_alpha   55.42365164
_cell_angle_beta   90.00000000
_cell_angle_gamma   90.00000000
_symmetry_Int_Tables_number   1
_chemical_formula_structural   AuCl4O3
_chemical_formula_sum   'Au4 Cl16 O12'
_cell_volume   887.19924576
_cell_formula_units_Z   4
loop_
 _symmetry_equiv_pos_site_id
 _symmetry_equiv_pos_as_xyz
  1  'x, y, z'
loop_
 _atom_site_type_symbol
 _atom_site_label
 _atom_site_symmetry_multiplicity
 _atom_site_fract_x
 _atom_site_fract_y
 _atom_site_fract_z
 _atom_site_occupancy
  Au  Au0  1  0.51603500  0.25559500  0.99180400  1
  Au  Au1  1  0.01603500  0.74440500  0.50819600  1
  Au  Au2  1  0.48396500  0.74440500  0.00819600  1
  Au  Au3  1  0.98396500  0.25559500  0.49180400  1
  Cl  Cl4  1  0.61662900  0.23064700  0.17841800  1
  Cl  Cl5  1  0.11662900  0.76935300  0.32158200  1
  Cl  Cl6  1  0.38337100  0.76935300  0.82158200  1
  Cl  Cl7  1  0.88337100  0.23064700  0.67841800  1
  Cl  Cl8  1  0.35501700  0.12595200  0.13506100  1
  Cl  Cl9  1  0.85501700  0.87404800  0.36493900  1
  Cl  Cl10  1  0.64498300  0.87404800  0.86493900  1
  Cl  Cl11  1  0.14498300  0.12595200  0.63506100  1
  Cl  Cl12  1  0.69165500  0.37507700  0.87659500  1
  Cl  Cl13  1  0.19165500  0.62492300  0.62340500  1
  Cl  Cl14  1  0.30834500  0.62492300  0.12340500  1
  Cl  Cl15  1  0.80834500  0.37507700  0.37659500  1
  Cl  Cl16  1  0.42215600  0.28584100  0.80171700  1
  Cl  Cl17  1  0.92215600  0.71415900  0.69828300  1
  Cl  Cl18  1  0.57784400  0.71415900  0.19828300  1
  Cl  Cl19  1  0.07784400  0.28584100  0.30171700  1
  O  O20  1  0.39120300  0.51847500  0.38745500  1
  O  O21  1  0.89120300  0.48152500  0.11254500  1
  O  O22  1  0.60879700  0.48152500  0.61254500  1
  O  O23  1  0.10879700  0.51847500  0.88745500  1
  O  O24  1  0.09346000  0.32776000  0.96837300  1
  O  O25  1  0.59346000  0.67224000  0.53162700  1
  O  O26  1  0.90654000  0.67224000  0.03162700  1
  O  O27  1  0.40654000  0.32776000  0.46837300  1
  O  O28  1  0.41117000  0.23144300  0.41139900  1
  O  O29  1  0.91117000  0.76855700  0.08860100  1
  O  O30  1  0.58883000  0.76855700  0.58860100  1
  O  O31  1  0.08883000  0.23144300  0.91139900  1
",Rotate all surrounding atoms within 1.8854643142010081 angstrom of the center atom at index 21 by 101.25100718812432 degree around the axis [ 0.  0. -1.] in the cif file. The rotation should following the right-hand rule.,,"data_image0
_chemical_formula_structural       Au4Cl16O12
_chemical_formula_sum              ""Au4 Cl16 O12""
_cell_length_a       11.466293
_cell_length_b       8.216971
_cell_length_c       11.43644285
_cell_angle_alpha    55.42365164
_cell_angle_beta     90.0
_cell_angle_gamma    90.0

_space_group_name_H-M_alt    ""P 1""
_space_group_IT_number       1

loop_
  _space_group_symop_operation_xyz
  'x, y, z'

loop_
  _atom_site_type_symbol
  _atom_site_label
  _atom_site_symmetry_multiplicity
  _atom_site_fract_x
  _atom_site_fract_y
  _atom_site_fract_z
  _atom_site_occupancy
  Au  Au1       1.0  0.516035  0.25559499999999996  0.991804  1.0000
  Au  Au2       1.0  0.016035  0.7444049999999999  0.508196  1.0000
  Au  Au3       1.0  0.4839649999999999  0.744405  0.008196  1.0000
  Au  Au4       1.0  0.983965  0.25559500000000007  0.49180399999999996  1.0000
  Cl  Cl1       1.0  0.616629  0.230647  0.178418  1.0000
  Cl  Cl2       1.0  0.116629  0.7693530000000001  0.321582  1.0000
  Cl  Cl3       1.0  0.383371  0.7693530000000001  0.821582  1.0000
  Cl  Cl4       1.0  0.883371  0.230647  0.678418  1.0000
  Cl  Cl5       1.0  0.355017  0.12595200000000004  0.135061  1.0000
  Cl  Cl6       1.0  0.855017  0.8740480000000002  0.36493899999999996  1.0000
  Cl  Cl7       1.0  0.644983  0.874048  0.864939  1.0000
  Cl  Cl8       1.0  0.144983  0.12595199999999993  0.635061  1.0000
  Cl  Cl9       1.0  0.691655  0.37507699999999994  0.876595  1.0000
  Cl  Cl10      1.0  0.191655  0.6249229999999999  0.623405  1.0000
  Cl  Cl11      1.0  0.308345  0.624923  0.12340499999999999  1.0000
  Cl  Cl12      1.0  0.808345  0.37507699999999977  0.376595  1.0000
  Cl  Cl13      1.0  0.4221559999999999  0.285841  0.801717  1.0000
  Cl  Cl14      1.0  0.922156  0.714159  0.698283  1.0000
  Cl  Cl15      1.0  0.577844  0.714159  0.198283  1.0000
  Cl  Cl16      1.0  0.077844  0.285841  0.301717  1.0000
  O   O1        1.0  0.391203  0.5184749999999998  0.387455  1.0000
  O   O2        1.0  0.891203  0.4815249999999999  0.112545  1.0000
  O   O3        1.0  0.608797  0.4815249999999999  0.612545  1.0000
  O   O4        1.0  0.108797  0.518475  0.887455  1.0000
  O   O5        1.0  0.09346  0.3277599999999999  0.968373  1.0000
  O   O6        1.0  0.59346  0.6722399999999998  0.531627  1.0000
  O   O7        1.0  0.9773326972848282  0.49970811016346656  0.03162699999999998  1.0000
  O   O8        1.0  0.40654  0.32775999999999994  0.468373  1.0000
  O   O9        1.0  0.41117  0.23144300000000004  0.411399  1.0000
  O   O10       1.0  0.91117  0.7685569999999998  0.088601  1.0000
  O   O11       1.0  0.58883  0.768557  0.588601  1.0000
  O   O12       1.0  0.08882999999999999  0.2314430000000001  0.9113989999999998  1.0000
"
"# generated using pymatgen
data_SrUP2(HO5)2
_symmetry_space_group_name_H-M   'P 1'
_cell_length_a   7.69756400
_cell_length_b   8.37369225
_cell_length_c   9.04570240
_cell_angle_alpha   102.22667121
_cell_angle_beta   108.40745479
_cell_angle_gamma   107.15491491
_symmetry_Int_Tables_number   1
_chemical_formula_structural   SrUP2(HO5)2
_chemical_formula_sum   'Sr2 U2 P4 H4 O20'
_cell_volume   497.82048900
_cell_formula_units_Z   2
loop_
 _symmetry_equiv_pos_site_id
 _symmetry_equiv_pos_as_xyz
  1  'x, y, z'
loop_
 _atom_site_type_symbol
 _atom_site_label
 _atom_site_symmetry_multiplicity
 _atom_site_fract_x
 _atom_site_fract_y
 _atom_site_fract_z
 _atom_site_occupancy
  Sr  Sr0  1  0.31302700  0.23191700  0.90415600  1
  Sr  Sr1  1  0.68697300  0.76808300  0.09584400  1
  U  U2  1  0.22937100  0.81923900  0.47194700  1
  U  U3  1  0.77062900  0.18076100  0.52805300  1
  P  P4  1  0.23929600  0.06498900  0.24480300  1
  P  P5  1  0.76070400  0.93501100  0.75519700  1
  P  P6  1  0.29557900  0.49023700  0.66042900  1
  P  P7  1  0.70442100  0.50976300  0.33957100  1
  H  H8  1  0.21329800  0.22513200  0.29428000  1
  H  H9  1  0.78670200  0.77486800  0.70572000  1
  H  H10  1  0.38192300  0.44914500  0.54884300  1
  H  H11  1  0.61807700  0.55085500  0.45115700  1
  O  O12  1  0.26828400  0.05312600  0.08535500  1
  O  O13  1  0.73171600  0.94687400  0.91464500  1
  O  O14  1  0.41902400  0.07122100  0.39189700  1
  O  O15  1  0.58097600  0.92877900  0.60810300  1
  O  O16  1  0.43937300  0.51863600  0.83418100  1
  O  O17  1  0.56062700  0.48136400  0.16581900  1
  O  O18  1  0.25475100  0.65605600  0.64156100  1
  O  O19  1  0.74524900  0.34394400  0.35843900  1
  O  O20  1  0.06320400  0.91234300  0.24035700  1
  O  O21  1  0.93679600  0.08765700  0.75964300  1
  O  O22  1  0.23841900  0.99761700  0.63565300  1
  O  O23  1  0.76158100  0.00238300  0.36434700  1
  O  O24  1  0.23599600  0.64768500  0.31504300  1
  O  O25  1  0.76400400  0.35231500  0.68495700  1
  O  O26  1  0.89675300  0.67440600  0.39243800  1
  O  O27  1  0.10324700  0.32559400  0.60756200  1
  O  O28  1  0.94520700  0.58849300  0.97747600  1
  O  O29  1  0.05479300  0.41150700  0.02252400  1
  O  O30  1  0.70124000  0.22773700  0.01090900  1
  O  O31  1  0.29876000  0.77226300  0.98909100  1
",Rotate all surrounding atoms within 3.593179427372206 angstrom of the center atom at index 14 by 312.4298886436978 degree around the axis [1. 0. 0.] in the cif file. The rotation should following the right-hand rule.,,"data_image0
_chemical_formula_structural       Sr2U2P4H4O20
_chemical_formula_sum              ""Sr2 U2 P4 H4 O20""
_cell_length_a       7.697564
_cell_length_b       8.37369225
_cell_length_c       9.0457024
_cell_angle_alpha    102.22667121
_cell_angle_beta     108.40745479
_cell_angle_gamma    107.15491490999999

_space_group_name_H-M_alt    ""P 1""
_space_group_IT_number       1

loop_
  _space_group_symop_operation_xyz
  'x, y, z'

loop_
  _atom_site_type_symbol
  _atom_site_label
  _atom_site_symmetry_multiplicity
  _atom_site_fract_x
  _atom_site_fract_y
  _atom_site_fract_z
  _atom_site_occupancy
  Sr  Sr1       1.0  0.313027  0.231917  0.904156  1.0000
  Sr  Sr2       1.0  0.686973  0.768083  0.09584399999999997  1.0000
  U   U1        1.0  0.9049820106943122  0.4460252537478591  0.9204754709683924  1.0000
  U   U2        1.0  0.7538434715416314  0.23072412215542534  0.4396159250050668  1.0000
  P   P1        1.0  0.20585107028202856  0.9449907048268128  0.2584342422240533  1.0000
  P   P2        1.0  0.760704  0.935011  0.7551969999999998  1.0000
  P   P3        1.0  0.29557899999999987  0.4902369999999998  0.6604289999999998  1.0000
  P   P4        1.0  0.7044209999999999  0.5097629999999997  0.339571  1.0000
  H   H1        1.0  0.11838805986004827  0.052421373232967215  0.1878510237456583  1.0000
  H   H2        1.0  0.7867020000000002  0.7748679999999998  0.70572  1.0000
  H   H3        1.0  0.2467908294758982  0.35853316103419297  0.26303100941119745  1.0000
  H   H4        1.0  0.6180770000000001  0.5508549999999998  0.451157  1.0000
  O   O1        1.0  0.20093511438901204  0.8060590119012856  0.1174941400884065  1.0000
  O   O2        1.0  0.7317160000000004  0.946874  0.914645  1.0000
  O   O3        1.0  0.419024  0.071221  0.391897  1.0000
  O   O4        1.0  0.2398014822359435  0.6055283759032842  0.9681943959734592  1.0000
  O   O5        1.0  0.4393729999999998  0.5186359999999999  0.8341809999999997  1.0000
  O   O6        1.0  0.560627  0.481364  0.165819  1.0000
  O   O7        1.0  0.254751  0.656056  0.641561  1.0000
  O   O8        1.0  0.6115141960279658  0.15520508351603332  0.16124175370814706  1.0000
  O   O9        1.0  0.6388082735595311  0.28959149676421403  0.6351526075236444  1.0000
  O   O10       1.0  0.9367959999999996  0.0876569999999999  0.7596429999999997  1.0000
  O   O11       1.0  0.8723743776005131  0.6569894822703407  0.9437484102153052  1.0000
  O   O12       1.0  0.7864511046354306  0.019759893632943788  0.4163429857581543  1.0000
  O   O13       1.0  0.9518022036429186  0.24358504322222393  0.8985988649626334  1.0000
  O   O14       1.0  0.7070232785930252  0.43316433268106064  0.4614925310108262  1.0000
  O   O15       1.0  0.896753  0.6744059999999997  0.3924379999999999  1.0000
  O   O16       1.0  0.103247  0.325594  0.607562  1.0000
  O   O17       1.0  0.945207  0.5884929999999998  0.9774759999999999  1.0000
  O   O18       1.0  0.05479299999999999  0.4115069999999999  0.022524  1.0000
  O   O19       1.0  0.70124  0.227737  0.010909  1.0000
  O   O20       1.0  0.29876  0.7722629999999997  0.9890909999999998  1.0000
"
"# generated using pymatgen
data_Mn7Zn4Si2(AsO12)2
_symmetry_space_group_name_H-M   'P 1'
_cell_length_a   8.65741700
_cell_length_b   9.99879772
_cell_length_c   11.67458100
_cell_angle_alpha   90.00000000
_cell_angle_beta   90.00000000
_cell_angle_gamma   115.65319503
_symmetry_Int_Tables_number   1
_chemical_formula_structural   Mn7Zn4Si2(AsO12)2
_chemical_formula_sum   'Mn14 Zn8 Si4 As4 O48'
_cell_volume   910.98221867
_cell_formula_units_Z   2
loop_
 _symmetry_equiv_pos_site_id
 _symmetry_equiv_pos_as_xyz
  1  'x, y, z'
loop_
 _atom_site_type_symbol
 _atom_site_label
 _atom_site_symmetry_multiplicity
 _atom_site_fract_x
 _atom_site_fract_y
 _atom_site_fract_z
 _atom_site_occupancy
  Mn  Mn0  1  0.50000000  0.00000000  0.50000000  1
  Mn  Mn1  1  0.00000000  0.00000000  0.00000000  1
  Mn  Mn2  1  0.66689700  0.33379300  0.50000000  1
  Mn  Mn3  1  0.16689700  0.33379300  0.00000000  1
  Mn  Mn4  1  0.33310300  0.66620700  0.50000000  1
  Mn  Mn5  1  0.83310300  0.66620700  0.00000000  1
  Mn  Mn6  1  0.84666100  0.18267400  0.36811200  1
  Mn  Mn7  1  0.33601300  0.18267400  0.63188800  1
  Mn  Mn8  1  0.83601300  0.18267400  0.86811200  1
  Mn  Mn9  1  0.34666100  0.18267400  0.13188800  1
  Mn  Mn10  1  0.15333900  0.81732600  0.63188800  1
  Mn  Mn11  1  0.66398700  0.81732600  0.36811200  1
  Mn  Mn12  1  0.16398700  0.81732600  0.13188800  1
  Mn  Mn13  1  0.65333900  0.81732600  0.86811200  1
  Zn  Zn14  1  0.31608700  0.34801800  0.38380000  1
  Zn  Zn15  1  0.03193100  0.34801800  0.61620000  1
  Zn  Zn16  1  0.53193100  0.34801800  0.88380000  1
  Zn  Zn17  1  0.81608700  0.34801800  0.11619900  1
  Zn  Zn18  1  0.68391300  0.65198200  0.61620000  1
  Zn  Zn19  1  0.96806900  0.65198200  0.38380000  1
  Zn  Zn20  1  0.46806900  0.65198200  0.11619900  1
  Zn  Zn21  1  0.18391300  0.65198200  0.88380000  1
  Si  Si22  1  0.13749500  0.50000000  0.25000000  1
  Si  Si23  1  0.36250500  0.50000000  0.75000000  1
  Si  Si24  1  0.86250500  0.50000000  0.75000000  1
  Si  Si25  1  0.63749500  0.50000000  0.25000000  1
  As  As26  1  0.12108500  0.00000000  0.36432700  1
  As  As27  1  0.87891500  0.00000000  0.63567300  1
  As  As28  1  0.37891500  0.00000000  0.86432700  1
  As  As29  1  0.62108500  0.00000000  0.13567300  1
  O  O30  1  0.76587500  0.00000000  0.51439200  1
  O  O31  1  0.23412500  0.00000000  0.48560800  1
  O  O32  1  0.73412500  0.00000000  0.01439200  1
  O  O33  1  0.26587500  0.00000000  0.98560800  1
  O  O34  1  0.08875300  0.15863600  0.36579100  1
  O  O35  1  0.06988400  0.15863600  0.63420900  1
  O  O36  1  0.56988400  0.15863600  0.86579100  1
  O  O37  1  0.58875300  0.15863600  0.13420900  1
  O  O38  1  0.91124700  0.84136400  0.63420900  1
  O  O39  1  0.93011600  0.84136400  0.36579100  1
  O  O40  1  0.43011600  0.84136400  0.13420900  1
  O  O41  1  0.41124700  0.84136400  0.86579100  1
  O  O42  1  0.73863600  0.49558600  0.36944800  1
  O  O43  1  0.75695000  0.49558600  0.63055200  1
  O  O44  1  0.25695000  0.49558600  0.86944800  1
  O  O45  1  0.23863600  0.49558600  0.13055200  1
  O  O46  1  0.26136400  0.50441400  0.63055200  1
  O  O47  1  0.24305000  0.50441400  0.36944800  1
  O  O48  1  0.74305000  0.50441400  0.13055200  1
  O  O49  1  0.76136400  0.50441400  0.86944800  1
  O  O50  1  0.74466500  0.00000000  0.25615300  1
  O  O51  1  0.25533500  0.00000000  0.74384700  1
  O  O52  1  0.75533500  0.00000000  0.75615300  1
  O  O53  1  0.24466500  0.00000000  0.24384700  1
  O  O54  1  0.95683800  0.34847600  0.24762500  1
  O  O55  1  0.39163700  0.34847600  0.75237500  1
  O  O56  1  0.89163700  0.34847600  0.74762500  1
  O  O57  1  0.45683800  0.34847600  0.25237500  1
  O  O58  1  0.04316200  0.65152400  0.75237500  1
  O  O59  1  0.60836300  0.65152400  0.24762500  1
  O  O60  1  0.10836300  0.65152400  0.25237500  1
  O  O61  1  0.54316200  0.65152400  0.74762500  1
  O  O62  1  0.88792200  0.32673200  0.48560200  1
  O  O63  1  0.43881000  0.32673200  0.51439800  1
  O  O64  1  0.93881000  0.32673200  0.98560200  1
  O  O65  1  0.38792200  0.32673200  0.01439800  1
  O  O66  1  0.11207800  0.67326800  0.51439800  1
  O  O67  1  0.56119000  0.67326800  0.48560200  1
  O  O68  1  0.06119000  0.67326800  0.01439800  1
  O  O69  1  0.61207800  0.67326800  0.98560200  1
  O  O70  1  0.61462400  0.15859900  0.39185100  1
  O  O71  1  0.54397500  0.15859900  0.60814900  1
  O  O72  1  0.04397500  0.15859900  0.89185100  1
  O  O73  1  0.11462400  0.15859900  0.10814900  1
  O  O74  1  0.38537600  0.84140100  0.60814900  1
  O  O75  1  0.45602500  0.84140100  0.39185100  1
  O  O76  1  0.95602500  0.84140100  0.10814900  1
  O  O77  1  0.88537600  0.84140100  0.89185100  1
",Rotate all surrounding atoms within 3.5481914970766706 angstrom of the center atom at index 56 by 294.00155035905834 degree around the axis [0. 0. 1.] in the cif file. The rotation should following the right-hand rule.,,"data_image0
_chemical_formula_structural       Mn14Zn8Si4As4O48
_chemical_formula_sum              ""Mn14 Zn8 Si4 As4 O48""
_cell_length_a       8.657417
_cell_length_b       9.998797720000002
_cell_length_c       11.674581
_cell_angle_alpha    90.0
_cell_angle_beta     90.0
_cell_angle_gamma    115.65319503

_space_group_name_H-M_alt    ""P 1""
_space_group_IT_number       1

loop_
  _space_group_symop_operation_xyz
  'x, y, z'

loop_
  _atom_site_type_symbol
  _atom_site_label
  _atom_site_symmetry_multiplicity
  _atom_site_fract_x
  _atom_site_fract_y
  _atom_site_fract_z
  _atom_site_occupancy
  Mn  Mn1       1.0  0.5  0.0  0.5  1.0000
  Mn  Mn2       1.0  0.0  0.0  0.0  1.0000
  Mn  Mn3       1.0  0.881637230347153  0.5332645056081482  0.5  1.0000
  Mn  Mn4       1.0  0.166897  0.333793  0.0  1.0000
  Mn  Mn5       1.0  0.3331029999999999  0.666207  0.5  1.0000
  Mn  Mn6       1.0  0.8331030000000001  0.666207  0.0  1.0000
  Mn  Mn7       1.0  0.846661  0.182674  0.368112  1.0000
  Mn  Mn8       1.0  0.336013  0.182674  0.6318880000000001  1.0000
  Mn  Mn9       1.0  0.699353021428025  0.25709937163582547  0.868112  1.0000
  Mn  Mn10      1.0  0.346661  0.182674  0.13188800000000003  1.0000
  Mn  Mn11      1.0  0.15333900000000003  0.817326  0.6318880000000001  1.0000
  Mn  Mn12      1.0  0.663987  0.817326  0.368112  1.0000
  Mn  Mn13      1.0  0.163987  0.817326  0.13188800000000003  1.0000
  Mn  Mn14      1.0  0.653339  0.817326  0.868112  1.0000
  Zn  Zn1       1.0  0.316087  0.348018  0.3838000000000001  1.0000
  Zn  Zn2       1.0  0.9185894525705142  0.1024562522224759  0.6162  1.0000
  Zn  Zn3       1.0  0.9026022909852769  0.6637205158948952  0.8838000000000003  1.0000
  Zn  Zn4       1.0  0.8160869999999999  0.348018  0.11619900000000002  1.0000
  Zn  Zn5       1.0  0.683913  0.651982  0.6162  1.0000
  Zn  Zn6       1.0  0.968069  0.651982  0.3838000000000001  1.0000
  Zn  Zn7       1.0  0.468069  0.651982  0.11619900000000002  1.0000
  Zn  Zn8       1.0  0.26950380174696  0.22609704757586147  0.8838000000000003  1.0000
  Si  Si1       1.0  0.137495  0.5  0.25  1.0000
  Si  Si2       1.0  0.362505  0.5  0.75  1.0000
  Si  Si3       1.0  0.06991934645779097  0.502151593648619  0.75  1.0000
  Si  Si4       1.0  0.637495  0.5  0.25  1.0000
  As  As1       1.0  0.121085  0.0  0.364327  1.0000
  As  As2       1.0  0.8789149999999999  0.0  0.6356730000000002  1.0000
  As  As3       1.0  0.378915  0.0  0.8643270000000001  1.0000
  As  As4       1.0  0.621085  0.0  0.135673  1.0000
  O   O1        1.0  0.765875  0.0  0.514392  1.0000
  O   O2        1.0  0.23412499999999997  0.0  0.485608  1.0000
  O   O3        1.0  0.7341249999999999  0.0  0.014392  1.0000
  O   O4        1.0  0.265875  0.0  0.9856080000000002  1.0000
  O   O5        1.0  0.088753  0.158636  0.3657910000000001  1.0000
  O   O6        1.0  0.6957142632792326  0.9090316554688636  0.634209  1.0000
  O   O7        1.0  0.6797271016939953  0.4702959191412829  0.8657910000000002  1.0000
  O   O8        1.0  0.588753  0.158636  0.134209  1.0000
  O   O9        1.0  0.911247  0.841364  0.634209  1.0000
  O   O10       1.0  0.9301159999999999  0.841364  0.3657910000000001  1.0000
  O   O11       1.0  0.430116  0.841364  0.134209  1.0000
  O   O12       1.0  0.411247  0.841364  0.8657910000000002  1.0000
  O   O13       1.0  0.7386359999999998  0.49558599999999997  0.3694480000000001  1.0000
  O   O14       1.0  0.06812804135613848  0.5910410709746856  0.630552  1.0000
  O   O15       1.0  0.08411520294137564  0.029776807302266173  0.869448  1.0000
  O   O16       1.0  0.23863599999999996  0.49558599999999997  0.130552  1.0000
  O   O17       1.0  0.09430677784672525  0.033367696162064586  0.630552  1.0000
  O   O18       1.0  0.24305  0.504414  0.3694480000000001  1.0000
  O   O19       1.0  0.74305  0.504414  0.130552  1.0000
  O   O20       1.0  0.07831961626148787  0.5946319598344838  0.869448  1.0000
  O   O21       1.0  0.744665  0.0  0.256153  1.0000
  O   O22       1.0  0.255335  0.0  0.7438470000000001  1.0000
  O   O23       1.0  0.4881223391676657  0.1734416873530205  0.756153  1.0000
  O   O24       1.0  0.244665  0.0  0.243847  1.0000
  O   O25       1.0  0.9568380000000001  0.348476  0.24762500000000004  1.0000
  O   O26       1.0  0.391637  0.348476  0.7523750000000001  1.0000
  O   O27       1.0  0.891637  0.348476  0.747625  1.0000
  O   O28       1.0  0.456838  0.348476  0.252375  1.0000
  O   O29       1.0  0.2734681548024456  0.3492147971755455  0.7523750000000001  1.0000
  O   O30       1.0  0.6083629999999999  0.651524  0.24762500000000004  1.0000
  O   O31       1.0  0.10836300000000004  0.651524  0.252375  1.0000
  O   O32       1.0  0.543162  0.651524  0.747625  1.0000
  O   O33       1.0  0.8663055765404872  0.3333513187083299  0.485602  1.0000
  O   O34       1.0  0.43881000000000003  0.326732  0.5143980000000001  1.0000
  O   O35       1.0  0.864678467182988  0.2886985504078541  0.985602  1.0000
  O   O36       1.0  0.387922  0.326732  0.014398  1.0000
  O   O37       1.0  0.11207800000000005  0.673268  0.5143980000000001  1.0000
  O   O38       1.0  0.56119  0.673268  0.485602  1.0000
  O   O39       1.0  0.061190000000000015  0.673268  0.014398  1.0000
  O   O40       1.0  0.612078  0.673268  0.985602  1.0000
  O   O41       1.0  0.614624  0.158599  0.391851  1.0000
  O   O42       1.0  0.6805122178795517  0.49299904413552803  0.608149  1.0000
  O   O43       1.0  0.6964993794647891  0.9317347804631086  0.891851  1.0000
  O   O44       1.0  0.114624  0.158599  0.108149  1.0000
  O   O45       1.0  0.38537599999999994  0.8414009999999998  0.608149  1.0000
  O   O46       1.0  0.45602499999999996  0.8414009999999998  0.391851  1.0000
  O   O47       1.0  0.956025  0.8414009999999998  0.108149  1.0000
  O   O48       1.0  0.8853759999999999  0.8414009999999998  0.891851  1.0000
"
"# generated using pymatgen
data_Pr2S3O20
_symmetry_space_group_name_H-M   'P 1'
_cell_length_a   7.39566451
_cell_length_b   7.39566451
_cell_length_c   18.24153872
_cell_angle_alpha   84.73908947
_cell_angle_beta   84.73908947
_cell_angle_gamma   54.51033786
_symmetry_Int_Tables_number   1
_chemical_formula_structural   Pr2S3O20
_chemical_formula_sum   'Pr4 S6 O40'
_cell_volume   808.04457112
_cell_formula_units_Z   2
loop_
 _symmetry_equiv_pos_site_id
 _symmetry_equiv_pos_as_xyz
  1  'x, y, z'
loop_
 _atom_site_type_symbol
 _atom_site_label
 _atom_site_symmetry_multiplicity
 _atom_site_fract_x
 _atom_site_fract_y
 _atom_site_fract_z
 _atom_site_occupancy
  Pr  Pr0  1  0.84659500  0.80625700  0.38379700  1
  Pr  Pr1  1  0.19374300  0.15340500  0.11620300  1
  Pr  Pr2  1  0.15340500  0.19374300  0.61620300  1
  Pr  Pr3  1  0.80625700  0.84659500  0.88379700  1
  S  S4  1  0.22605900  0.16734700  0.41083400  1
  S  S5  1  0.83265300  0.77394100  0.08916600  1
  S  S6  1  0.77394100  0.83265300  0.58916600  1
  S  S7  1  0.16734700  0.22605900  0.91083400  1
  S  S8  1  0.32550200  0.67449800  0.25000000  1
  S  S9  1  0.67449800  0.32550200  0.75000000  1
  O  O10  1  0.22656100  0.08703400  0.48907200  1
  O  O11  1  0.91296600  0.77343900  0.01092800  1
  O  O12  1  0.77343900  0.91296600  0.51092800  1
  O  O13  1  0.08703400  0.22656100  0.98907200  1
  O  O14  1  0.07274600  0.41406000  0.40797500  1
  O  O15  1  0.58594000  0.92725400  0.09202500  1
  O  O16  1  0.92725400  0.58594000  0.59202500  1
  O  O17  1  0.41406000  0.07274600  0.90797500  1
  O  O18  1  0.16284700  0.06671100  0.36115300  1
  O  O19  1  0.93328900  0.83715300  0.13884700  1
  O  O20  1  0.83715300  0.93328900  0.63884700  1
  O  O21  1  0.06671100  0.16284700  0.86115300  1
  O  O22  1  0.45538900  0.09812900  0.38608200  1
  O  O23  1  0.90187100  0.54461100  0.11391800  1
  O  O24  1  0.54461100  0.90187100  0.61391800  1
  O  O25  1  0.09812900  0.45538900  0.88608200  1
  O  O26  1  0.40704500  0.50013300  0.19503200  1
  O  O27  1  0.49986700  0.59295500  0.30496800  1
  O  O28  1  0.59295500  0.49986700  0.80496800  1
  O  O29  1  0.50013300  0.40704500  0.69503200  1
  O  O30  1  0.11979100  0.72186100  0.29033000  1
  O  O31  1  0.27813900  0.88020900  0.20967000  1
  O  O32  1  0.88020900  0.27813900  0.70967000  1
  O  O33  1  0.72186100  0.11979100  0.79033000  1
  O  O34  1  0.82881500  0.15562500  0.37663700  1
  O  O35  1  0.84437500  0.17118500  0.12336300  1
  O  O36  1  0.17118500  0.84437500  0.62336300  1
  O  O37  1  0.15562500  0.82881500  0.87663700  1
  O  O38  1  0.66597400  0.75218300  0.29203600  1
  O  O39  1  0.24781700  0.33402600  0.20796400  1
  O  O40  1  0.33402600  0.24781700  0.70796400  1
  O  O41  1  0.75218300  0.66597400  0.79203600  1
  O  O42  1  0.24675100  0.63972100  0.46277800  1
  O  O43  1  0.36027900  0.75324900  0.03722200  1
  O  O44  1  0.75324900  0.36027900  0.53722200  1
  O  O45  1  0.63972100  0.24675100  0.96277800  1
  O  O46  1  0.66815300  0.52646000  0.49491800  1
  O  O47  1  0.47354000  0.33184700  0.00508200  1
  O  O48  1  0.33184700  0.47354000  0.50508200  1
  O  O49  1  0.52646000  0.66815300  0.99491800  1
",Rotate all surrounding atoms within 3.463598892941053 angstrom of the center atom at index 36 by 301.3337311995358 degree around the axis [1. 0. 0.] in the cif file. The rotation should following the right-hand rule.,,"data_image0
_chemical_formula_structural       Pr4S6O40
_chemical_formula_sum              ""Pr4 S6 O40""
_cell_length_a       7.39566451
_cell_length_b       7.3956645100000005
_cell_length_c       18.24153872
_cell_angle_alpha    84.73908947
_cell_angle_beta     84.73908947
_cell_angle_gamma    54.51033786000001

_space_group_name_H-M_alt    ""P 1""
_space_group_IT_number       1

loop_
  _space_group_symop_operation_xyz
  'x, y, z'

loop_
  _atom_site_type_symbol
  _atom_site_label
  _atom_site_symmetry_multiplicity
  _atom_site_fract_x
  _atom_site_fract_y
  _atom_site_fract_z
  _atom_site_occupancy
  Pr  Pr1       1.0  0.846595  0.8062569999999999  0.383797  1.0000
  Pr  Pr2       1.0  0.1937430000000001  0.15340500000000004  0.11620300000000001  1.0000
  Pr  Pr3       1.0  0.9555923446415941  0.461172015760796  0.8043683709242279  1.0000
  Pr  Pr4       1.0  0.8062569999999999  0.846595  0.883797  1.0000
  S   S1        1.0  0.2260590000000001  0.16734699999999997  0.41083400000000003  1.0000
  S   S2        1.0  0.8326530000000001  0.773941  0.08916600000000002  1.0000
  S   S3        1.0  0.8173846451342207  0.7495930385583532  0.6102898009322139  1.0000
  S   S4        1.0  0.16734699999999994  0.22605900000000007  0.910834  1.0000
  S   S5        1.0  0.325502  0.674498  0.25  1.0000
  S   S6        1.0  0.6744980000000002  0.3255019999999999  0.75  1.0000
  O   O1        1.0  0.170102244374854  0.07341960745950264  0.7736635164617246  1.0000
  O   O2        1.0  0.9129660000000003  0.7734389999999999  0.010928000000000002  1.0000
  O   O3        1.0  0.773439  0.912966  0.510928  1.0000
  O   O4        1.0  0.087034  0.22656099999999998  0.9890720000000001  1.0000
  O   O5        1.0  0.072746  0.41406  0.40797500000000003  1.0000
  O   O6        1.0  0.5859399999999999  0.927254  0.092025  1.0000
  O   O7        1.0  0.8879980285910121  0.6186644565411175  0.6815976968633055  1.0000
  O   O8        1.0  0.41406000000000004  0.072746  0.907975  1.0000
  O   O9        1.0  0.16284700000000002  0.066711  0.361153  1.0000
  O   O10       1.0  0.933289  0.837153  0.138847  1.0000
  O   O11       1.0  0.8441707305692657  0.9341595719611014  0.6055820108549916  1.0000
  O   O12       1.0  0.06671099999999998  0.162847  0.861153  1.0000
  O   O13       1.0  0.455389  0.09812899999999998  0.386082  1.0000
  O   O14       1.0  0.9018710000000001  0.544611  0.11391800000000002  1.0000
  O   O15       1.0  0.5759969831427757  0.8522430566461443  0.6025357845555964  1.0000
  O   O16       1.0  0.09812900000000008  0.455389  0.886082  1.0000
  O   O17       1.0  0.407045  0.500133  0.195032  1.0000
  O   O18       1.0  0.499867  0.592955  0.3049680000000001  1.0000
  O   O19       1.0  0.592955  0.4998669999999999  0.804968  1.0000
  O   O20       1.0  0.2616404016472143  0.784084252748092  0.7816978229870679  1.0000
  O   O21       1.0  0.11979099999999998  0.721861  0.29033000000000003  1.0000
  O   O22       1.0  0.278139  0.880209  0.20967000000000005  1.0000
  O   O23       1.0  0.5803698329536173  0.7495801860789555  0.8252578688332186  1.0000
  O   O24       1.0  0.721861  0.119791  0.79033  1.0000
  O   O25       1.0  0.8288150000000001  0.155625  0.376637  1.0000
  O   O26       1.0  0.844375  0.171185  0.123363  1.0000
  O   O27       1.0  0.17118500000000003  0.844375  0.6233630000000001  1.0000
  O   O28       1.0  0.1556250000000001  0.8288149999999999  0.876637  1.0000
  O   O29       1.0  0.6659739999999998  0.752183  0.292036  1.0000
  O   O30       1.0  0.24781699999999998  0.334026  0.207964  1.0000
  O   O31       1.0  0.334026  0.24781699999999993  0.7079640000000003  1.0000
  O   O32       1.0  0.752183  0.665974  0.792036  1.0000
  O   O33       1.0  0.402999584899844  0.3154219630205589  0.6043833032878797  1.0000
  O   O34       1.0  0.3602790000000001  0.753249  0.037222  1.0000
  O   O35       1.0  0.7532490000000004  0.360279  0.537222  1.0000
  O   O36       1.0  0.639721  0.24675099999999994  0.962778  1.0000
  O   O37       1.0  0.668153  0.52646  0.4949180000000001  1.0000
  O   O38       1.0  0.47354  0.331847  0.005082  1.0000
  O   O39       1.0  0.3766763107113825  0.3313862823710326  0.6717746483570883  1.0000
  O   O40       1.0  0.5264599999999999  0.668153  0.9949180000000001  1.0000
"
"# generated using pymatgen
data_ScGe2Ru
_symmetry_space_group_name_H-M   'P 1'
_cell_length_a   8.17721600
_cell_length_b   9.37219400
_cell_length_c   10.43154100
_cell_angle_alpha   90.00000000
_cell_angle_beta   90.00000000
_cell_angle_gamma   90.00000000
_symmetry_Int_Tables_number   1
_chemical_formula_structural   ScGe2Ru
_chemical_formula_sum   'Sc12 Ge24 Ru12'
_cell_volume   799.45718271
_cell_formula_units_Z   12
loop_
 _symmetry_equiv_pos_site_id
 _symmetry_equiv_pos_as_xyz
  1  'x, y, z'
loop_
 _atom_site_type_symbol
 _atom_site_label
 _atom_site_symmetry_multiplicity
 _atom_site_fract_x
 _atom_site_fract_y
 _atom_site_fract_z
 _atom_site_occupancy
  Sc  Sc0  1  0.24088200  0.82426700  0.45009200  1
  Sc  Sc1  1  0.24088200  0.17573300  0.54990800  1
  Sc  Sc2  1  0.75911800  0.32426700  0.04990800  1
  Sc  Sc3  1  0.75911800  0.67573300  0.95009200  1
  Sc  Sc4  1  0.75911800  0.17573300  0.54990800  1
  Sc  Sc5  1  0.75911800  0.82426700  0.45009200  1
  Sc  Sc6  1  0.24088200  0.67573300  0.95009200  1
  Sc  Sc7  1  0.24088200  0.32426700  0.04990800  1
  Sc  Sc8  1  0.00000000  0.83549400  0.17836000  1
  Sc  Sc9  1  0.00000000  0.16450600  0.82164000  1
  Sc  Sc10  1  0.00000000  0.33549400  0.32164000  1
  Sc  Sc11  1  0.00000000  0.66450600  0.67836000  1
  Ge  Ge12  1  0.34492000  0.83920100  0.18023600  1
  Ge  Ge13  1  0.34492000  0.16079900  0.81976400  1
  Ge  Ge14  1  0.65508000  0.33920100  0.31976400  1
  Ge  Ge15  1  0.65508000  0.66079900  0.68023600  1
  Ge  Ge16  1  0.65508000  0.16079900  0.81976400  1
  Ge  Ge17  1  0.65508000  0.83920100  0.18023600  1
  Ge  Ge18  1  0.34492000  0.66079900  0.68023600  1
  Ge  Ge19  1  0.34492000  0.33920100  0.31976400  1
  Ge  Ge20  1  0.50000000  0.53732000  0.11714100  1
  Ge  Ge21  1  0.50000000  0.46268000  0.88285900  1
  Ge  Ge22  1  0.50000000  0.03732000  0.38285900  1
  Ge  Ge23  1  0.50000000  0.96268000  0.61714100  1
  Ge  Ge24  1  0.00000000  0.53674600  0.11750300  1
  Ge  Ge25  1  0.00000000  0.46325400  0.88249700  1
  Ge  Ge26  1  0.00000000  0.03674600  0.38249700  1
  Ge  Ge27  1  0.00000000  0.96325400  0.61750300  1
  Ge  Ge28  1  0.50000000  0.63026500  0.40446800  1
  Ge  Ge29  1  0.50000000  0.36973500  0.59553200  1
  Ge  Ge30  1  0.50000000  0.13026500  0.09553200  1
  Ge  Ge31  1  0.50000000  0.86973500  0.90446800  1
  Ge  Ge32  1  0.00000000  0.63273600  0.39833400  1
  Ge  Ge33  1  0.00000000  0.36726400  0.60166600  1
  Ge  Ge34  1  0.00000000  0.13273600  0.10166600  1
  Ge  Ge35  1  0.00000000  0.86726400  0.89833400  1
  Ru  Ru36  1  0.24915400  0.58885900  0.23818300  1
  Ru  Ru37  1  0.24915400  0.41114100  0.76181700  1
  Ru  Ru38  1  0.75084600  0.08885900  0.26181700  1
  Ru  Ru39  1  0.75084600  0.91114100  0.73818300  1
  Ru  Ru40  1  0.75084600  0.41114100  0.76181700  1
  Ru  Ru41  1  0.75084600  0.58885900  0.23818300  1
  Ru  Ru42  1  0.24915400  0.91114100  0.73818300  1
  Ru  Ru43  1  0.24915400  0.08885900  0.26181700  1
  Ru  Ru44  1  0.24632800  0.50000000  0.50000000  1
  Ru  Ru45  1  0.75367200  0.00000000  0.00000000  1
  Ru  Ru46  1  0.75367200  0.50000000  0.50000000  1
  Ru  Ru47  1  0.24632800  0.00000000  0.00000000  1
",Rotate all surrounding atoms within 2.597023933731219 angstrom of the center atom at index 45 by 179.75671061124888 degree around the axis [ 0.  0. -1.] in the cif file. The rotation should following the right-hand rule.,,"data_image0
_chemical_formula_structural       Sc12Ge24Ru12
_chemical_formula_sum              ""Sc12 Ge24 Ru12""
_cell_length_a       8.177216
_cell_length_b       9.372194
_cell_length_c       10.431541
_cell_angle_alpha    90.0
_cell_angle_beta     90.0
_cell_angle_gamma    90.0

_space_group_name_H-M_alt    ""P 1""
_space_group_IT_number       1

loop_
  _space_group_symop_operation_xyz
  'x, y, z'

loop_
  _atom_site_type_symbol
  _atom_site_label
  _atom_site_symmetry_multiplicity
  _atom_site_fract_x
  _atom_site_fract_y
  _atom_site_fract_z
  _atom_site_occupancy
  Sc  Sc1       1.0  0.240882  0.824267  0.45009200000000005  1.0000
  Sc  Sc2       1.0  0.240882  0.175733  0.5499080000000001  1.0000
  Sc  Sc3       1.0  0.759118  0.324267  0.049908000000000015  1.0000
  Sc  Sc4       1.0  0.759118  0.675733  0.9500920000000002  1.0000
  Sc  Sc5       1.0  0.759118  0.175733  0.5499080000000001  1.0000
  Sc  Sc6       1.0  0.759118  0.824267  0.45009200000000005  1.0000
  Sc  Sc7       1.0  0.240882  0.675733  0.9500920000000002  1.0000
  Sc  Sc8       1.0  0.240882  0.324267  0.049908000000000015  1.0000
  Sc  Sc9       1.0  0.0  0.835494  0.17836  1.0000
  Sc  Sc10      1.0  0.0  0.164506  0.8216400000000001  1.0000
  Sc  Sc11      1.0  0.0  0.335494  0.32164  1.0000
  Sc  Sc12      1.0  0.0  0.664506  0.6783600000000001  1.0000
  Ge  Ge1       1.0  0.34492  0.839201  0.180236  1.0000
  Ge  Ge2       1.0  0.34492  0.160799  0.819764  1.0000
  Ge  Ge3       1.0  0.65508  0.339201  0.3197640000000001  1.0000
  Ge  Ge4       1.0  0.65508  0.6607990000000001  0.680236  1.0000
  Ge  Ge5       1.0  0.8530456724950477  0.8395677121347654  0.8197639999999998  1.0000
  Ge  Ge6       1.0  0.8563472549605021  0.1611718279948473  0.180236  1.0000
  Ge  Ge7       1.0  0.34492  0.6607990000000001  0.680236  1.0000
  Ge  Ge8       1.0  0.34492  0.339201  0.3197640000000001  1.0000
  Ge  Ge9       1.0  0.5  0.53732  0.11714100000000002  1.0000
  Ge  Ge10      1.0  0.5  0.46268  0.8828590000000001  1.0000
  Ge  Ge11      1.0  0.5  0.03732  0.382859  1.0000
  Ge  Ge12      1.0  0.5  0.9626800000000001  0.6171410000000002  1.0000
  Ge  Ge13      1.0  0.0  0.536746  0.11750300000000002  1.0000
  Ge  Ge14      1.0  0.0  0.46325400000000005  0.882497  1.0000
  Ge  Ge15      1.0  0.0  0.036746  0.38249700000000003  1.0000
  Ge  Ge16      1.0  0.0  0.9632540000000002  0.6175030000000001  1.0000
  Ge  Ge17      1.0  0.5  0.630265  0.404468  1.0000
  Ge  Ge18      1.0  0.5  0.369735  0.595532  1.0000
  Ge  Ge19      1.0  0.5  0.130265  0.09553200000000002  1.0000
  Ge  Ge20      1.0  0.5  0.869735  0.9044680000000003  1.0000
  Ge  Ge21      1.0  0.0  0.632736  0.3983340000000001  1.0000
  Ge  Ge22      1.0  0.0  0.367264  0.601666  1.0000
  Ge  Ge23      1.0  0.5079831925401679  0.8700573920500312  0.10166599999999999  1.0000
  Ge  Ge24      1.0  0.51155792369542  0.13553601389146785  0.8983339999999999  1.0000
  Ru  Ru1       1.0  0.24915399999999996  0.588859  0.23818300000000003  1.0000
  Ru  Ru2       1.0  0.24915399999999996  0.411141  0.7618170000000001  1.0000
  Ru  Ru3       1.0  0.750846  0.088859  0.261817  1.0000
  Ru  Ru4       1.0  0.750846  0.911141  0.738183  1.0000
  Ru  Ru5       1.0  0.750846  0.411141  0.7618170000000001  1.0000
  Ru  Ru6       1.0  0.750846  0.588859  0.23818300000000003  1.0000
  Ru  Ru7       1.0  0.24915399999999996  0.911141  0.738183  1.0000
  Ru  Ru8       1.0  0.24915399999999996  0.088859  0.261817  1.0000
  Ru  Ru9       1.0  0.24632799999999996  0.5  0.5  1.0000
  Ru  Ru10      1.0  0.753672  0.0  0.0  1.0000
  Ru  Ru11      1.0  0.753672  0.5  0.5  1.0000
  Ru  Ru12      1.0  0.24632799999999996  0.0  0.0  1.0000
"
"# generated using pymatgen
data_KS3
_symmetry_space_group_name_H-M   'P 1'
_cell_length_a   6.49783750
_cell_length_b   11.94969858
_cell_length_c   12.02538719
_cell_angle_alpha   90.00000000
_cell_angle_beta   104.72469726
_cell_angle_gamma   90.00000000
_symmetry_Int_Tables_number   1
_chemical_formula_structural   KS3
_chemical_formula_sum   'K8 S24'
_cell_volume   903.07208949
_cell_formula_units_Z   8
loop_
 _symmetry_equiv_pos_site_id
 _symmetry_equiv_pos_as_xyz
  1  'x, y, z'
loop_
 _atom_site_type_symbol
 _atom_site_label
 _atom_site_symmetry_multiplicity
 _atom_site_fract_x
 _atom_site_fract_y
 _atom_site_fract_z
 _atom_site_occupancy
  K  K0  1  0.80204762  0.63818096  0.01946372  1
  K  K1  1  0.30204762  0.86181904  0.51946372  1
  K  K2  1  0.19795238  0.36181904  0.98053628  1
  K  K3  1  0.69795238  0.13818096  0.48053628  1
  K  K4  1  0.71456674  0.61493062  0.41718328  1
  K  K5  1  0.21456674  0.88506938  0.91718328  1
  K  K6  1  0.28543326  0.38506938  0.58281672  1
  K  K7  1  0.78543326  0.11493062  0.08281672  1
  S  S8  1  0.70370919  0.37419769  0.99466728  1
  S  S9  1  0.20370919  0.12580231  0.49466728  1
  S  S10  1  0.29629081  0.62580231  0.00533272  1
  S  S11  1  0.79629081  0.87419769  0.50533272  1
  S  S12  1  0.68978375  0.41735216  0.15717635  1
  S  S13  1  0.18978375  0.08264784  0.65717635  1
  S  S14  1  0.31021625  0.58264784  0.84282365  1
  S  S15  1  0.81021625  0.91735216  0.34282365  1
  S  S16  1  0.89761556  0.32594700  0.27696648  1
  S  S17  1  0.39761556  0.17405300  0.77696648  1
  S  S18  1  0.10238444  0.67405300  0.72303352  1
  S  S19  1  0.60238444  0.82594700  0.22303352  1
  S  S20  1  0.21286413  0.38611033  0.27307700  1
  S  S21  1  0.71286413  0.11388967  0.77307700  1
  S  S22  1  0.78713587  0.61388967  0.72692300  1
  S  S23  1  0.28713587  0.88611033  0.22692300  1
  S  S24  1  0.20234362  0.55507662  0.27639591  1
  S  S25  1  0.70234362  0.94492338  0.77639591  1
  S  S26  1  0.79765638  0.44492338  0.72360409  1
  S  S27  1  0.29765638  0.05507662  0.22360409  1
  S  S28  1  0.21937660  0.61086961  0.43877878  1
  S  S29  1  0.71937660  0.88913039  0.93877878  1
  S  S30  1  0.78062340  0.38913039  0.56122122  1
  S  S31  1  0.28062340  0.11086961  0.06122122  1
",Rotate all surrounding atoms within 3.000569274128458 angstrom of the center atom at index 22 by 242.49977716535344 degree around the axis [0. 1. 0.] in the cif file. The rotation should following the right-hand rule.,,"data_image0
_chemical_formula_structural       K8S24
_chemical_formula_sum              ""K8 S24""
_cell_length_a       6.4978375
_cell_length_b       11.94969858
_cell_length_c       12.02538719
_cell_angle_alpha    90.0
_cell_angle_beta     104.72469726
_cell_angle_gamma    90.0

_space_group_name_H-M_alt    ""P 1""
_space_group_IT_number       1

loop_
  _space_group_symop_operation_xyz
  'x, y, z'

loop_
  _atom_site_type_symbol
  _atom_site_label
  _atom_site_symmetry_multiplicity
  _atom_site_fract_x
  _atom_site_fract_y
  _atom_site_fract_z
  _atom_site_occupancy
  K   K1        1.0  0.8020476200000002  0.63818096  0.01946372  1.0000
  K   K2        1.0  0.3020476200000001  0.8618190399999999  0.51946372  1.0000
  K   K3        1.0  0.19795238000000007  0.36181904  0.98053628  1.0000
  K   K4        1.0  0.6979523800000001  0.13818096  0.48053628  1.0000
  K   K5        1.0  0.71456674  0.61493062  0.41718328  1.0000
  K   K6        1.0  0.21456674  0.88506938  0.9171832800000002  1.0000
  K   K7        1.0  0.28543326  0.38506937999999996  0.58281672  1.0000
  K   K8        1.0  0.78543326  0.11493062  0.08281672000000001  1.0000
  S   S1        1.0  0.7037091900000002  0.37419769  0.9946672800000002  1.0000
  S   S2        1.0  0.20370919  0.12580231  0.49466728  1.0000
  S   S3        1.0  0.29629081000000007  0.62580231  0.005332720000000001  1.0000
  S   S4        1.0  0.7962908100000001  0.8741976899999999  0.50533272  1.0000
  S   S5        1.0  0.68978375  0.41735216  0.15717635000000002  1.0000
  S   S6        1.0  0.18978375000000006  0.08264784  0.65717635  1.0000
  S   S7        1.0  0.3102162500000001  0.58264784  0.8428236500000001  1.0000
  S   S8        1.0  0.8102162500000001  0.91735216  0.34282365  1.0000
  S   S9        1.0  0.8976155600000001  0.325947  0.27696648  1.0000
  S   S10       1.0  0.39761556000000015  0.174053  0.7769664800000002  1.0000
  S   S11       1.0  0.9502996949759617  0.674053  0.3902870943276702  1.0000
  S   S12       1.0  0.60238444  0.8259469999999999  0.22303352  1.0000
  S   S13       1.0  0.21286413000000004  0.38611032999999995  0.273077  1.0000
  S   S14       1.0  0.7128641300000002  0.11388966999999998  0.773077  1.0000
  S   S15       1.0  0.7871358700000002  0.61388967  0.726923  1.0000
  S   S16       1.0  0.2871358700000001  0.8861103299999998  0.22692300000000004  1.0000
  S   S17       1.0  0.20234362  0.55507662  0.27639591  1.0000
  S   S18       1.0  0.7023436200000001  0.94492338  0.77639591  1.0000
  S   S19       1.0  0.7903636643933566  0.44492338  0.7344427807665103  1.0000
  S   S20       1.0  0.29765638000000005  0.05507662  0.22360409  1.0000
  S   S21       1.0  0.21937660000000006  0.61086961  0.43877878  1.0000
  S   S22       1.0  0.7193766000000003  0.88913039  0.9387787800000001  1.0000
  S   S23       1.0  0.7806234000000001  0.38913039  0.56122122  1.0000
  S   S24       1.0  0.2806234  0.11086961  0.06122122000000001  1.0000
"
"# generated using pymatgen
data_K2Cd(BH4)4
_symmetry_space_group_name_H-M   'P 1'
_cell_length_a   7.83188454
_cell_length_b   10.45015000
_cell_length_c   13.77012160
_cell_angle_alpha   90.00000000
_cell_angle_beta   98.14585689
_cell_angle_gamma   90.00000000
_symmetry_Int_Tables_number   1
_chemical_formula_structural   K2Cd(BH4)4
_chemical_formula_sum   'K8 Cd4 B16 H64'
_cell_volume   1115.63604483
_cell_formula_units_Z   4
loop_
 _symmetry_equiv_pos_site_id
 _symmetry_equiv_pos_as_xyz
  1  'x, y, z'
loop_
 _atom_site_type_symbol
 _atom_site_label
 _atom_site_symmetry_multiplicity
 _atom_site_fract_x
 _atom_site_fract_y
 _atom_site_fract_z
 _atom_site_occupancy
  K  K0  1  0.74612000  0.88719800  0.99199800  1
  K  K1  1  0.24612000  0.61280200  0.49199800  1
  K  K2  1  0.25388000  0.11280200  0.00800200  1
  K  K3  1  0.75388000  0.38719800  0.50800200  1
  K  K4  1  0.20560500  0.07703700  0.33813300  1
  K  K5  1  0.70560500  0.42296300  0.83813300  1
  K  K6  1  0.79439500  0.92296300  0.66186700  1
  K  K7  1  0.29439500  0.57703700  0.16186700  1
  Cd  Cd8  1  0.79605800  0.34146700  0.18578300  1
  Cd  Cd9  1  0.29605800  0.15853300  0.68578300  1
  Cd  Cd10  1  0.20394200  0.65853300  0.81421700  1
  Cd  Cd11  1  0.70394200  0.84146700  0.31421700  1
  B  B12  1  0.48271000  0.89623200  0.15944700  1
  B  B13  1  0.98271000  0.60376800  0.65944700  1
  B  B14  1  0.51729000  0.10376800  0.84055300  1
  B  B15  1  0.01729000  0.39623200  0.34055300  1
  B  B16  1  0.25772900  0.96923300  0.56650500  1
  B  B17  1  0.75772900  0.53076700  0.06650500  1
  B  B18  1  0.74227100  0.03076700  0.43349500  1
  B  B19  1  0.24227100  0.46923300  0.93349500  1
  B  B20  1  0.98755400  0.19677600  0.71916900  1
  B  B21  1  0.48755400  0.30322400  0.21916900  1
  B  B22  1  0.01244600  0.80322400  0.28083100  1
  B  B23  1  0.51244600  0.69677600  0.78083100  1
  B  B24  1  0.07301000  0.84134500  0.91054600  1
  B  B25  1  0.57301000  0.65865500  0.41054600  1
  B  B26  1  0.92699000  0.15865500  0.08945400  1
  B  B27  1  0.42699000  0.34134500  0.58945400  1
  H  H28  1  0.37347400  0.97561200  0.17059700  1
  H  H29  1  0.87347400  0.52438800  0.67059700  1
  H  H30  1  0.62652600  0.02438800  0.82940300  1
  H  H31  1  0.12652600  0.47561200  0.32940300  1
  H  H32  1  0.46592600  0.81065600  0.22040900  1
  H  H33  1  0.96592600  0.68934400  0.72040900  1
  H  H34  1  0.53407400  0.18934400  0.77959100  1
  H  H35  1  0.03407400  0.31065600  0.27959100  1
  H  H36  1  0.46235700  0.84504800  0.07918000  1
  H  H37  1  0.96235700  0.65495200  0.57918000  1
  H  H38  1  0.53764300  0.15495200  0.92082000  1
  H  H39  1  0.03764300  0.34504800  0.42082000  1
  H  H40  1  0.62435400  0.95100200  0.17270400  1
  H  H41  1  0.12435400  0.54899800  0.67270400  1
  H  H42  1  0.37564600  0.04899800  0.82729600  1
  H  H43  1  0.87564600  0.45100200  0.32729600  1
  H  H44  1  0.34876500  0.90408000  0.52097100  1
  H  H45  1  0.84876500  0.59592000  0.02097100  1
  H  H46  1  0.65123500  0.09592000  0.47902900  1
  H  H47  1  0.15123500  0.40408000  0.97902900  1
  H  H48  1  0.34628400  0.97600500  0.64997600  1
  H  H49  1  0.84628400  0.52399500  0.14997600  1
  H  H50  1  0.65371600  0.02399500  0.35002400  1
  H  H51  1  0.15371600  0.47600500  0.85002400  1
  H  H52  1  0.23342600  0.07425300  0.52630200  1
  H  H53  1  0.73342600  0.42574700  0.02630200  1
  H  H54  1  0.76657400  0.92574700  0.47369800  1
  H  H55  1  0.26657400  0.57425300  0.97369800  1
  H  H56  1  0.12020700  0.92018800  0.57578800  1
  H  H57  1  0.62020800  0.57981200  0.07578800  1
  H  H58  1  0.87979200  0.07981200  0.42421200  1
  H  H59  1  0.37979200  0.42018800  0.92421200  1
  H  H60  1  0.11852400  0.23704600  0.77334500  1
  H  H61  1  0.61852400  0.26295400  0.27334500  1
  H  H62  1  0.88147600  0.76295400  0.22665500  1
  H  H63  1  0.38147600  0.73704600  0.72665500  1
  H  H64  1  0.01591300  0.15154900  0.63967200  1
  H  H65  1  0.51591300  0.34845100  0.13967200  1
  H  H66  1  0.98408700  0.84845100  0.36032800  1
  H  H67  1  0.48408700  0.65154900  0.86032800  1
  H  H68  1  0.92255100  0.11693700  0.76563000  1
  H  H69  1  0.42255100  0.38306300  0.26563000  1
  H  H70  1  0.07744900  0.88306300  0.23437000  1
  H  H71  1  0.57744900  0.61693700  0.73437000  1
  H  H72  1  0.89660000  0.29092900  0.69945700  1
  H  H73  1  0.39660000  0.20907100  0.19945700  1
  H  H74  1  0.10340000  0.70907100  0.30054300  1
  H  H75  1  0.60340000  0.79092900  0.80054300  1
  H  H76  1  0.98777800  0.93110000  0.87266500  1
  H  H77  1  0.48777800  0.56890000  0.37266500  1
  H  H78  1  0.01222200  0.06890000  0.12733500  1
  H  H79  1  0.51222200  0.43110000  0.62733500  1
  H  H80  1  0.12091800  0.85698000  0.99791400  1
  H  H81  1  0.62091800  0.64302000  0.49791400  1
  H  H82  1  0.87908200  0.14302000  0.00208600  1
  H  H83  1  0.37908200  0.35698000  0.50208600  1
  H  H84  1  0.98562900  0.74310600  0.90024000  1
  H  H85  1  0.48562900  0.75689400  0.40024000  1
  H  H86  1  0.01437100  0.25689400  0.09976000  1
  H  H87  1  0.51437100  0.24310600  0.59976000  1
  H  H88  1  0.20617900  0.83996000  0.87027600  1
  H  H89  1  0.70617900  0.66004000  0.37027600  1
  H  H90  1  0.79382100  0.16004000  0.12972400  1
  H  H91  1  0.29382100  0.33996000  0.62972400  1
",Rotate all surrounding atoms within 3.7083220265379033 angstrom of the center atom at index 60 by 311.18922807024666 degree around the axis [0. 1. 0.] in the cif file. The rotation should following the right-hand rule.,,"data_image0
_chemical_formula_structural       K8Cd4B16H64
_chemical_formula_sum              ""K8 Cd4 B16 H64""
_cell_length_a       7.83188454
_cell_length_b       10.45015
_cell_length_c       13.7701216
_cell_angle_alpha    90.0
_cell_angle_beta     98.14585689
_cell_angle_gamma    90.0

_space_group_name_H-M_alt    ""P 1""
_space_group_IT_number       1

loop_
  _space_group_symop_operation_xyz
  'x, y, z'

loop_
  _atom_site_type_symbol
  _atom_site_label
  _atom_site_symmetry_multiplicity
  _atom_site_fract_x
  _atom_site_fract_y
  _atom_site_fract_z
  _atom_site_occupancy
  K   K1        1.0  0.74612  0.887198  0.991998  1.0000
  K   K2        1.0  0.24612000000000006  0.612802  0.4919980000000001  1.0000
  K   K3        1.0  0.2452068975504509  0.11280199999999999  0.41029478072105435  1.0000
  K   K4        1.0  0.75388  0.387198  0.508002  1.0000
  K   K5        1.0  0.20560500000000004  0.077037  0.33813300000000013  1.0000
  K   K6        1.0  0.7056050000000001  0.422963  0.8381330000000002  1.0000
  K   K7        1.0  0.794395  0.922963  0.6618670000000001  1.0000
  K   K8        1.0  0.294395  0.577037  0.161867  1.0000
  Cd  Cd1       1.0  0.7960580000000003  0.341467  0.185783  1.0000
  Cd  Cd2       1.0  0.37159819467893707  0.158533  0.8018745181881732  1.0000
  Cd  Cd3       1.0  0.2039420000000001  0.658533  0.8142170000000001  1.0000
  Cd  Cd4       1.0  0.7039420000000002  0.841467  0.314217  1.0000
  B   B1        1.0  0.4827100000000001  0.896232  0.15944700000000006  1.0000
  B   B2        1.0  0.9827100000000004  0.603768  0.6594470000000002  1.0000
  B   B3        1.0  0.3342534804382305  0.10376799999999999  0.9827820457925596  1.0000
  B   B4        1.0  0.01729  0.396232  0.340553  1.0000
  B   B5        1.0  0.2577290000000001  0.9692329999999999  0.566505  1.0000
  B   B6        1.0  0.7577290000000002  0.530767  0.066505  1.0000
  B   B7        1.0  0.7422710000000002  0.030767  0.43349500000000013  1.0000
  B   B8        1.0  0.9992890168484527  0.469233  0.9150658433242777  1.0000
  B   B9        1.0  0.8568431257540552  0.19677599999999998  0.11925072110259594  1.0000
  B   B10       1.0  0.4875540000000001  0.303224  0.21916900000000006  1.0000
  B   B11       1.0  0.012445999999999997  0.803224  0.280831  1.0000
  B   B12       1.0  0.512446  0.696776  0.780831  1.0000
  B   B13       1.0  0.07301  0.8413449999999999  0.910546  1.0000
  B   B14       1.0  0.57301  0.658655  0.410546  1.0000
  B   B15       1.0  0.92699  0.158655  0.089454  1.0000
  B   B16       1.0  0.42699000000000015  0.341345  0.589454  1.0000
  H   H1        1.0  0.3734740000000001  0.9756119999999999  0.17059700000000005  1.0000
  H   H2        1.0  0.873474  0.524388  0.6705970000000002  1.0000
  H   H3        1.0  0.626526  0.024388  0.8294030000000002  1.0000
  H   H4        1.0  0.12652600000000003  0.4756119999999999  0.32940300000000006  1.0000
  H   H5        1.0  0.465926  0.810656  0.220409  1.0000
  H   H6        1.0  0.9659260000000002  0.689344  0.7204090000000002  1.0000
  H   H7        1.0  0.42859682735998456  0.18934399999999998  0.9564592637463145  1.0000
  H   H8        1.0  0.034074000000000014  0.310656  0.279591  1.0000
  H   H9        1.0  0.46235700000000013  0.845048  0.07918  1.0000
  H   H10       1.0  0.9623570000000002  0.654952  0.57918  1.0000
  H   H11       1.0  0.24256366731248863  0.154952  0.03579576688640573  1.0000
  H   H12       1.0  0.03764300000000004  0.345048  0.4208200000000001  1.0000
  H   H13       1.0  0.624354  0.951002  0.17270400000000005  1.0000
  H   H14       1.0  0.25750899388599424  0.548998  0.7204295380342489  1.0000
  H   H15       1.0  0.243436112312452  0.048998  0.9142362347755417  1.0000
  H   H16       1.0  0.875646  0.45100199999999996  0.327296  1.0000
  H   H17       1.0  0.3487650000000001  0.90408  0.5209710000000001  1.0000
  H   H18       1.0  0.848765  0.59592  0.020971000000000007  1.0000
  H   H19       1.0  0.6512350000000001  0.09592  0.47902900000000004  1.0000
  H   H20       1.0  0.8686701892975486  0.40407999999999994  0.9007856307687614  1.0000
  H   H21       1.0  0.346284  0.9760049999999999  0.6499760000000002  1.0000
  H   H22       1.0  0.846284  0.523995  0.149976  1.0000
  H   H23       1.0  0.653716  0.023995  0.350024  1.0000
  H   H24       1.0  0.04300054169937608  0.476005  0.8307983631578866  1.0000
  H   H25       1.0  0.23342600000000002  0.074253  0.526302  1.0000
  H   H26       1.0  0.733426  0.42574699999999993  0.026302  1.0000
  H   H27       1.0  0.766574  0.925747  0.473698  1.0000
  H   H28       1.0  0.2665740000000001  0.574253  0.973698  1.0000
  H   H29       1.0  0.12020700000000004  0.9201879999999999  0.575788  1.0000
  H   H30       1.0  0.620208  0.579812  0.075788  1.0000
  H   H31       1.0  0.8797920000000001  0.079812  0.4242120000000001  1.0000
  H   H32       1.0  0.11707424355557525  0.420188  0.9694132313109823  1.0000
  H   H33       1.0  0.118524  0.237046  0.7733450000000001  1.0000
  H   H34       1.0  0.618524  0.262954  0.273345  1.0000
  H   H35       1.0  0.881476  0.7629539999999999  0.22665500000000005  1.0000
  H   H36       1.0  0.3814760000000002  0.737046  0.7266550000000003  1.0000
  H   H37       1.0  0.21856535575117422  0.151549  0.6553472123416729  1.0000
  H   H38       1.0  0.515913  0.34845099999999996  0.139672  1.0000
  H   H39       1.0  0.984087  0.848451  0.3603280000000001  1.0000
  H   H40       1.0  0.4840870000000002  0.651549  0.8603280000000002  1.0000
  H   H41       1.0  0.7449334300133833  0.116937  0.11673716885016905  1.0000
  H   H42       1.0  0.42255100000000023  0.38306299999999993  0.26563  1.0000
  H   H43       1.0  0.077449  0.883063  0.23437  1.0000
  H   H44       1.0  0.5774490000000002  0.616937  0.7343700000000002  1.0000
  H   H45       1.0  0.8134955255974702  0.290929  0.06906642428326482  1.0000
  H   H46       1.0  0.3966  0.20907099999999998  0.199457  1.0000
  H   H47       1.0  0.1034  0.709071  0.300543  1.0000
  H   H48       1.0  0.6034  0.790929  0.800543  1.0000
  H   H49       1.0  0.651850627210734  0.9311  0.20389797470166915  1.0000
  H   H50       1.0  0.48777800000000016  0.5689  0.37266500000000014  1.0000
  H   H51       1.0  0.012222000000000012  0.06889999999999999  0.12733500000000003  1.0000
  H   H52       1.0  0.5122220000000002  0.4311  0.627335  1.0000
  H   H53       1.0  0.12091800000000005  0.8569799999999999  0.9979140000000002  1.0000
  H   H54       1.0  0.6209180000000002  0.64302  0.497914  1.0000
  H   H55       1.0  0.8790820000000003  0.14302  0.002086  1.0000
  H   H56       1.0  0.37908200000000003  0.35698  0.5020860000000001  1.0000
  H   H57       1.0  0.9856290000000004  0.7431059999999999  0.9002400000000003  1.0000
  H   H58       1.0  0.4856290000000001  0.756894  0.40024000000000004  1.0000
  H   H59       1.0  0.014371000000000007  0.256894  0.09976  1.0000
  H   H60       1.0  0.514371  0.243106  0.5997600000000002  1.0000
  H   H61       1.0  0.20617900000000006  0.83996  0.870276  1.0000
  H   H62       1.0  0.7061790000000002  0.66004  0.3702760000000001  1.0000
  H   H63       1.0  0.7938210000000002  0.16004  0.129724  1.0000
  H   H64       1.0  0.4448130269941032  0.33996  0.7700282415654418  1.0000
"
"# generated using pymatgen
data_Dy3Ni19B10
_symmetry_space_group_name_H-M   'P 1'
_cell_length_a   7.86400095
_cell_length_b   7.86400095
_cell_length_c   5.75565685
_cell_angle_alpha   88.90327726
_cell_angle_beta   88.90327726
_cell_angle_gamma   67.14116384
_symmetry_Int_Tables_number   1
_chemical_formula_structural   Dy3Ni19B10
_chemical_formula_sum   'Dy3 Ni19 B10'
_cell_volume   327.90354014
_cell_formula_units_Z   1
loop_
 _symmetry_equiv_pos_site_id
 _symmetry_equiv_pos_as_xyz
  1  'x, y, z'
loop_
 _atom_site_type_symbol
 _atom_site_label
 _atom_site_symmetry_multiplicity
 _atom_site_fract_x
 _atom_site_fract_y
 _atom_site_fract_z
 _atom_site_occupancy
  Dy  Dy0  1  0.00000000  0.00000000  0.00000000  1
  Dy  Dy1  1  0.62544700  0.62544700  0.61440100  1
  Dy  Dy2  1  0.37455300  0.37455300  0.38559900  1
  Ni  Ni3  1  0.00000000  0.00000000  0.50000000  1
  Ni  Ni4  1  0.62207800  0.62207800  0.12702900  1
  Ni  Ni5  1  0.37792200  0.37792200  0.87297100  1
  Ni  Ni6  1  0.16291700  0.16291700  0.29678300  1
  Ni  Ni7  1  0.83708300  0.83708300  0.70321700  1
  Ni  Ni8  1  0.18212500  0.18212500  0.72875100  1
  Ni  Ni9  1  0.81787500  0.81787500  0.27124900  1
  Ni  Ni10  1  0.48263700  0.95485800  0.30205900  1
  Ni  Ni11  1  0.95485800  0.48263700  0.30205900  1
  Ni  Ni12  1  0.51736300  0.04514200  0.69794100  1
  Ni  Ni13  1  0.04514200  0.51736300  0.69794100  1
  Ni  Ni14  1  0.12211200  0.62278900  0.07375400  1
  Ni  Ni15  1  0.62278900  0.12211200  0.07375400  1
  Ni  Ni16  1  0.87788800  0.37721100  0.92624600  1
  Ni  Ni17  1  0.37721100  0.87788800  0.92624600  1
  Ni  Ni18  1  0.77071700  0.28891900  0.30121200  1
  Ni  Ni19  1  0.28891900  0.77071700  0.30121200  1
  Ni  Ni20  1  0.22928300  0.71108100  0.69878800  1
  Ni  Ni21  1  0.71108100  0.22928300  0.69878800  1
  B  B22  1  0.38357300  0.61642700  0.00000000  1
  B  B23  1  0.61642700  0.38357300  0.00000000  1
  B  B24  1  0.65091400  0.85717100  0.97436300  1
  B  B25  1  0.85717100  0.65091400  0.97436300  1
  B  B26  1  0.34908600  0.14282900  0.02563700  1
  B  B27  1  0.14282900  0.34908600  0.02563700  1
  B  B28  1  0.93522700  0.30061600  0.56916200  1
  B  B29  1  0.30061600  0.93522700  0.56916200  1
  B  B30  1  0.06477300  0.69938400  0.43083800  1
  B  B31  1  0.69938400  0.06477300  0.43083800  1
",Rotate all surrounding atoms within 2.5206012266627775 angstrom of the center atom at index 3 by 121.507411928009 degree around the axis [ 0.  0. -1.] in the cif file. The rotation should following the right-hand rule.,,"data_image0
_chemical_formula_structural       Dy3Ni19B10
_chemical_formula_sum              ""Dy3 Ni19 B10""
_cell_length_a       7.86400095
_cell_length_b       7.86400095
_cell_length_c       5.75565685
_cell_angle_alpha    88.90327726
_cell_angle_beta     88.90327726
_cell_angle_gamma    67.14116384

_space_group_name_H-M_alt    ""P 1""
_space_group_IT_number       1

loop_
  _space_group_symop_operation_xyz
  'x, y, z'

loop_
  _atom_site_type_symbol
  _atom_site_label
  _atom_site_symmetry_multiplicity
  _atom_site_fract_x
  _atom_site_fract_y
  _atom_site_fract_z
  _atom_site_occupancy
  Dy  Dy1       1.0  0.0  0.0  0.0  1.0000
  Dy  Dy2       1.0  0.625447  0.6254469999999998  0.614401  1.0000
  Dy  Dy3       1.0  0.374553  0.3745529999999999  0.385599  1.0000
  Ni  Ni1       1.0  0.0  0.0  0.5  1.0000
  Ni  Ni2       1.0  0.6220779999999998  0.622078  0.127029  1.0000
  Ni  Ni3       1.0  0.377922  0.377922  0.8729710000000002  1.0000
  Ni  Ni4       1.0  0.12463821909052492  0.7113217654507853  0.296783  1.0000
  Ni  Ni5       1.0  0.637408310729941  0.4814139846334804  0.7032169999999999  1.0000
  Ni  Ni6       1.0  0.18212499999999995  0.18212499999999995  0.728751  1.0000
  Ni  Ni7       1.0  0.8178749999999997  0.817875  0.271249  1.0000
  Ni  Ni8       1.0  0.48263699999999976  0.954858  0.302059  1.0000
  Ni  Ni9       1.0  0.9548579999999999  0.4826369999999999  0.302059  1.0000
  Ni  Ni10      1.0  0.5173629999999998  0.04514199999999999  0.697941  1.0000
  Ni  Ni11      1.0  0.045141999999999995  0.517363  0.697941  1.0000
  Ni  Ni12      1.0  0.122112  0.622789  0.073754  1.0000
  Ni  Ni13      1.0  0.6227889999999998  0.12211199999999997  0.073754  1.0000
  Ni  Ni14      1.0  0.8778879999999997  0.377211  0.926246  1.0000
  Ni  Ni15      1.0  0.37721099999999985  0.877888  0.926246  1.0000
  Ni  Ni16      1.0  0.7707169999999999  0.28891899999999987  0.301212  1.0000
  Ni  Ni17      1.0  0.288919  0.770717  0.301212  1.0000
  Ni  Ni18      1.0  0.22928300000000001  0.7110809999999997  0.6987880000000001  1.0000
  Ni  Ni19      1.0  0.7110809999999997  0.22928299999999996  0.6987880000000001  1.0000
  B   B1        1.0  0.38357300000000016  0.6164269999999997  0.0  1.0000
  B   B2        1.0  0.6164269999999997  0.383573  0.0  1.0000
  B   B3        1.0  0.650914  0.857171  0.974363  1.0000
  B   B4        1.0  0.857171  0.6509139999999998  0.974363  1.0000
  B   B5        1.0  0.3490859999999999  0.142829  0.025637000000000004  1.0000
  B   B6        1.0  0.14282900000000007  0.3490859999999999  0.025637000000000004  1.0000
  B   B7        1.0  0.12535534869167322  0.8675834373169213  0.569162  1.0000
  B   B8        1.0  0.8160824317728715  0.8950038578307413  0.569162  1.0000
  B   B9        1.0  0.6366911811287929  0.32515231276734424  0.430838  1.0000
  B   B10       1.0  0.9459640980475944  0.29773189225352414  0.430838  1.0000
"
"# generated using pymatgen
data_PrC2ClO7
_symmetry_space_group_name_H-M   'P 1'
_cell_length_a   14.11172100
_cell_length_b   6.07556600
_cell_length_c   9.58414127
_cell_angle_alpha   69.15897254
_cell_angle_beta   90.00000000
_cell_angle_gamma   90.00000000
_symmetry_Int_Tables_number   1
_chemical_formula_structural   PrC2ClO7
_chemical_formula_sum   'Pr4 C8 Cl4 O28'
_cell_volume   767.94886869
_cell_formula_units_Z   4
loop_
 _symmetry_equiv_pos_site_id
 _symmetry_equiv_pos_as_xyz
  1  'x, y, z'
loop_
 _atom_site_type_symbol
 _atom_site_label
 _atom_site_symmetry_multiplicity
 _atom_site_fract_x
 _atom_site_fract_y
 _atom_site_fract_z
 _atom_site_occupancy
  Pr  Pr0  1  0.61345600  0.32725500  0.15613200  1
  Pr  Pr1  1  0.88654400  0.32725500  0.65613200  1
  Pr  Pr2  1  0.38654400  0.67274500  0.84386800  1
  Pr  Pr3  1  0.11345600  0.67274500  0.34386800  1
  C  C4  1  0.53241000  0.89654700  0.04639000  1
  C  C5  1  0.96759000  0.89654700  0.54639000  1
  C  C6  1  0.46759000  0.10345300  0.95361000  1
  C  C7  1  0.03241000  0.10345300  0.45361000  1
  C  C8  1  0.58418600  0.79461600  0.55669800  1
  C  C9  1  0.91581400  0.79461600  0.05669800  1
  C  C10  1  0.41581400  0.20538400  0.44330200  1
  C  C11  1  0.08418600  0.20538400  0.94330200  1
  Cl  Cl12  1  0.80193400  0.17840000  0.15692500  1
  Cl  Cl13  1  0.69806600  0.17840000  0.65692500  1
  Cl  Cl14  1  0.19806600  0.82160000  0.84307500  1
  Cl  Cl15  1  0.30193400  0.82160000  0.34307500  1
  O  O16  1  0.52265100  0.70389100  0.02080800  1
  O  O17  1  0.97734900  0.70389100  0.52080800  1
  O  O18  1  0.47734900  0.29610900  0.97919200  1
  O  O19  1  0.02265100  0.29610900  0.47919200  1
  O  O20  1  0.60494200  0.92434500  0.43725700  1
  O  O21  1  0.89505800  0.92434500  0.93725700  1
  O  O22  1  0.39505800  0.07565500  0.56274300  1
  O  O23  1  0.10494200  0.07565500  0.06274300  1
  O  O24  1  0.58817800  0.92950100  0.13816500  1
  O  O25  1  0.91182200  0.92950100  0.63816500  1
  O  O26  1  0.41182200  0.07049900  0.86183500  1
  O  O27  1  0.08817800  0.07049900  0.36183500  1
  O  O28  1  0.44405800  0.32661900  0.32530300  1
  O  O29  1  0.05594200  0.32661900  0.82530300  1
  O  O30  1  0.55594200  0.67338100  0.67469700  1
  O  O31  1  0.94405800  0.67338100  0.17469700  1
  O  O32  1  0.71107700  0.39218900  0.93411300  1
  O  O33  1  0.78892300  0.39218900  0.43411300  1
  O  O34  1  0.28892300  0.60781100  0.06588700  1
  O  O35  1  0.21107700  0.60781100  0.56588700  1
  O  O36  1  0.74150400  0.59218600  0.08914900  1
  O  O37  1  0.75849600  0.59218600  0.58914900  1
  O  O38  1  0.25849600  0.40781400  0.91085100  1
  O  O39  1  0.24150400  0.40781400  0.41085100  1
  O  O40  1  0.65514100  0.46326900  0.35196800  1
  O  O41  1  0.84485900  0.46326900  0.85196800  1
  O  O42  1  0.34485900  0.53673100  0.64803200  1
  O  O43  1  0.15514100  0.53673100  0.14803200  1
",Rotate all surrounding atoms within 2.931853746770295 angstrom of the center atom at index 13 by 88.2988178038905 degree around the axis [ 0.  0. -1.] in the cif file. The rotation should following the right-hand rule.,,"data_image0
_chemical_formula_structural       Pr4C8Cl4O28
_chemical_formula_sum              ""Pr4 C8 Cl4 O28""
_cell_length_a       14.111721
_cell_length_b       6.075566
_cell_length_c       9.58414127
_cell_angle_alpha    69.15897253999998
_cell_angle_beta     90.0
_cell_angle_gamma    90.0

_space_group_name_H-M_alt    ""P 1""
_space_group_IT_number       1

loop_
  _space_group_symop_operation_xyz
  'x, y, z'

loop_
  _atom_site_type_symbol
  _atom_site_label
  _atom_site_symmetry_multiplicity
  _atom_site_fract_x
  _atom_site_fract_y
  _atom_site_fract_z
  _atom_site_occupancy
  Pr  Pr1       1.0  0.613456  0.327255  0.15613200000000005  1.0000
  Pr  Pr2       1.0  0.7675285835642006  0.7456658659149391  0.656132  1.0000
  Pr  Pr3       1.0  0.386544  0.672745  0.843868  1.0000
  Pr  Pr4       1.0  0.113456  0.6727449999999999  0.343868  1.0000
  C   C1        1.0  0.53241  0.896547  0.04639000000000001  1.0000
  C   C2        1.0  0.96759  0.896547  0.54639  1.0000
  C   C3        1.0  0.46759  0.10345300000000006  0.95361  1.0000
  C   C4        1.0  0.03241  0.10345300000000003  0.45361  1.0000
  C   C5        1.0  0.584186  0.794616  0.556698  1.0000
  C   C6        1.0  0.915814  0.794616  0.056698000000000005  1.0000
  C   C7        1.0  0.415814  0.205384  0.443302  1.0000
  C   C8        1.0  0.08418599999999998  0.20538399999999998  0.943302  1.0000
  Cl  Cl1       1.0  0.801934  0.1784  0.156925  1.0000
  Cl  Cl2       1.0  0.698066  0.1784  0.656925  1.0000
  Cl  Cl3       1.0  0.19806600000000002  0.8216000000000001  0.843075  1.0000
  Cl  Cl4       1.0  0.301934  0.8216000000000001  0.343075  1.0000
  O   O1        1.0  0.522651  0.7038910000000002  0.020808  1.0000
  O   O2        1.0  0.9773489999999999  0.7038910000000002  0.520808  1.0000
  O   O3        1.0  0.477349  0.29610900000000007  0.979192  1.0000
  O   O4        1.0  0.022651  0.29610899999999996  0.47919200000000006  1.0000
  O   O5        1.0  0.604942  0.924345  0.437257  1.0000
  O   O6        1.0  0.895058  0.924345  0.937257  1.0000
  O   O7        1.0  0.395058  0.07565500000000001  0.562743  1.0000
  O   O8        1.0  0.10494200000000001  0.07565500000000001  0.062743  1.0000
  O   O9        1.0  0.588178  0.9295009999999999  0.138165  1.0000
  O   O10       1.0  0.911822  0.9295009999999999  0.638165  1.0000
  O   O11       1.0  0.411822  0.07049899999999991  0.8618350000000002  1.0000
  O   O12       1.0  0.08817799999999999  0.07049899999999998  0.361835  1.0000
  O   O13       1.0  0.444058  0.326619  0.325303  1.0000
  O   O14       1.0  0.05594199999999999  0.3266189999999999  0.8253030000000002  1.0000
  O   O15       1.0  0.555942  0.6733810000000001  0.674697  1.0000
  O   O16       1.0  0.944058  0.6733810000000001  0.174697  1.0000
  O   O17       1.0  0.711077  0.3921889999999999  0.9341130000000001  1.0000
  O   O18       1.0  0.7389517249428671  0.09514331504884516  0.4341130000000001  1.0000
  O   O19       1.0  0.288923  0.607811  0.065887  1.0000
  O   O20       1.0  0.211077  0.607811  0.5658870000000001  1.0000
  O   O21       1.0  0.741504  0.592186  0.08914900000000002  1.0000
  O   O22       1.0  0.8615606435511871  0.08729399059339811  0.589149  1.0000
  O   O23       1.0  0.258496  0.40781399999999995  0.9108510000000001  1.0000
  O   O24       1.0  0.24150400000000002  0.407814  0.41085100000000013  1.0000
  O   O25       1.0  0.7457290581702233  0.4525859073653  0.351968  1.0000
  O   O26       1.0  0.844859  0.4632690000000001  0.851968  1.0000
  O   O27       1.0  0.344859  0.536731  0.648032  1.0000
  O   O28       1.0  0.155141  0.536731  0.148032  1.0000
"
"# generated using pymatgen
data_B6P2H14N2O19
_symmetry_space_group_name_H-M   'P 1'
_cell_length_a   4.55080700
_cell_length_b   9.54405319
_cell_length_c   11.05001432
_cell_angle_alpha   81.85674500
_cell_angle_beta   81.97173858
_cell_angle_gamma   82.23648570
_symmetry_Int_Tables_number   1
_chemical_formula_structural   B6P2H14N2O19
_chemical_formula_sum   'B6 P2 H14 N2 O19'
_cell_volume   467.17538251
_cell_formula_units_Z   1
loop_
 _symmetry_equiv_pos_site_id
 _symmetry_equiv_pos_as_xyz
  1  'x, y, z'
loop_
 _atom_site_type_symbol
 _atom_site_label
 _atom_site_symmetry_multiplicity
 _atom_site_fract_x
 _atom_site_fract_y
 _atom_site_fract_z
 _atom_site_occupancy
  B  B0  1  0.08545300  0.73208700  0.26324400  1
  B  B1  1  0.91454700  0.26791300  0.73675600  1
  B  B2  1  0.80771600  0.70113300  0.47551300  1
  B  B3  1  0.19228400  0.29886700  0.52448700  1
  B  B4  1  0.79320000  0.93520100  0.35563200  1
  B  B5  1  0.20680000  0.06479900  0.64436800  1
  P  P6  1  0.64621800  0.68186300  0.12495800  1
  P  P7  1  0.35378200  0.31813700  0.87504200  1
  H  H8  1  0.20251900  0.25131800  0.12549400  1
  H  H9  1  0.79748100  0.74868200  0.87450600  1
  H  H10  1  0.19117500  0.47872400  0.40618600  1
  H  H11  1  0.80882500  0.52127600  0.59381400  1
  H  H12  1  0.91271200  0.36738400  0.18201600  1
  H  H13  1  0.08728800  0.63261600  0.81798400  1
  H  H14  1  0.43405600  0.89139300  0.57916100  1
  H  H15  1  0.56594400  0.10860700  0.42083900  1
  H  H16  1  0.94739300  0.19851400  0.25021000  1
  H  H17  1  0.05260700  0.80148600  0.74979000  1
  H  H18  1  0.19144200  0.31064300  0.26800100  1
  H  H19  1  0.80855800  0.68935700  0.73199900  1
  H  H20  1  0.68928300  0.49841300  0.02236800  1
  H  H21  1  0.31071700  0.50158700  0.97763200  1
  N  N22  1  0.06618900  0.28125600  0.20633100  1
  N  N23  1  0.93381100  0.71874400  0.79366900  1
  O  O24  1  0.41850400  0.70813600  0.23934300  1
  O  O25  1  0.58149600  0.29186400  0.76065700  1
  O  O26  1  0.63065400  0.51364800  0.10863300  1
  O  O27  1  0.36934600  0.48635200  0.89136700  1
  O  O28  1  0.96377800  0.67332300  0.16482300  1
  O  O29  1  0.03622200  0.32667700  0.83517700  1
  O  O30  1  0.59822500  0.77138800  0.00578300  1
  O  O31  1  0.40177500  0.22861200  0.99421700  1
  O  O32  1  0.98569400  0.88186600  0.26446100  1
  O  O33  1  0.01430600  0.11813400  0.73553900  1
  O  O34  1  0.00535200  0.64641600  0.38435700  1
  O  O35  1  0.99464800  0.35358400  0.61564300  1
  O  O36  1  0.28015600  0.37648700  0.41419200  1
  O  O37  1  0.71984400  0.62351300  0.58580800  1
  O  O38  1  0.29559800  0.92099200  0.65158400  1
  O  O39  1  0.70440200  0.07900800  0.34841600  1
  O  O40  1  0.68998700  0.84524200  0.46163600  1
  O  O41  1  0.31001300  0.15475800  0.53836400  1
  O  O42  1  0.00000000  0.00000000  0.00000000  1
",Rotate all surrounding atoms within 2.3238194589280083 angstrom of the center atom at index 15 by 54.42439794563268 degree around the axis [-1.  0.  0.] in the cif file. The rotation should following the right-hand rule.,,"data_image0
_chemical_formula_structural       B6P2H14N2O19
_chemical_formula_sum              ""B6 P2 H14 N2 O19""
_cell_length_a       4.550807
_cell_length_b       9.544053190000001
_cell_length_c       11.05001432
_cell_angle_alpha    81.85674500000002
_cell_angle_beta     81.97173858
_cell_angle_gamma    82.2364857

_space_group_name_H-M_alt    ""P 1""
_space_group_IT_number       1

loop_
  _space_group_symop_operation_xyz
  'x, y, z'

loop_
  _atom_site_type_symbol
  _atom_site_label
  _atom_site_symmetry_multiplicity
  _atom_site_fract_x
  _atom_site_fract_y
  _atom_site_fract_z
  _atom_site_occupancy
  B   B1        1.0  0.08545299999999997  0.732087  0.26324400000000003  1.0000
  B   B2        1.0  0.9145469999999998  0.267913  0.7367560000000001  1.0000
  B   B3        1.0  0.8077159999999998  0.7011329999999999  0.47551300000000013  1.0000
  B   B4        1.0  0.19228399999999995  0.298867  0.524487  1.0000
  B   B5        1.0  0.07172682252310114  0.6124512659412018  0.8039336461327178  1.0000
  B   B6        1.0  0.20679999999999996  0.06479899999999997  0.6443680000000002  1.0000
  P   P1        1.0  0.646218  0.681863  0.12495800000000001  1.0000
  P   P2        1.0  0.3537819999999999  0.318137  0.8750420000000002  1.0000
  H   H1        1.0  0.202519  0.251318  0.125494  1.0000
  H   H2        1.0  0.797481  0.748682  0.8745060000000001  1.0000
  H   H3        1.0  0.191175  0.478724  0.406186  1.0000
  H   H4        1.0  0.808825  0.5212760000000001  0.593814  1.0000
  H   H5        1.0  0.9127120000000001  0.367384  0.182016  1.0000
  H   H6        1.0  0.08728800000000002  0.632616  0.817984  1.0000
  H   H7        1.0  0.4340560000000001  0.891393  0.579161  1.0000
  H   H8        1.0  0.5659439999999999  0.108607  0.42083900000000013  1.0000
  H   H9        1.0  0.947393  0.198514  0.25021  1.0000
  H   H10       1.0  0.05260699999999998  0.8014860000000003  0.74979  1.0000
  H   H11       1.0  0.19144199999999992  0.310643  0.26800100000000004  1.0000
  H   H12       1.0  0.808558  0.689357  0.731999  1.0000
  H   H13       1.0  0.689283  0.49841300000000005  0.022368  1.0000
  H   H14       1.0  0.3107170000000001  0.5015869999999999  0.977632  1.0000
  N   N1        1.0  0.06618899999999997  0.281256  0.206331  1.0000
  N   N2        1.0  0.933811  0.7187439999999999  0.7936690000000001  1.0000
  O   O1        1.0  0.4185039999999998  0.708136  0.239343  1.0000
  O   O2        1.0  0.5814959999999998  0.291864  0.760657  1.0000
  O   O3        1.0  0.6306540000000002  0.513648  0.108633  1.0000
  O   O4        1.0  0.36934599999999995  0.486352  0.891367  1.0000
  O   O5        1.0  0.9637779999999999  0.673323  0.16482300000000003  1.0000
  O   O6        1.0  0.036222000000000004  0.326677  0.835177  1.0000
  O   O7        1.0  0.598225  0.771388  0.005783000000000001  1.0000
  O   O8        1.0  0.40177500000000005  0.228612  0.994217  1.0000
  O   O9        1.0  0.9856939999999998  0.8818659999999999  0.264461  1.0000
  O   O10       1.0  0.01430599999999997  0.11813399999999999  0.7355390000000002  1.0000
  O   O11       1.0  0.005352000000000031  0.646416  0.384357  1.0000
  O   O12       1.0  0.9946479999999998  0.35358399999999995  0.615643  1.0000
  O   O13       1.0  0.280156  0.376487  0.414192  1.0000
  O   O14       1.0  0.7198439999999997  0.6235130000000001  0.585808  1.0000
  O   O15       1.0  0.295598  0.920992  0.651584  1.0000
  O   O16       1.0  0.7013140377559641  0.019654163701931838  0.4071065855045866  1.0000
  O   O17       1.0  0.689987  0.845242  0.461636  1.0000
  O   O18       1.0  0.31440386163313744  0.2516686154658009  0.4444561221895649  1.0000
  O   O19       1.0  0.0  0.0  0.0  1.0000
"
"# generated using pymatgen
data_La5Rh4
_symmetry_space_group_name_H-M   'P 1'
_cell_length_a   7.64637200
_cell_length_b   7.72425600
_cell_length_c   15.42701300
_cell_angle_alpha   90.00000000
_cell_angle_beta   90.00000000
_cell_angle_gamma   90.00000000
_symmetry_Int_Tables_number   1
_chemical_formula_structural   La5Rh4
_chemical_formula_sum   'La20 Rh16'
_cell_volume   911.15849216
_cell_formula_units_Z   4
loop_
 _symmetry_equiv_pos_site_id
 _symmetry_equiv_pos_as_xyz
  1  'x, y, z'
loop_
 _atom_site_type_symbol
 _atom_site_label
 _atom_site_symmetry_multiplicity
 _atom_site_fract_x
 _atom_site_fract_y
 _atom_site_fract_z
 _atom_site_occupancy
  La  La0  1  0.33938700  0.83543100  0.87796100  1
  La  La1  1  0.83938700  0.66456900  0.62203900  1
  La  La2  1  0.66061300  0.16456900  0.37796100  1
  La  La3  1  0.16061300  0.33543100  0.12203900  1
  La  La4  1  0.66061300  0.16456900  0.12203900  1
  La  La5  1  0.16061300  0.33543100  0.37796100  1
  La  La6  1  0.33938700  0.83543100  0.62203900  1
  La  La7  1  0.83938700  0.66456900  0.87796100  1
  La  La8  1  0.49610300  0.31799400  0.90945400  1
  La  La9  1  0.99610300  0.18200600  0.59054600  1
  La  La10  1  0.50389700  0.68200600  0.40945400  1
  La  La11  1  0.00389700  0.81799400  0.09054600  1
  La  La12  1  0.50389700  0.68200600  0.09054600  1
  La  La13  1  0.00389700  0.81799400  0.40945400  1
  La  La14  1  0.49610300  0.31799400  0.59054600  1
  La  La15  1  0.99610300  0.18200600  0.90945400  1
  La  La16  1  0.18556000  0.47564100  0.75000000  1
  La  La17  1  0.68556000  0.02435900  0.75000000  1
  La  La18  1  0.81444000  0.52435900  0.25000000  1
  La  La19  1  0.31444000  0.97564100  0.25000000  1
  Rh  Rh20  1  0.31253500  0.02920700  0.04115900  1
  Rh  Rh21  1  0.81253500  0.47079300  0.45884100  1
  Rh  Rh22  1  0.68746500  0.97079300  0.54115900  1
  Rh  Rh23  1  0.18746500  0.52920700  0.95884100  1
  Rh  Rh24  1  0.68746500  0.97079300  0.95884100  1
  Rh  Rh25  1  0.18746500  0.52920700  0.54115900  1
  Rh  Rh26  1  0.31253500  0.02920700  0.45884100  1
  Rh  Rh27  1  0.81253500  0.47079300  0.04115900  1
  Rh  Rh28  1  0.53016800  0.61032400  0.75000000  1
  Rh  Rh29  1  0.03016800  0.88967600  0.75000000  1
  Rh  Rh30  1  0.46983200  0.38967600  0.25000000  1
  Rh  Rh31  1  0.96983200  0.11032400  0.25000000  1
  Rh  Rh32  1  0.30105200  0.13864600  0.75000000  1
  Rh  Rh33  1  0.80105200  0.36135400  0.75000000  1
  Rh  Rh34  1  0.69894800  0.86135400  0.25000000  1
  Rh  Rh35  1  0.19894800  0.63864600  0.25000000  1
",Rotate all surrounding atoms within 3.240126341764918 angstrom of the center atom at index 23 by 81.80680880320855 degree around the axis [1. 0. 0.] in the cif file. The rotation should following the right-hand rule.,,"data_image0
_chemical_formula_structural       La20Rh16
_chemical_formula_sum              ""La20 Rh16""
_cell_length_a       7.646372
_cell_length_b       7.724256
_cell_length_c       15.427013
_cell_angle_alpha    90.0
_cell_angle_beta     90.0
_cell_angle_gamma    90.0

_space_group_name_H-M_alt    ""P 1""
_space_group_IT_number       1

loop_
  _space_group_symop_operation_xyz
  'x, y, z'

loop_
  _atom_site_type_symbol
  _atom_site_label
  _atom_site_symmetry_multiplicity
  _atom_site_fract_x
  _atom_site_fract_y
  _atom_site_fract_z
  _atom_site_occupancy
  La  La1       1.0  0.339387  0.732733511191009  0.099075095622575  1.0000
  La  La2       1.0  0.839387  0.664569  0.622039  1.0000
  La  La3       1.0  0.660613  0.16456899999999994  0.3779609999999999  1.0000
  La  La4       1.0  0.160613  0.1558082352385548  0.7435545240055492  1.0000
  La  La5       1.0  0.660613  0.16456899999999994  0.122039  1.0000
  La  La6       1.0  0.160613  0.335431  0.3779609999999999  1.0000
  La  La7       1.0  0.339387  0.8354309999999998  0.622039  1.0000
  La  La8       1.0  0.8393869999999999  0.7083837434655481  0.014398234044450176  1.0000
  La  La9       1.0  0.4961030000000001  0.5967365329325642  0.8471285306202792  1.0000
  La  La10      1.0  0.996103  0.18200599999999995  0.5905459999999998  1.0000
  La  La11      1.0  0.503897  0.682006  0.409454  1.0000
  La  La12      1.0  0.003897  0.817994  0.09054599999999997  1.0000
  La  La13      1.0  0.503897  0.682006  0.09054599999999997  1.0000
  La  La14      1.0  0.003897  0.817994  0.409454  1.0000
  La  La15      1.0  0.4961030000000001  0.3179939999999999  0.5905459999999998  1.0000
  La  La16      1.0  0.996103  0.5773567046884258  0.7797347446860982  1.0000
  La  La17      1.0  0.18556000000000006  0.47564099999999987  0.7499999999999998  1.0000
  La  La18      1.0  0.68556  0.024358999999999992  0.7499999999999998  1.0000
  La  La19      1.0  0.81444  0.524359  0.24999999999999994  1.0000
  La  La20      1.0  0.31444  0.9756409999999999  0.24999999999999994  1.0000
  Rh  Rh1       1.0  0.3125350000000001  0.029206999999999993  0.04115899999999999  1.0000
  Rh  Rh2       1.0  0.812535  0.470793  0.4588409999999999  1.0000
  Rh  Rh3       1.0  0.687465  0.9707929999999998  0.541159  1.0000
  Rh  Rh4       1.0  0.187465  0.529207  0.9588409999999999  1.0000
  Rh  Rh5       1.0  0.687465  0.9707929999999998  0.9588409999999999  1.0000
  Rh  Rh6       1.0  0.187465  0.529207  0.541159  1.0000
  Rh  Rh7       1.0  0.3125350000000001  0.029206999999999993  0.4588409999999999  1.0000
  Rh  Rh8       1.0  0.8125349999999999  0.33498497870410304  0.7991117580499995  1.0000
  Rh  Rh9       1.0  0.530168  0.6103239999999998  0.7499999999999998  1.0000
  Rh  Rh10      1.0  0.030168  0.8896759999999998  0.7499999999999998  1.0000
  Rh  Rh11      1.0  0.469832  0.3896759999999999  0.24999999999999994  1.0000
  Rh  Rh12      1.0  0.969832  0.110324  0.24999999999999994  1.0000
  Rh  Rh13      1.0  0.3010520000000001  0.13864599999999994  0.7499999999999998  1.0000
  Rh  Rh14      1.0  0.801052  0.361354  0.7499999999999998  1.0000
  Rh  Rh15      1.0  0.698948  0.8613539999999997  0.24999999999999994  1.0000
  Rh  Rh16      1.0  0.198948  0.6386459999999998  0.24999999999999994  1.0000
"
"# generated using pymatgen
data_NbBi2O5F
_symmetry_space_group_name_H-M   'P 1'
_cell_length_a   5.46711800
_cell_length_b   5.47477600
_cell_length_c   16.98143800
_cell_angle_alpha   90.00000000
_cell_angle_beta   90.00000000
_cell_angle_gamma   90.00000000
_symmetry_Int_Tables_number   1
_chemical_formula_structural   NbBi2O5F
_chemical_formula_sum   'Nb4 Bi8 O20 F4'
_cell_volume   508.27560527
_cell_formula_units_Z   4
loop_
 _symmetry_equiv_pos_site_id
 _symmetry_equiv_pos_as_xyz
  1  'x, y, z'
loop_
 _atom_site_type_symbol
 _atom_site_label
 _atom_site_symmetry_multiplicity
 _atom_site_fract_x
 _atom_site_fract_y
 _atom_site_fract_z
 _atom_site_occupancy
  Nb  Nb0  1  0.01095800  0.51146500  0.75322500  1
  Nb  Nb1  1  0.51095800  0.48853500  0.24677500  1
  Nb  Nb2  1  0.51095800  0.98853500  0.75322500  1
  Nb  Nb3  1  0.01095800  0.01146500  0.24677500  1
  Bi  Bi4  1  0.99162000  0.00567600  0.57550300  1
  Bi  Bi5  1  0.49162000  0.99432400  0.42449700  1
  Bi  Bi6  1  0.49162000  0.49432400  0.57550300  1
  Bi  Bi7  1  0.99162000  0.50567600  0.42449700  1
  Bi  Bi8  1  0.99071600  0.97496600  0.92433800  1
  Bi  Bi9  1  0.49071600  0.02503400  0.07566200  1
  Bi  Bi10  1  0.49071600  0.52503400  0.92433800  1
  Bi  Bi11  1  0.99071600  0.47496600  0.07566200  1
  O  O12  1  0.03926400  0.57176300  0.86269100  1
  O  O13  1  0.53926400  0.42823700  0.13730900  1
  O  O14  1  0.53926400  0.92823700  0.86269100  1
  O  O15  1  0.03926400  0.07176300  0.13730900  1
  O  O16  1  0.25288100  0.75323100  0.00220600  1
  O  O17  1  0.75288100  0.24676900  0.99779400  1
  O  O18  1  0.75288100  0.74676900  0.00220600  1
  O  O19  1  0.25288100  0.25323100  0.99779400  1
  O  O20  1  0.25248100  0.75158500  0.50319000  1
  O  O21  1  0.75248100  0.24841500  0.49681000  1
  O  O22  1  0.75248100  0.74841500  0.50319000  1
  O  O23  1  0.25248100  0.25158500  0.49681000  1
  O  O24  1  0.23730600  0.20855800  0.75292100  1
  O  O25  1  0.73730600  0.79144200  0.24707900  1
  O  O26  1  0.73730600  0.29144200  0.75292100  1
  O  O27  1  0.23730600  0.70855800  0.24707900  1
  O  O28  1  0.32669300  0.70086200  0.72104800  1
  O  O29  1  0.82669300  0.29913800  0.27895200  1
  O  O30  1  0.82669300  0.79913800  0.72104800  1
  O  O31  1  0.32669300  0.20086200  0.27895200  1
  F  F32  1  0.52208300  0.05120200  0.62273800  1
  F  F33  1  0.02208300  0.94879800  0.37726200  1
  F  F34  1  0.02208300  0.44879800  0.62273800  1
  F  F35  1  0.52208300  0.55120200  0.37726200  1
",Rotate all surrounding atoms within 3.3911993067103294 angstrom of the center atom at index 1 by 208.62785962633376 degree around the axis [ 0. -1.  0.] in the cif file. The rotation should following the right-hand rule.,,"data_image0
_chemical_formula_structural       Nb4Bi8O20F4
_chemical_formula_sum              ""Nb4 Bi8 O20 F4""
_cell_length_a       5.467118
_cell_length_b       5.474776
_cell_length_c       16.981438
_cell_angle_alpha    90.0
_cell_angle_beta     90.0
_cell_angle_gamma    90.0

_space_group_name_H-M_alt    ""P 1""
_space_group_IT_number       1

loop_
  _space_group_symop_operation_xyz
  'x, y, z'

loop_
  _atom_site_type_symbol
  _atom_site_label
  _atom_site_symmetry_multiplicity
  _atom_site_fract_x
  _atom_site_fract_y
  _atom_site_fract_z
  _atom_site_occupancy
  Nb  Nb1       1.0  0.010958  0.511465  0.753225  1.0000
  Nb  Nb2       1.0  0.510958  0.48853499999999994  0.24677499999999997  1.0000
  Nb  Nb3       1.0  0.510958  0.988535  0.753225  1.0000
  Nb  Nb4       1.0  0.010958  0.011465  0.24677499999999997  1.0000
  Bi  Bi1       1.0  0.9916200000000001  0.005676  0.575503  1.0000
  Bi  Bi2       1.0  0.49162000000000006  0.994324  0.424497  1.0000
  Bi  Bi3       1.0  0.49162000000000006  0.494324  0.575503  1.0000
  Bi  Bi4       1.0  0.9916200000000001  0.505676  0.424497  1.0000
  Bi  Bi5       1.0  0.9907160000000002  0.974966  0.924338  1.0000
  Bi  Bi6       1.0  0.49071600000000004  0.025033999999999997  0.07566199999999998  1.0000
  Bi  Bi7       1.0  0.49071600000000004  0.525034  0.924338  1.0000
  Bi  Bi8       1.0  0.9907160000000002  0.474966  0.07566199999999998  1.0000
  O   O1        1.0  0.039264  0.571763  0.862691  1.0000
  O   O2        1.0  0.3232059105759314  0.428237  0.3384925736445896  1.0000
  O   O3        1.0  0.539264  0.928237  0.862691  1.0000
  O   O4        1.0  0.039264  0.071763  0.13730899999999993  1.0000
  O   O5        1.0  0.252881  0.753231  0.002206  1.0000
  O   O6        1.0  0.7528810000000002  0.246769  0.997794  1.0000
  O   O7        1.0  0.7528810000000002  0.746769  0.002206  1.0000
  O   O8        1.0  0.252881  0.253231  0.997794  1.0000
  O   O9        1.0  0.252481  0.751585  0.50319  1.0000
  O   O10       1.0  0.7524810000000001  0.248415  0.49681  1.0000
  O   O11       1.0  0.7524810000000001  0.748415  0.50319  1.0000
  O   O12       1.0  0.252481  0.251585  0.49681  1.0000
  O   O13       1.0  0.23730600000000002  0.208558  0.752921  1.0000
  O   O14       1.0  0.31273342833173523  0.791442  0.21159382858342285  1.0000
  O   O15       1.0  0.737306  0.291442  0.752921  1.0000
  O   O16       1.0  0.7516084840616536  0.708558  0.2887191740309048  1.0000
  O   O17       1.0  0.326693  0.700862  0.721048  1.0000
  O   O18       1.0  0.2817071429117709  0.29913800000000007  0.1698292927738354  1.0000
  O   O19       1.0  0.8266930000000002  0.799138  0.721048  1.0000
  O   O20       1.0  0.7205821986416895  0.20086200000000004  0.24695463822131736  1.0000
  F   F1        1.0  0.522083  0.051202000000000004  0.6227379999999999  1.0000
  F   F2        1.0  0.022083000000000002  0.9487980000000001  0.3772619999999999  1.0000
  F   F3        1.0  0.022083000000000002  0.44879800000000003  0.6227379999999999  1.0000
  F   F4        1.0  0.69538282211837  0.551202  0.13052398226973383  1.0000
"
"# generated using pymatgen
data_V4Cd(SeO6)3
_symmetry_space_group_name_H-M   'P 1'
_cell_length_a   6.41383400
_cell_length_b   7.62635825
_cell_length_c   16.02689023
_cell_angle_alpha   101.26911831
_cell_angle_beta   98.90375470
_cell_angle_gamma   93.62935860
_symmetry_Int_Tables_number   1
_chemical_formula_structural   V4Cd(SeO6)3
_chemical_formula_sum   'V8 Cd2 Se6 O36'
_cell_volume   756.01495541
_cell_formula_units_Z   2
loop_
 _symmetry_equiv_pos_site_id
 _symmetry_equiv_pos_as_xyz
  1  'x, y, z'
loop_
 _atom_site_type_symbol
 _atom_site_label
 _atom_site_symmetry_multiplicity
 _atom_site_fract_x
 _atom_site_fract_y
 _atom_site_fract_z
 _atom_site_occupancy
  V  V0  1  0.15770200  0.37932500  0.51920400  1
  V  V1  1  0.84229800  0.62067500  0.48079600  1
  V  V2  1  0.46088200  0.54601600  0.70957500  1
  V  V3  1  0.53911800  0.45398400  0.29042500  1
  V  V4  1  0.56533300  0.64461000  0.93910000  1
  V  V5  1  0.43466700  0.35539000  0.06090000  1
  V  V6  1  0.32821400  0.22851900  0.83482000  1
  V  V7  1  0.67178600  0.77148100  0.16518000  1
  Cd  Cd8  1  0.67820100  0.20701300  0.57486800  1
  Cd  Cd9  1  0.32179900  0.79298700  0.42513200  1
  Se  Se10  1  0.81490800  0.27680600  0.94230400  1
  Se  Se11  1  0.18509200  0.72319400  0.05769600  1
  Se  Se12  1  0.20674000  0.03730900  0.62922100  1
  Se  Se13  1  0.79326000  0.96269100  0.37077900  1
  Se  Se14  1  0.99681000  0.53129300  0.77173100  1
  Se  Se15  1  0.00319000  0.46870700  0.22826900  1
  O  O16  1  0.41381200  0.41552500  0.59350300  1
  O  O17  1  0.58618800  0.58447500  0.40649700  1
  O  O18  1  0.85419300  0.39284900  0.50377400  1
  O  O19  1  0.14580700  0.60715100  0.49622600  1
  O  O20  1  0.61093500  0.00588900  0.43672700  1
  O  O21  1  0.38906500  0.99411100  0.56327300  1
  O  O22  1  0.05166700  0.17968300  0.57754700  1
  O  O23  1  0.94833300  0.82031700  0.42245300  1
  O  O24  1  0.74944600  0.45323200  0.70795000  1
  O  O25  1  0.25055400  0.54676800  0.29205000  1
  O  O26  1  0.70255400  0.27248400  0.03463700  1
  O  O27  1  0.29744600  0.72751600  0.96536300  1
  O  O28  1  0.62239100  0.17459800  0.85552800  1
  O  O29  1  0.37760900  0.82540200  0.14447200  1
  O  O30  1  0.80848000  0.50116600  0.93180900  1
  O  O31  1  0.19152000  0.49883400  0.06819100  1
  O  O32  1  0.36670800  0.19463900  0.71339800  1
  O  O33  1  0.63329200  0.80536100  0.28660200  1
  O  O34  1  0.14470800  0.53924000  0.68980900  1
  O  O35  1  0.85529200  0.46076000  0.31019100  1
  O  O36  1  0.05407000  0.32859500  0.80006900  1
  O  O37  1  0.94593000  0.67140500  0.19993100  1
  O  O38  1  0.45585300  0.52998500  0.82167800  1
  O  O39  1  0.54414700  0.47001500  0.17832200  1
  O  O40  1  0.62424100  0.63293400  0.05717400  1
  O  O41  1  0.37575900  0.36706600  0.94282600  1
  O  O42  1  0.21126800  0.03826200  0.84000100  1
  O  O43  1  0.78873200  0.96173800  0.15999900  1
  O  O44  1  0.21047400  0.25554100  0.43215800  1
  O  O45  1  0.78952600  0.74445900  0.56784200  1
  O  O46  1  0.51681300  0.75503400  0.71010900  1
  O  O47  1  0.48318700  0.24496600  0.28989100  1
  O  O48  1  0.68935000  0.83006400  0.93128900  1
  O  O49  1  0.31065000  0.16993600  0.06871100  1
  O  O50  1  0.79892400  0.05608600  0.68999800  1
  O  O51  1  0.20107600  0.94391400  0.31000200  1
",Rotate all surrounding atoms within 2.014244043460571 angstrom of the center atom at index 45 by 201.87285708283105 degree around the axis [0. 1. 0.] in the cif file. The rotation should following the right-hand rule.,,"data_image0
_chemical_formula_structural       V8Cd2Se6O36
_chemical_formula_sum              ""V8 Cd2 Se6 O36""
_cell_length_a       6.413834
_cell_length_b       7.62635825
_cell_length_c       16.02689023
_cell_angle_alpha    101.26911831
_cell_angle_beta     98.9037547
_cell_angle_gamma    93.62935859999999

_space_group_name_H-M_alt    ""P 1""
_space_group_IT_number       1

loop_
  _space_group_symop_operation_xyz
  'x, y, z'

loop_
  _atom_site_type_symbol
  _atom_site_label
  _atom_site_symmetry_multiplicity
  _atom_site_fract_x
  _atom_site_fract_y
  _atom_site_fract_z
  _atom_site_occupancy
  V   V1        1.0  0.1577019999999999  0.37932499999999997  0.5192039999999998  1.0000
  V   V2        1.0  0.8125578114460226  0.6997401284532216  0.6633955727356802  1.0000
  V   V3        1.0  0.46088200000000007  0.546016  0.709575  1.0000
  V   V4        1.0  0.539118  0.453984  0.290425  1.0000
  V   V5        1.0  0.565333  0.6446100000000002  0.9391  1.0000
  V   V6        1.0  0.434667  0.35539000000000004  0.0609  1.0000
  V   V7        1.0  0.328214  0.22851899999999994  0.83482  1.0000
  V   V8        1.0  0.671786  0.7714810000000002  0.16518  1.0000
  Cd  Cd1       1.0  0.678201  0.20701300000000006  0.574868  1.0000
  Cd  Cd2       1.0  0.321799  0.7929870000000002  0.425132  1.0000
  Se  Se1       1.0  0.8149079999999997  0.2768059999999999  0.9423039999999998  1.0000
  Se  Se2       1.0  0.18509199999999998  0.7231940000000001  0.057696  1.0000
  Se  Se3       1.0  0.20674  0.037309  0.629221  1.0000
  Se  Se4       1.0  0.79326  0.962691  0.370779  1.0000
  Se  Se5       1.0  0.99681  0.531293  0.771731  1.0000
  Se  Se6       1.0  0.0031900000000000092  0.46870700000000004  0.228269  1.0000
  O   O1        1.0  0.413812  0.4155249999999999  0.5935029999999998  1.0000
  O   O2        1.0  0.586188  0.584475  0.406497  1.0000
  O   O3        1.0  0.854193  0.392849  0.503774  1.0000
  O   O4        1.0  0.145807  0.607151  0.496226  1.0000
  O   O5        1.0  0.610935  0.0058889999999999715  0.43672699999999987  1.0000
  O   O6        1.0  0.38906499999999994  0.994111  0.563273  1.0000
  O   O7        1.0  0.051666999999999914  0.17968299999999993  0.5775469999999998  1.0000
  O   O8        1.0  0.948333  0.820317  0.422453  1.0000
  O   O9        1.0  0.7494459999999998  0.453232  0.70795  1.0000
  O   O10       1.0  0.250554  0.5467680000000003  0.29205  1.0000
  O   O11       1.0  0.702554  0.272484  0.034637  1.0000
  O   O12       1.0  0.297446  0.727516  0.965363  1.0000
  O   O13       1.0  0.6223909999999998  0.174598  0.855528  1.0000
  O   O14       1.0  0.3776090000000001  0.8254020000000002  0.144472  1.0000
  O   O15       1.0  0.8084799999999999  0.501166  0.931809  1.0000
  O   O16       1.0  0.19152  0.4988340000000001  0.068191  1.0000
  O   O17       1.0  0.36670799999999987  0.1946389999999999  0.7133979999999998  1.0000
  O   O18       1.0  0.633292  0.805361  0.286602  1.0000
  O   O19       1.0  0.144708  0.5392400000000002  0.689809  1.0000
  O   O20       1.0  0.8552919999999998  0.46076000000000006  0.3101909999999999  1.0000
  O   O21       1.0  0.054069999999999986  0.328595  0.800069  1.0000
  O   O22       1.0  0.94593  0.6714050000000001  0.199931  1.0000
  O   O23       1.0  0.45585299999999995  0.529985  0.821678  1.0000
  O   O24       1.0  0.544147  0.47001499999999996  0.17832199999999995  1.0000
  O   O25       1.0  0.624241  0.6329340000000002  0.057174  1.0000
  O   O26       1.0  0.375759  0.3670660000000001  0.942826  1.0000
  O   O27       1.0  0.21126799999999996  0.03826199999999995  0.840001  1.0000
  O   O28       1.0  0.788732  0.961738  0.159999  1.0000
  O   O29       1.0  0.21047399999999997  0.255541  0.432158  1.0000
  O   O30       1.0  0.789526  0.744459  0.567842  1.0000
  O   O31       1.0  0.516813  0.7550340000000002  0.710109  1.0000
  O   O32       1.0  0.483187  0.24496600000000004  0.289891  1.0000
  O   O33       1.0  0.68935  0.830064  0.931289  1.0000
  O   O34       1.0  0.31065  0.169936  0.068711  1.0000
  O   O35       1.0  0.798924  0.056086000000000046  0.689998  1.0000
  O   O36       1.0  0.20107600000000003  0.9439140000000003  0.310002  1.0000
"
"# generated using pymatgen
data_U11(PbO12)3
_symmetry_space_group_name_H-M   'P 1'
_cell_length_a   6.82896900
_cell_length_b   8.47455500
_cell_length_c   28.68048300
_cell_angle_alpha   90.00000000
_cell_angle_beta   90.00000000
_cell_angle_gamma   90.00000000
_symmetry_Int_Tables_number   1
_chemical_formula_structural   U11(PbO12)3
_chemical_formula_sum   'U22 Pb6 O72'
_cell_volume   1659.81048905
_cell_formula_units_Z   2
loop_
 _symmetry_equiv_pos_site_id
 _symmetry_equiv_pos_as_xyz
  1  'x, y, z'
loop_
 _atom_site_type_symbol
 _atom_site_label
 _atom_site_symmetry_multiplicity
 _atom_site_fract_x
 _atom_site_fract_y
 _atom_site_fract_z
 _atom_site_occupancy
  U  U0  1  0.32115400  0.00000000  0.00000000  1
  U  U1  1  0.67884600  0.50000000  0.50000000  1
  U  U2  1  0.24832700  0.00000000  0.86614800  1
  U  U3  1  0.24832700  0.00000000  0.13385200  1
  U  U4  1  0.75167300  0.50000000  0.63385200  1
  U  U5  1  0.75167300  0.50000000  0.36614800  1
  U  U6  1  0.77220200  0.00000000  0.78690800  1
  U  U7  1  0.77220200  0.00000000  0.21309200  1
  U  U8  1  0.22779800  0.50000000  0.71309200  1
  U  U9  1  0.22779800  0.50000000  0.28690800  1
  U  U10  1  0.77946000  0.00000000  0.92811200  1
  U  U11  1  0.77946000  0.00000000  0.07188800  1
  U  U12  1  0.22054000  0.50000000  0.57188800  1
  U  U13  1  0.22054000  0.50000000  0.42811200  1
  U  U14  1  0.22314400  0.00000000  0.57285700  1
  U  U15  1  0.22314400  0.00000000  0.42714300  1
  U  U16  1  0.77685600  0.50000000  0.92714300  1
  U  U17  1  0.77685600  0.50000000  0.07285700  1
  U  U18  1  0.22745500  0.00000000  0.71941500  1
  U  U19  1  0.22745500  0.00000000  0.28058500  1
  U  U20  1  0.77254500  0.50000000  0.78058500  1
  U  U21  1  0.77254500  0.50000000  0.21941500  1
  Pb  Pb22  1  0.76312000  0.00000000  0.50000000  1
  Pb  Pb23  1  0.23688000  0.50000000  0.00000000  1
  Pb  Pb24  1  0.69231400  0.00000000  0.64629700  1
  Pb  Pb25  1  0.69231400  0.00000000  0.35370300  1
  Pb  Pb26  1  0.30768600  0.50000000  0.85370300  1
  Pb  Pb27  1  0.30768600  0.50000000  0.14629700  1
  O  O28  1  0.32222500  0.78150600  0.00000000  1
  O  O29  1  0.32222500  0.21849400  0.00000000  1
  O  O30  1  0.67777500  0.71849400  0.50000000  1
  O  O31  1  0.67777500  0.28150600  0.50000000  1
  O  O32  1  0.24426000  0.78107400  0.86533800  1
  O  O33  1  0.24426000  0.78107400  0.13466200  1
  O  O34  1  0.24426000  0.21892600  0.86533800  1
  O  O35  1  0.24426000  0.21892600  0.13466200  1
  O  O36  1  0.75574000  0.71892600  0.63466200  1
  O  O37  1  0.75574000  0.71892600  0.36533800  1
  O  O38  1  0.75574000  0.28107400  0.63466200  1
  O  O39  1  0.75574000  0.28107400  0.36533800  1
  O  O40  1  0.22234600  0.72757800  0.71729000  1
  O  O41  1  0.22234600  0.72757800  0.28271000  1
  O  O42  1  0.22234600  0.27242200  0.71729000  1
  O  O43  1  0.22234600  0.27242200  0.28271000  1
  O  O44  1  0.77765400  0.77242200  0.78271000  1
  O  O45  1  0.77765400  0.77242200  0.21729000  1
  O  O46  1  0.77765400  0.22757800  0.78271000  1
  O  O47  1  0.77765400  0.22757800  0.21729000  1
  O  O48  1  0.22249000  0.73539500  0.57210400  1
  O  O49  1  0.22249000  0.73539500  0.42789600  1
  O  O50  1  0.22249000  0.26460500  0.57210400  1
  O  O51  1  0.22249000  0.26460500  0.42789600  1
  O  O52  1  0.77751000  0.76460500  0.92789600  1
  O  O53  1  0.77751000  0.76460500  0.07210400  1
  O  O54  1  0.77751000  0.23539500  0.92789600  1
  O  O55  1  0.77751000  0.23539500  0.07210400  1
  O  O56  1  0.08308800  0.00000000  0.94302000  1
  O  O57  1  0.08308800  0.00000000  0.05698000  1
  O  O58  1  0.91691200  0.50000000  0.55698000  1
  O  O59  1  0.91691200  0.50000000  0.44302000  1
  O  O60  1  0.14070000  0.00000000  0.78657800  1
  O  O61  1  0.14070000  0.00000000  0.21342200  1
  O  O62  1  0.85930000  0.50000000  0.71342200  1
  O  O63  1  0.85930000  0.50000000  0.28657800  1
  O  O64  1  0.28378700  0.00000000  0.64996800  1
  O  O65  1  0.28378700  0.00000000  0.35003200  1
  O  O66  1  0.71621300  0.50000000  0.85003200  1
  O  O67  1  0.71621300  0.50000000  0.14996800  1
  O  O68  1  0.15184200  0.00000000  0.50000000  1
  O  O69  1  0.84815800  0.50000000  0.00000000  1
  O  O70  1  0.69009200  0.00000000  0.00000000  1
  O  O71  1  0.30990800  0.50000000  0.50000000  1
  O  O72  1  0.90714500  0.00000000  0.85906000  1
  O  O73  1  0.90714500  0.00000000  0.14094000  1
  O  O74  1  0.09285500  0.50000000  0.64094000  1
  O  O75  1  0.09285500  0.50000000  0.35906000  1
  O  O76  1  0.93752200  0.00000000  0.71124300  1
  O  O77  1  0.93752200  0.00000000  0.28875700  1
  O  O78  1  0.06247800  0.50000000  0.78875700  1
  O  O79  1  0.06247800  0.50000000  0.21124300  1
  O  O80  1  0.94944700  0.00000000  0.58449500  1
  O  O81  1  0.94944700  0.00000000  0.41550500  1
  O  O82  1  0.05055300  0.50000000  0.91550500  1
  O  O83  1  0.05055300  0.50000000  0.08449500  1
  O  O84  1  0.46521000  0.00000000  0.92606100  1
  O  O85  1  0.46521000  0.00000000  0.07393900  1
  O  O86  1  0.53479000  0.50000000  0.57393900  1
  O  O87  1  0.53479000  0.50000000  0.42606100  1
  O  O88  1  0.53069000  0.00000000  0.82825700  1
  O  O89  1  0.53069000  0.00000000  0.17174300  1
  O  O90  1  0.46931000  0.50000000  0.67174300  1
  O  O91  1  0.46931000  0.50000000  0.32825700  1
  O  O92  1  0.51613900  0.00000000  0.73064000  1
  O  O93  1  0.51613900  0.00000000  0.26936000  1
  O  O94  1  0.48386100  0.50000000  0.76936000  1
  O  O95  1  0.48386100  0.50000000  0.23064000  1
  O  O96  1  0.49868100  0.00000000  0.56369700  1
  O  O97  1  0.49868100  0.00000000  0.43630300  1
  O  O98  1  0.50131900  0.50000000  0.93630300  1
  O  O99  1  0.50131900  0.50000000  0.06369700  1
",Rotate all surrounding atoms within 2.579593617552514 angstrom of the center atom at index 29 by 243.8664668016329 degree around the axis [1. 0. 0.] in the cif file. The rotation should following the right-hand rule.,,"data_image0
_chemical_formula_structural       U22Pb6O72
_chemical_formula_sum              ""U22 Pb6 O72""
_cell_length_a       6.828969
_cell_length_b       8.474555
_cell_length_c       28.680483
_cell_angle_alpha    90.0
_cell_angle_beta     90.0
_cell_angle_gamma    90.0

_space_group_name_H-M_alt    ""P 1""
_space_group_IT_number       1

loop_
  _space_group_symop_operation_xyz
  'x, y, z'

loop_
  _atom_site_type_symbol
  _atom_site_label
  _atom_site_symmetry_multiplicity
  _atom_site_fract_x
  _atom_site_fract_y
  _atom_site_fract_z
  _atom_site_occupancy
  U   U1        1.0  0.321154  0.3147328894284689  0.057960886264693645  1.0000
  U   U2        1.0  0.678846  0.5  0.4999999999999999  1.0000
  U   U3        1.0  0.24832699999999996  0.0  0.866148  1.0000
  U   U4        1.0  0.24832699999999996  0.0  0.13385199999999997  1.0000
  U   U5        1.0  0.7516729999999999  0.5  0.633852  1.0000
  U   U6        1.0  0.7516729999999999  0.5  0.3661479999999999  1.0000
  U   U7        1.0  0.7722019999999999  0.0  0.786908  1.0000
  U   U8        1.0  0.7722019999999999  0.0  0.21309199999999995  1.0000
  U   U9        1.0  0.22779799999999994  0.5  0.713092  1.0000
  U   U10       1.0  0.22779799999999994  0.5  0.286908  1.0000
  U   U11       1.0  0.77946  0.0  0.9281119999999998  1.0000
  U   U12       1.0  0.77946  0.0  0.071888  1.0000
  U   U13       1.0  0.22054  0.5  0.5718879999999997  1.0000
  U   U14       1.0  0.22054  0.5  0.428112  1.0000
  U   U15       1.0  0.223144  0.0  0.572857  1.0000
  U   U16       1.0  0.223144  0.0  0.427143  1.0000
  U   U17       1.0  0.776856  0.5  0.927143  1.0000
  U   U18       1.0  0.776856  0.5  0.072857  1.0000
  U   U19       1.0  0.22745499999999994  0.0  0.719415  1.0000
  U   U20       1.0  0.22745499999999994  0.0  0.28058499999999986  1.0000
  U   U21       1.0  0.772545  0.5  0.780585  1.0000
  U   U22       1.0  0.772545  0.5  0.219415  1.0000
  Pb  Pb1       1.0  0.7631199999999998  0.0  0.4999999999999999  1.0000
  Pb  Pb2       1.0  0.23688  0.09450055026018774  0.9253236370388713  1.0000
  Pb  Pb3       1.0  0.692314  0.0  0.646297  1.0000
  Pb  Pb4       1.0  0.692314  0.0  0.353703  1.0000
  Pb  Pb5       1.0  0.3076859999999999  0.5  0.8537029999999999  1.0000
  Pb  Pb6       1.0  0.3076859999999999  0.5  0.14629699999999995  1.0000
  O   O1        1.0  0.3222249999999999  0.781506  0.0  1.0000
  O   O2        1.0  0.3222249999999999  0.21849400000000005  0.0  1.0000
  O   O3        1.0  0.677775  0.718494  0.4999999999999999  1.0000
  O   O4        1.0  0.677775  0.281506  0.4999999999999999  1.0000
  O   O5        1.0  0.24426  0.781074  0.865338  1.0000
  O   O6        1.0  0.24426  0.781074  0.134662  1.0000
  O   O7        1.0  0.24426  0.21892600000000006  0.865338  1.0000
  O   O8        1.0  0.24426  0.21892600000000006  0.134662  1.0000
  O   O9        1.0  0.75574  0.718926  0.634662  1.0000
  O   O10       1.0  0.75574  0.718926  0.365338  1.0000
  O   O11       1.0  0.75574  0.281074  0.634662  1.0000
  O   O12       1.0  0.75574  0.281074  0.365338  1.0000
  O   O13       1.0  0.222346  0.727578  0.7172899999999999  1.0000
  O   O14       1.0  0.222346  0.727578  0.2827099999999999  1.0000
  O   O15       1.0  0.222346  0.272422  0.7172899999999999  1.0000
  O   O16       1.0  0.222346  0.272422  0.2827099999999999  1.0000
  O   O17       1.0  0.7776539999999998  0.772422  0.7827099999999998  1.0000
  O   O18       1.0  0.7776539999999998  0.772422  0.21729  1.0000
  O   O19       1.0  0.7776539999999998  0.227578  0.7827099999999998  1.0000
  O   O20       1.0  0.7776539999999998  0.227578  0.21729  1.0000
  O   O21       1.0  0.22248999999999994  0.735395  0.572104  1.0000
  O   O22       1.0  0.22248999999999994  0.735395  0.427896  1.0000
  O   O23       1.0  0.22248999999999994  0.26460500000000003  0.572104  1.0000
  O   O24       1.0  0.22248999999999994  0.26460500000000003  0.427896  1.0000
  O   O25       1.0  0.77751  0.764605  0.927896  1.0000
  O   O26       1.0  0.77751  0.764605  0.072104  1.0000
  O   O27       1.0  0.77751  0.23539500000000002  0.927896  1.0000
  O   O28       1.0  0.77751  0.23539500000000002  0.072104  1.0000
  O   O29       1.0  0.08308799999999997  0.0  0.9430199999999999  1.0000
  O   O30       1.0  0.08308799999999997  0.0  0.05697999999999999  1.0000
  O   O31       1.0  0.916912  0.5  0.55698  1.0000
  O   O32       1.0  0.916912  0.5  0.44302  1.0000
  O   O33       1.0  0.1407  0.0  0.786578  1.0000
  O   O34       1.0  0.1407  0.0  0.21342199999999997  1.0000
  O   O35       1.0  0.8592999999999998  0.5  0.713422  1.0000
  O   O36       1.0  0.8592999999999998  0.5  0.2865779999999999  1.0000
  O   O37       1.0  0.283787  0.0  0.649968  1.0000
  O   O38       1.0  0.283787  0.0  0.3500319999999999  1.0000
  O   O39       1.0  0.716213  0.5  0.850032  1.0000
  O   O40       1.0  0.716213  0.5  0.149968  1.0000
  O   O41       1.0  0.15184199999999995  0.0  0.4999999999999999  1.0000
  O   O42       1.0  0.8481579999999999  0.5  0.0  1.0000
  O   O43       1.0  0.6900919999999998  0.0  0.0  1.0000
  O   O44       1.0  0.30990799999999996  0.5  0.4999999999999999  1.0000
  O   O45       1.0  0.9071449999999998  0.0  0.8590599999999999  1.0000
  O   O46       1.0  0.9071449999999998  0.0  0.14094  1.0000
  O   O47       1.0  0.092855  0.5  0.64094  1.0000
  O   O48       1.0  0.092855  0.5  0.35906  1.0000
  O   O49       1.0  0.9375219999999997  0.0  0.711243  1.0000
  O   O50       1.0  0.9375219999999997  0.0  0.288757  1.0000
  O   O51       1.0  0.062477999999999985  0.5  0.788757  1.0000
  O   O52       1.0  0.062477999999999985  0.5  0.211243  1.0000
  O   O53       1.0  0.9494469999999998  0.0  0.5844949999999998  1.0000
  O   O54       1.0  0.9494469999999998  0.0  0.4155049999999999  1.0000
  O   O55       1.0  0.050553  0.5  0.9155049999999998  1.0000
  O   O56       1.0  0.050553  0.5  0.084495  1.0000
  O   O57       1.0  0.46521  0.0  0.9260609999999998  1.0000
  O   O58       1.0  0.46521  0.0  0.07393899999999999  1.0000
  O   O59       1.0  0.5347899999999999  0.5  0.5739389999999998  1.0000
  O   O60       1.0  0.5347899999999999  0.5  0.4260609999999999  1.0000
  O   O61       1.0  0.53069  0.0  0.828257  1.0000
  O   O62       1.0  0.53069  0.0  0.171743  1.0000
  O   O63       1.0  0.4693099999999999  0.5  0.671743  1.0000
  O   O64       1.0  0.4693099999999999  0.5  0.3282569999999999  1.0000
  O   O65       1.0  0.5161389999999999  0.0  0.7306399999999997  1.0000
  O   O66       1.0  0.5161389999999999  0.0  0.26936  1.0000
  O   O67       1.0  0.483861  0.5  0.7693599999999998  1.0000
  O   O68       1.0  0.483861  0.5  0.23063999999999996  1.0000
  O   O69       1.0  0.49868099999999993  0.0  0.563697  1.0000
  O   O70       1.0  0.49868099999999993  0.0  0.4363029999999999  1.0000
  O   O71       1.0  0.501319  0.5  0.936303  1.0000
  O   O72       1.0  0.501319  0.5  0.063697  1.0000
"
"# generated using pymatgen
data_MgH8C3(NO3)2
_symmetry_space_group_name_H-M   'P 1'
_cell_length_a   7.86321414
_cell_length_b   13.73812786
_cell_length_c   7.37876697
_cell_angle_alpha   90.00000000
_cell_angle_beta   90.00000000
_cell_angle_gamma   90.00000000
_symmetry_Int_Tables_number   1
_chemical_formula_structural   MgH8C3(NO3)2
_chemical_formula_sum   'Mg4 H32 C12 N8 O24'
_cell_volume   797.09750863
_cell_formula_units_Z   4
loop_
 _symmetry_equiv_pos_site_id
 _symmetry_equiv_pos_as_xyz
  1  'x, y, z'
loop_
 _atom_site_type_symbol
 _atom_site_label
 _atom_site_symmetry_multiplicity
 _atom_site_fract_x
 _atom_site_fract_y
 _atom_site_fract_z
 _atom_site_occupancy
  Mg  Mg0  1  0.71673974  0.66354984  0.76156531  1
  Mg  Mg1  1  0.78326026  0.33645016  0.26156531  1
  Mg  Mg2  1  0.28326026  0.16354984  0.73843469  1
  Mg  Mg3  1  0.21673974  0.83645016  0.23843469  1
  H  H4  1  0.42281414  0.68947009  0.47068641  1
  H  H5  1  0.07718586  0.31052991  0.97068641  1
  H  H6  1  0.57718583  0.18947009  0.02931359  1
  H  H7  1  0.92281417  0.81052991  0.52931359  1
  H  H8  1  0.00494043  0.71452213  0.00413992  1
  H  H9  1  0.49505958  0.28547787  0.50413993  1
  H  H10  1  0.99505955  0.21452213  0.49586007  1
  H  H11  1  0.50494045  0.78547787  0.99586007  1
  H  H12  1  0.82650969  0.52052733  0.47492377  1
  H  H13  1  0.67349031  0.47947267  0.97492377  1
  H  H14  1  0.17349031  0.02052733  0.02507623  1
  H  H15  1  0.32650969  0.97947267  0.52507623  1
  H  H16  1  0.56013799  0.97925263  0.78781791  1
  H  H17  1  0.93986201  0.02074738  0.28781791  1
  H  H18  1  0.43986201  0.47925263  0.71218209  1
  H  H19  1  0.06013799  0.52074737  0.21218209  1
  H  H20  1  0.72094974  0.89642362  0.80232735  1
  H  H21  1  0.77905026  0.10357638  0.30232735  1
  H  H22  1  0.27905026  0.39642362  0.69767265  1
  H  H23  1  0.22094974  0.60357638  0.19767265  1
  H  H24  1  0.69304292  0.96246147  0.60810469  1
  H  H25  1  0.80695708  0.03753852  0.10810469  1
  H  H26  1  0.30695708  0.46246147  0.89189531  1
  H  H27  1  0.19304292  0.53753853  0.39189531  1
  H  H28  1  0.90678868  0.03527621  0.78381202  1
  H  H29  1  0.59321132  0.96472377  0.28381202  1
  H  H30  1  0.09321132  0.53527623  0.71618798  1
  H  H31  1  0.40678868  0.46472380  0.21618798  1
  H  H32  1  0.73707325  0.10292687  0.78793716  1
  H  H33  1  0.76292675  0.89707314  0.28793716  1
  H  H34  1  0.26292675  0.60292686  0.71206284  1
  H  H35  1  0.23707325  0.39707314  0.21206284  1
  C  C36  1  0.47914585  0.76200991  0.49639011  1
  C  C37  1  0.02085415  0.23799009  0.99639011  1
  C  C38  1  0.52085415  0.26200991  0.00360989  1
  C  C39  1  0.97914585  0.73799009  0.50360989  1
  C  C40  1  0.93892020  0.78489061  0.99514903  1
  C  C41  1  0.56107980  0.21510939  0.49514903  1
  C  C42  1  0.06107983  0.28489061  0.50485097  1
  C  C43  1  0.43892017  0.71510939  0.00485098  1
  C  C44  1  0.69494718  0.49792125  0.50325388  1
  C  C45  1  0.80505282  0.50207878  0.00325388  1
  C  C46  1  0.30505282  0.99792122  0.99674612  1
  C  C47  1  0.19494718  0.00207875  0.49674612  1
  N  N48  1  0.68474854  0.96359711  0.74901473  1
  N  N49  1  0.81525146  0.03640291  0.24901473  1
  N  N50  1  0.31525146  0.46359708  0.75098527  1
  N  N51  1  0.18474854  0.53640289  0.25098527  1
  N  N52  1  0.78601463  0.03885633  0.83416150  1
  N  N53  1  0.71398537  0.96114370  0.33416150  1
  N  N54  1  0.21398537  0.53885630  0.66583850  1
  N  N55  1  0.28601463  0.46114367  0.16583850  1
  O  O56  1  0.59605602  0.76783927  0.61225056  1
  O  O57  1  0.90394398  0.23216073  0.11225056  1
  O  O58  1  0.40394398  0.26783927  0.88774944  1
  O  O59  1  0.09605602  0.73216073  0.38774944  1
  O  O60  1  0.42205184  0.83285935  0.40750285  1
  O  O61  1  0.07794816  0.16714065  0.90750282  1
  O  O62  1  0.57794819  0.33285935  0.09249715  1
  O  O63  1  0.92205181  0.66714065  0.59249718  1
  O  O64  1  0.80254099  0.78672119  0.90341139  1
  O  O65  1  0.69745901  0.21327881  0.40341139  1
  O  O66  1  0.19745901  0.28672119  0.59658861  1
  O  O67  1  0.30254099  0.71327881  0.09658862  1
  O  O68  1  0.00243362  0.85698343  0.07565300  1
  O  O69  1  0.49756639  0.14301657  0.57565297  1
  O  O70  1  0.99756639  0.35698343  0.42434700  1
  O  O71  1  0.50243361  0.64301657  0.92434703  1
  O  O72  1  0.61450631  0.54600732  0.62225567  1
  O  O73  1  0.88549369  0.45399268  0.12225567  1
  O  O74  1  0.38549369  0.04600732  0.87774433  1
  O  O75  1  0.11450631  0.95399268  0.37774433  1
  O  O76  1  0.63351086  0.42719931  0.41765963  1
  O  O77  1  0.86648914  0.57280066  0.91765963  1
  O  O78  1  0.36648914  0.92719934  0.08234037  1
  O  O79  1  0.13351086  0.07280069  0.58234037  1
",Rotate all surrounding atoms within 2.546140645151503 angstrom of the center atom at index 56 by 237.363067849727 degree around the axis [0. 1. 0.] in the cif file. The rotation should following the right-hand rule.,,"data_image0
_chemical_formula_structural       Mg4H32C12N8O24
_chemical_formula_sum              ""Mg4 H32 C12 N8 O24""
_cell_length_a       7.86321414
_cell_length_b       13.73812786
_cell_length_c       7.37876697
_cell_angle_alpha    90.0
_cell_angle_beta     90.0
_cell_angle_gamma    90.0

_space_group_name_H-M_alt    ""P 1""
_space_group_IT_number       1

loop_
  _space_group_symop_operation_xyz
  'x, y, z'

loop_
  _atom_site_type_symbol
  _atom_site_label
  _atom_site_symmetry_multiplicity
  _atom_site_fract_x
  _atom_site_fract_y
  _atom_site_fract_z
  _atom_site_occupancy
  Mg  Mg1       1.0  0.4129776207698409  0.66354984  0.6400237552317627  1.0000
  Mg  Mg2       1.0  0.7832602599999998  0.33645016  0.2615653100000001  1.0000
  Mg  Mg3       1.0  0.28326026  0.16354984  0.73843469  1.0000
  Mg  Mg4       1.0  0.21673973999999993  0.83645016  0.23843469000000006  1.0000
  H   H1        1.0  0.8013550495933612  0.68947009  0.5331320520176908  1.0000
  H   H2        1.0  0.07718586  0.31052991  0.9706864100000002  1.0000
  H   H3        1.0  0.5771858299999998  0.18947009  0.029313590000000007  1.0000
  H   H4        1.0  0.9228141699999998  0.81052991  0.52931359  1.0000
  H   H5        1.0  0.00494043  0.7145221300000001  0.00413992  1.0000
  H   H6        1.0  0.4950595799999999  0.28547787  0.5041399300000002  1.0000
  H   H7        1.0  0.9950595499999998  0.21452213  0.4958600700000001  1.0000
  H   H8        1.0  0.50494045  0.78547787  0.9958600700000002  1.0000
  H   H9        1.0  0.8265096899999999  0.52052733  0.47492377000000013  1.0000
  H   H10       1.0  0.67349031  0.47947267  0.97492377  1.0000
  H   H11       1.0  0.17349030999999995  0.020527330000000003  0.02507623000000001  1.0000
  H   H12       1.0  0.32650969  0.9794726700000002  0.52507623  1.0000
  H   H13       1.0  0.5601379899999998  0.97925263  0.7878179100000002  1.0000
  H   H14       1.0  0.93986201  0.02074738  0.2878179100000001  1.0000
  H   H15       1.0  0.4398620099999999  0.47925263  0.7121820900000002  1.0000
  H   H16       1.0  0.06013798999999999  0.52074737  0.21218209  1.0000
  H   H17       1.0  0.3784959907598071  0.89642362  0.6218182514895074  1.0000
  H   H18       1.0  0.77905026  0.10357638  0.30232735  1.0000
  H   H19       1.0  0.2790502599999999  0.39642362  0.6976726500000002  1.0000
  H   H20       1.0  0.22094973999999995  0.60357638  0.19767265  1.0000
  H   H21       1.0  0.69304292  0.9624614700000002  0.6081046900000002  1.0000
  H   H22       1.0  0.8069570799999998  0.03753852  0.10810469000000003  1.0000
  H   H23       1.0  0.30695708  0.46246147  0.8918953100000002  1.0000
  H   H24       1.0  0.19304291999999995  0.53753853  0.39189531000000005  1.0000
  H   H25       1.0  0.90678868  0.03527621  0.7838120200000003  1.0000
  H   H26       1.0  0.5932113199999998  0.96472377  0.28381202  1.0000
  H   H27       1.0  0.09321132  0.53527623  0.7161879800000002  1.0000
  H   H28       1.0  0.4067886799999999  0.4647238  0.21618798000000003  1.0000
  H   H29       1.0  0.7370732499999998  0.10292687  0.78793716  1.0000
  H   H30       1.0  0.7629267499999998  0.89707314  0.28793716000000014  1.0000
  H   H31       1.0  0.26292675  0.60292686  0.71206284  1.0000
  H   H32       1.0  0.23707324999999996  0.39707314  0.21206284000000006  1.0000
  C   C1        1.0  0.7506629200989566  0.76200991  0.5698213583441898  1.0000
  C   C2        1.0  0.02085414999999999  0.23799009  0.9963901100000002  1.0000
  C   C3        1.0  0.5208541499999998  0.26200991  0.0036098900000000006  1.0000
  C   C4        1.0  0.97914585  0.73799009  0.50360989  1.0000
  C   C5        1.0  0.9389201999999998  0.78489061  0.99514903  1.0000
  C   C6        1.0  0.5610797999999998  0.21510939  0.4951490300000001  1.0000
  C   C7        1.0  0.06107982999999999  0.28489061  0.50485097  1.0000
  C   C8        1.0  0.43892017  0.71510939  0.00485098  1.0000
  C   C9        1.0  0.6949471799999998  0.49792125000000004  0.50325388  1.0000
  C   C10       1.0  0.80505282  0.50207878  0.0032538800000000007  1.0000
  C   C11       1.0  0.3050528199999999  0.99792122  0.9967461200000002  1.0000
  C   C12       1.0  0.19494717999999994  0.00207875  0.4967461200000001  1.0000
  N   N1        1.0  0.6847485399999997  0.96359711  0.7490147300000002  1.0000
  N   N2        1.0  0.8152514599999998  0.03640291  0.24901473  1.0000
  N   N3        1.0  0.31525146  0.46359708  0.7509852700000003  1.0000
  N   N4        1.0  0.18474854  0.53640289  0.25098527000000004  1.0000
  N   N5        1.0  0.78601463  0.03885633  0.8341615  1.0000
  N   N6        1.0  0.7139853699999997  0.9611437  0.3341615000000001  1.0000
  N   N7        1.0  0.21398536999999995  0.5388563  0.6658385000000002  1.0000
  N   N8        1.0  0.28601463  0.46114367  0.16583850000000006  1.0000
  O   O1        1.0  0.5960560199999998  0.76783927  0.6122505600000002  1.0000
  O   O2        1.0  0.90394398  0.23216073  0.11225056000000003  1.0000
  O   O3        1.0  0.4039439799999999  0.26783927  0.8877494400000002  1.0000
  O   O4        1.0  0.09605601999999998  0.73216073  0.3877494400000001  1.0000
  O   O5        1.0  0.8516952983060595  0.83285935  0.56652372957174  1.0000
  O   O6        1.0  0.07794816  0.16714065  0.9075028200000003  1.0000
  O   O7        1.0  0.57794819  0.33285934999999994  0.09249715000000003  1.0000
  O   O8        1.0  0.9220518099999998  0.66714065  0.5924971800000001  1.0000
  O   O9        1.0  0.80254099  0.7867211900000001  0.9034113900000003  1.0000
  O   O10       1.0  0.6974590099999998  0.21327881  0.4034113900000001  1.0000
  O   O11       1.0  0.19745900999999993  0.28672119  0.5965886100000002  1.0000
  O   O12       1.0  0.3025409899999999  0.71327881  0.09658862000000003  1.0000
  O   O13       1.0  0.002433619999999999  0.8569834299999999  0.075653  1.0000
  O   O14       1.0  0.4975663899999999  0.14301657  0.5756529700000003  1.0000
  O   O15       1.0  0.9975663899999998  0.35698343  0.4243470000000001  1.0000
  O   O16       1.0  0.50243361  0.64301657  0.9243470300000001  1.0000
  O   O17       1.0  0.61450631  0.54600732  0.6222556700000003  1.0000
  O   O18       1.0  0.8854936899999998  0.45399268  0.12225567000000002  1.0000
  O   O19       1.0  0.3854936899999999  0.04600732  0.8777443300000002  1.0000
  O   O20       1.0  0.11450630999999997  0.95399268  0.37774433  1.0000
  O   O21       1.0  0.63351086  0.42719931  0.4176596300000001  1.0000
  O   O22       1.0  0.8664891399999998  0.57280066  0.9176596300000001  1.0000
  O   O23       1.0  0.3664891399999999  0.92719934  0.08234037  1.0000
  O   O24       1.0  0.13351085999999995  0.07280069  0.5823403700000003  1.0000
"
"# generated using pymatgen
data_PuUP4H4(CO8)2
_symmetry_space_group_name_H-M   'P 1'
_cell_length_a   20.33854000
_cell_length_b   5.62213000
_cell_length_c   7.21333165
_cell_angle_alpha   80.03725998
_cell_angle_beta   90.00000000
_cell_angle_gamma   90.00000000
_symmetry_Int_Tables_number   1
_chemical_formula_structural   PuUP4H4(CO8)2
_chemical_formula_sum   'Pu2 U2 P8 H8 C4 O32'
_cell_volume   812.37719151
_cell_formula_units_Z   2
loop_
 _symmetry_equiv_pos_site_id
 _symmetry_equiv_pos_as_xyz
  1  'x, y, z'
loop_
 _atom_site_type_symbol
 _atom_site_label
 _atom_site_symmetry_multiplicity
 _atom_site_fract_x
 _atom_site_fract_y
 _atom_site_fract_z
 _atom_site_occupancy
  Pu  Pu0  1  0.25000000  0.68396700  0.84713500  1
  Pu  Pu1  1  0.75000000  0.31603300  0.15286500  1
  U  U2  1  0.50000000  0.50000000  0.50000000  1
  U  U3  1  0.00000000  0.50000000  0.50000000  1
  P  P4  1  0.37836200  0.90482500  0.18087300  1
  P  P5  1  0.87836200  0.09517500  0.81912700  1
  P  P6  1  0.62163800  0.09517500  0.81912700  1
  P  P7  1  0.12163800  0.90482500  0.18087300  1
  P  P8  1  0.36487700  0.19665500  0.78440400  1
  P  P9  1  0.86487700  0.80334500  0.21559600  1
  P  P10  1  0.63512300  0.80334500  0.21559600  1
  P  P11  1  0.13512300  0.19665500  0.78440400  1
  H  H12  1  0.45149200  0.95079300  0.91392400  1
  H  H13  1  0.95149200  0.04920700  0.08607600  1
  H  H14  1  0.54850800  0.04920700  0.08607600  1
  H  H15  1  0.04850800  0.95079300  0.91392400  1
  H  H16  1  0.44774300  0.22002500  0.01703200  1
  H  H17  1  0.94774300  0.77997500  0.98296800  1
  H  H18  1  0.55225700  0.77997500  0.98296800  1
  H  H19  1  0.05225700  0.22002500  0.01703200  1
  C  C20  1  0.41881900  0.07332600  0.97435800  1
  C  C21  1  0.91881900  0.92667400  0.02564200  1
  C  C22  1  0.58118100  0.92667400  0.02564200  1
  C  C23  1  0.08118100  0.07332600  0.97435800  1
  O  O24  1  0.31856900  0.99452100  0.74700600  1
  O  O25  1  0.81856900  0.00547900  0.25299400  1
  O  O26  1  0.68143100  0.00547900  0.25299400  1
  O  O27  1  0.18143100  0.99452100  0.74700600  1
  O  O28  1  0.48928000  0.68871900  0.67750800  1
  O  O29  1  0.98928000  0.31128100  0.32249200  1
  O  O30  1  0.51072000  0.31128100  0.32249200  1
  O  O31  1  0.01072000  0.68871900  0.67750800  1
  O  O32  1  0.43147200  0.74316300  0.28848300  1
  O  O33  1  0.93147200  0.25683700  0.71151700  1
  O  O34  1  0.56852800  0.25683700  0.71151700  1
  O  O35  1  0.06852800  0.74316300  0.28848300  1
  O  O36  1  0.25000000  0.68509700  0.59704000  1
  O  O37  1  0.75000000  0.31490300  0.40296000  1
  O  O38  1  0.25000000  0.46583600  0.13399900  1
  O  O39  1  0.75000000  0.53416400  0.86600100  1
  O  O40  1  0.32133900  0.76406900  0.10484200  1
  O  O41  1  0.82133900  0.23593100  0.89515800  1
  O  O42  1  0.67866100  0.23593100  0.89515800  1
  O  O43  1  0.17866100  0.76406900  0.10484200  1
  O  O44  1  0.34574800  0.07435800  0.29775400  1
  O  O45  1  0.84574800  0.92564200  0.70224600  1
  O  O46  1  0.65425200  0.92564200  0.70224600  1
  O  O47  1  0.15425200  0.07435800  0.29775400  1
  O  O48  1  0.40836500  0.29062200  0.61483700  1
  O  O49  1  0.90836500  0.70937800  0.38516300  1
  O  O50  1  0.59163500  0.70937800  0.38516300  1
  O  O51  1  0.09163500  0.29062200  0.61483700  1
  O  O52  1  0.32502300  0.40483800  0.84797400  1
  O  O53  1  0.82502300  0.59516200  0.15202600  1
  O  O54  1  0.67497700  0.59516200  0.15202600  1
  O  O55  1  0.17497700  0.40483800  0.84797400  1
",Rotate all surrounding atoms within 3.747829260020694 angstrom of the center atom at index 0 by 259.8734964993154 degree around the axis [1. 0. 0.] in the cif file. The rotation should following the right-hand rule.,,"data_image0
_chemical_formula_structural       Pu2U2P8H8C4O32
_chemical_formula_sum              ""Pu2 U2 P8 H8 C4 O32""
_cell_length_a       20.33854
_cell_length_b       5.62213
_cell_length_c       7.21333165
_cell_angle_alpha    80.03725998
_cell_angle_beta     90.0
_cell_angle_gamma    90.0

_space_group_name_H-M_alt    ""P 1""
_space_group_IT_number       1

loop_
  _space_group_symop_operation_xyz
  'x, y, z'

loop_
  _atom_site_type_symbol
  _atom_site_label
  _atom_site_symmetry_multiplicity
  _atom_site_fract_x
  _atom_site_fract_y
  _atom_site_fract_z
  _atom_site_occupancy
  Pu  Pu1       1.0  0.25  0.6839670000000002  0.847135  1.0000
  Pu  Pu2       1.0  0.75  0.316033  0.152865  1.0000
  U   U1        1.0  0.5  0.5  0.5  1.0000
  U   U2        1.0  0.0  0.5  0.5  1.0000
  P   P1        1.0  0.378362  0.904825  0.18087299999999998  1.0000
  P   P2        1.0  0.878362  0.095175  0.819127  1.0000
  P   P3        1.0  0.621638  0.095175  0.819127  1.0000
  P   P4        1.0  0.121638  0.904825  0.18087299999999998  1.0000
  P   P5        1.0  0.364877  0.6049364791262121  0.24863468778122044  1.0000
  P   P6        1.0  0.8648770000000001  0.8033450000000001  0.215596  1.0000
  P   P7        1.0  0.635123  0.8033450000000001  0.215596  1.0000
  P   P8        1.0  0.135123  0.6049364791262121  0.24863468778122044  1.0000
  H   H1        1.0  0.45149200000000006  0.9507930000000001  0.913924  1.0000
  H   H2        1.0  0.951492  0.049207  0.086076  1.0000
  H   H3        1.0  0.548508  0.049207  0.086076  1.0000
  H   H4        1.0  0.048508  0.9507930000000001  0.913924  1.0000
  H   H5        1.0  0.44774300000000006  0.22002500000000005  0.017032  1.0000
  H   H6        1.0  0.947743  0.7799750000000001  0.982968  1.0000
  H   H7        1.0  0.552257  0.7799750000000001  0.982968  1.0000
  H   H8        1.0  0.05225699999999999  0.22002500000000005  0.017032  1.0000
  C   C1        1.0  0.418819  0.073326  0.974358  1.0000
  C   C2        1.0  0.918819  0.926674  0.025642  1.0000
  C   C3        1.0  0.581181  0.926674  0.025642  1.0000
  C   C4        1.0  0.081181  0.073326  0.974358  1.0000
  O   O1        1.0  0.318569  0.5546628258076658  0.6401283844027683  1.0000
  O   O2        1.0  0.818569  0.005478999999999997  0.252994  1.0000
  O   O3        1.0  0.681431  0.005478999999999997  0.252994  1.0000
  O   O4        1.0  0.181431  0.5546628258076658  0.6401283844027683  1.0000
  O   O5        1.0  0.48928000000000005  0.6887190000000002  0.677508  1.0000
  O   O6        1.0  0.98928  0.311281  0.32249199999999995  1.0000
  O   O7        1.0  0.51072  0.311281  0.32249199999999995  1.0000
  O   O8        1.0  0.01072  0.6887190000000002  0.677508  1.0000
  O   O9        1.0  0.431472  0.7431630000000001  0.288483  1.0000
  O   O10       1.0  0.9314720000000001  0.2568369999999999  0.711517  1.0000
  O   O11       1.0  0.568528  0.2568369999999999  0.711517  1.0000
  O   O12       1.0  0.068528  0.7431630000000001  0.288483  1.0000
  O   O13       1.0  0.25  0.3632480703809066  0.9334734090368099  1.0000
  O   O14       1.0  0.75  0.31490300000000004  0.40296  1.0000
  O   O15       1.0  0.25  0.7700920180571592  0.26576270084680087  1.0000
  O   O16       1.0  0.75  0.5341640000000002  0.8660009999999998  1.0000
  O   O17       1.0  0.321339  0.7318363387351922  0.0436033779769569  1.0000
  O   O18       1.0  0.821339  0.23593100000000014  0.895158  1.0000
  O   O19       1.0  0.678661  0.23593100000000014  0.895158  1.0000
  O   O20       1.0  0.178661  0.7318363387351922  0.0436033779769569  1.0000
  O   O21       1.0  0.345748  0.074358  0.297754  1.0000
  O   O22       1.0  0.845748  0.9256420000000001  0.702246  1.0000
  O   O23       1.0  0.654252  0.9256420000000001  0.702246  1.0000
  O   O24       1.0  0.154252  0.074358  0.297754  1.0000
  O   O25       1.0  0.40836500000000003  0.29062200000000005  0.6148369999999999  1.0000
  O   O26       1.0  0.908365  0.7093780000000001  0.385163  1.0000
  O   O27       1.0  0.591635  0.7093780000000001  0.385163  1.0000
  O   O28       1.0  0.091635  0.29062200000000005  0.6148369999999999  1.0000
  O   O29       1.0  0.325023  0.6858529364022976  0.0642877278392826  1.0000
  O   O30       1.0  0.8250229999999998  0.595162  0.152026  1.0000
  O   O31       1.0  0.674977  0.595162  0.152026  1.0000
  O   O32       1.0  0.174977  0.6858529364022976  0.0642877278392826  1.0000
"
"# generated using pymatgen
data_Ba2B5O11
_symmetry_space_group_name_H-M   'P 1'
_cell_length_a   16.60913300
_cell_length_b   6.79983900
_cell_length_c   8.40067713
_cell_angle_alpha   73.72019708
_cell_angle_beta   90.00000000
_cell_angle_gamma   90.00000000
_symmetry_Int_Tables_number   1
_chemical_formula_structural   Ba2B5O11
_chemical_formula_sum   'Ba8 B20 O44'
_cell_volume   910.72606057
_cell_formula_units_Z   4
loop_
 _symmetry_equiv_pos_site_id
 _symmetry_equiv_pos_as_xyz
  1  'x, y, z'
loop_
 _atom_site_type_symbol
 _atom_site_label
 _atom_site_symmetry_multiplicity
 _atom_site_fract_x
 _atom_site_fract_y
 _atom_site_fract_z
 _atom_site_occupancy
  Ba  Ba0  1  0.28399800  0.53172500  0.89995200  1
  Ba  Ba1  1  0.78399800  0.46827500  0.60004800  1
  Ba  Ba2  1  0.71600200  0.46827500  0.10004800  1
  Ba  Ba3  1  0.21600200  0.53172500  0.39995200  1
  Ba  Ba4  1  0.43233900  0.09811500  0.69094400  1
  Ba  Ba5  1  0.93233900  0.90188500  0.80905600  1
  Ba  Ba6  1  0.56766100  0.90188500  0.30905600  1
  Ba  Ba7  1  0.06766100  0.09811500  0.19094400  1
  B  B8  1  0.24207500  0.02379000  0.86534400  1
  B  B9  1  0.74207500  0.97621000  0.63465600  1
  B  B10  1  0.75792500  0.97621000  0.13465600  1
  B  B11  1  0.25792500  0.02379000  0.36534400  1
  B  B12  1  0.58240800  0.36042800  0.79139400  1
  B  B13  1  0.08240800  0.63957200  0.70860600  1
  B  B14  1  0.41759200  0.63957200  0.20860600  1
  B  B15  1  0.91759200  0.36042800  0.29139400  1
  B  B16  1  0.66214400  0.01354400  0.87723500  1
  B  B17  1  0.16214400  0.98645600  0.62276500  1
  B  B18  1  0.33785600  0.98645600  0.12276500  1
  B  B19  1  0.83785600  0.01354400  0.37723500  1
  B  B20  1  0.37135400  0.26784200  0.25628300  1
  B  B21  1  0.87135400  0.73215800  0.24371700  1
  B  B22  1  0.62864600  0.73215800  0.74371700  1
  B  B23  1  0.12864600  0.26784200  0.75628300  1
  B  B24  1  0.48109500  0.64047000  0.71350500  1
  B  B25  1  0.98109500  0.35953000  0.78649500  1
  B  B26  1  0.51890500  0.35953000  0.28649500  1
  B  B27  1  0.01890500  0.64047000  0.21350500  1
  O  O28  1  0.59234700  0.15316600  0.82487800  1
  O  O29  1  0.09234700  0.84683400  0.67512200  1
  O  O30  1  0.40765300  0.84683400  0.17512200  1
  O  O31  1  0.90765300  0.15316600  0.32487800  1
  O  O32  1  0.55016700  0.78073600  0.65935200  1
  O  O33  1  0.05016700  0.21926400  0.84064800  1
  O  O34  1  0.44983300  0.21926400  0.34064800  1
  O  O35  1  0.94983300  0.78073600  0.15935200  1
  O  O36  1  0.36164500  0.19709300  0.10924500  1
  O  O37  1  0.86164500  0.80290700  0.39075500  1
  O  O38  1  0.63835500  0.80290700  0.89075500  1
  O  O39  1  0.13835500  0.19709300  0.60924500  1
  O  O40  1  0.31026900  0.96256800  0.95976400  1
  O  O41  1  0.81026900  0.03743200  0.54023600  1
  O  O42  1  0.68973100  0.03743200  0.04023600  1
  O  O43  1  0.18973100  0.96256800  0.45976400  1
  O  O44  1  0.35719800  0.49921400  0.20597600  1
  O  O45  1  0.85719800  0.50078600  0.29402400  1
  O  O46  1  0.64280200  0.50078600  0.79402400  1
  O  O47  1  0.14280200  0.49921400  0.70597600  1
  O  O48  1  0.19252500  0.17908100  0.88325200  1
  O  O49  1  0.69252500  0.82091900  0.61674800  1
  O  O50  1  0.80747500  0.82091900  0.11674800  1
  O  O51  1  0.30747500  0.17908100  0.38325200  1
  O  O52  1  0.22944000  0.92434700  0.74523100  1
  O  O53  1  0.72944000  0.07565300  0.75476900  1
  O  O54  1  0.77056000  0.07565300  0.25476900  1
  O  O55  1  0.27056000  0.92434700  0.24523100  1
  O  O56  1  0.50489500  0.42702700  0.74539300  1
  O  O57  1  0.00489500  0.57297300  0.75460700  1
  O  O58  1  0.49510500  0.57297300  0.25460700  1
  O  O59  1  0.99510500  0.42702700  0.24539300  1
  O  O60  1  0.41474200  0.70556900  0.59392000  1
  O  O61  1  0.91474200  0.29443100  0.90608000  1
  O  O62  1  0.58525800  0.29443100  0.40608000  1
  O  O63  1  0.08525800  0.70556900  0.09392000  1
  O  O64  1  0.43774500  0.68864000  0.84762200  1
  O  O65  1  0.93774500  0.31136000  0.65237800  1
  O  O66  1  0.56225500  0.31136000  0.15237800  1
  O  O67  1  0.06225500  0.68864000  0.34762200  1
  O  O68  1  0.33408400  0.43423300  0.63372200  1
  O  O69  1  0.83408400  0.56576700  0.86627800  1
  O  O70  1  0.66591600  0.56576700  0.36627800  1
  O  O71  1  0.16591600  0.43423300  0.13372200  1
",Rotate all surrounding atoms within 2.0591586099014907 angstrom of the center atom at index 46 by 282.9759606208743 degree around the axis [0. 1. 0.] in the cif file. The rotation should following the right-hand rule.,,"data_image0
_chemical_formula_structural       Ba8B20O44
_chemical_formula_sum              ""Ba8 B20 O44""
_cell_length_a       16.609133
_cell_length_b       6.799839
_cell_length_c       8.40067713
_cell_angle_alpha    73.72019708
_cell_angle_beta     90.0
_cell_angle_gamma    90.0

_space_group_name_H-M_alt    ""P 1""
_space_group_IT_number       1

loop_
  _space_group_symop_operation_xyz
  'x, y, z'

loop_
  _atom_site_type_symbol
  _atom_site_label
  _atom_site_symmetry_multiplicity
  _atom_site_fract_x
  _atom_site_fract_y
  _atom_site_fract_z
  _atom_site_occupancy
  Ba  Ba1       1.0  0.283998  0.531725  0.899952  1.0000
  Ba  Ba2       1.0  0.783998  0.4682750000000001  0.600048  1.0000
  Ba  Ba3       1.0  0.716002  0.4682750000000001  0.100048  1.0000
  Ba  Ba4       1.0  0.21600200000000006  0.531725  0.399952  1.0000
  Ba  Ba5       1.0  0.432339  0.09811500000000005  0.6909439999999998  1.0000
  Ba  Ba6       1.0  0.932339  0.9018850000000004  0.809056  1.0000
  Ba  Ba7       1.0  0.567661  0.9018850000000003  0.309056  1.0000
  Ba  Ba8       1.0  0.067661  0.09811500000000005  0.190944  1.0000
  B   B1        1.0  0.24207500000000004  0.023789999999999964  0.865344  1.0000
  B   B2        1.0  0.742075  0.97621  0.634656  1.0000
  B   B3        1.0  0.7579250000000002  0.97621  0.134656  1.0000
  B   B4        1.0  0.2579250000000001  0.02378999999999998  0.365344  1.0000
  B   B5        1.0  0.630485273615399  0.40170215233421086  0.6722161706618858  1.0000
  B   B6        1.0  0.082408  0.6395719999999999  0.708606  1.0000
  B   B7        1.0  0.417592  0.639572  0.20860599999999996  1.0000
  B   B8        1.0  0.9175920000000002  0.3604280000000001  0.291394  1.0000
  B   B9        1.0  0.662144  0.013544000000000035  0.877235  1.0000
  B   B10       1.0  0.162144  0.986456  0.622765  1.0000
  B   B11       1.0  0.337856  0.986456  0.122765  1.0000
  B   B12       1.0  0.837856  0.013544000000000002  0.377235  1.0000
  B   B13       1.0  0.371354  0.26784200000000014  0.256283  1.0000
  B   B14       1.0  0.871354  0.7321580000000002  0.243717  1.0000
  B   B15       1.0  0.6634240725272454  0.7284875420667107  0.7543153329620974  1.0000
  B   B16       1.0  0.128646  0.267842  0.756283  1.0000
  B   B17       1.0  0.481095  0.6404700000000001  0.713505  1.0000
  B   B18       1.0  0.9810950000000002  0.35953  0.786495  1.0000
  B   B19       1.0  0.518905  0.35953  0.2864949999999999  1.0000
  B   B20       1.0  0.018905  0.6404700000000002  0.213505  1.0000
  O   O1        1.0  0.592347  0.153166  0.824878  1.0000
  O   O2        1.0  0.09234700000000001  0.8468340000000002  0.675122  1.0000
  O   O3        1.0  0.407653  0.8468340000000002  0.17512199999999994  1.0000
  O   O4        1.0  0.9076530000000003  0.153166  0.324878  1.0000
  O   O5        1.0  0.550167  0.780736  0.659352  1.0000
  O   O6        1.0  0.05016700000000002  0.21926399999999996  0.840648  1.0000
  O   O7        1.0  0.449833  0.21926400000000007  0.3406479999999999  1.0000
  O   O8        1.0  0.9498330000000003  0.780736  0.159352  1.0000
  O   O9        1.0  0.361645  0.19709300000000005  0.109245  1.0000
  O   O10       1.0  0.861645  0.802907  0.390755  1.0000
  O   O11       1.0  0.638355  0.802907  0.890755  1.0000
  O   O12       1.0  0.138355  0.19709300000000007  0.609245  1.0000
  O   O13       1.0  0.310269  0.9625680000000001  0.959764  1.0000
  O   O14       1.0  0.810269  0.03743200000000001  0.540236  1.0000
  O   O15       1.0  0.689731  0.03743200000000001  0.040236  1.0000
  O   O16       1.0  0.189731  0.9625680000000002  0.4597639999999999  1.0000
  O   O17       1.0  0.357198  0.4992140000000001  0.205976  1.0000
  O   O18       1.0  0.8571980000000002  0.500786  0.294024  1.0000
  O   O19       1.0  0.642802  0.500786  0.794024  1.0000
  O   O20       1.0  0.14280200000000007  0.49921400000000005  0.705976  1.0000
  O   O21       1.0  0.192525  0.17908100000000002  0.883252  1.0000
  O   O22       1.0  0.692525  0.8209190000000002  0.616748  1.0000
  O   O23       1.0  0.807475  0.8209190000000002  0.116748  1.0000
  O   O24       1.0  0.307475  0.17908100000000002  0.383252  1.0000
  O   O25       1.0  0.22944  0.924347  0.745231  1.0000
  O   O26       1.0  0.72944  0.07565300000000011  0.7547689999999998  1.0000
  O   O27       1.0  0.77056  0.075653  0.254769  1.0000
  O   O28       1.0  0.27056  0.9243470000000001  0.245231  1.0000
  O   O29       1.0  0.504895  0.42702700000000016  0.745393  1.0000
  O   O30       1.0  0.004895000000000002  0.5729730000000002  0.754607  1.0000
  O   O31       1.0  0.4951050000000001  0.572973  0.254607  1.0000
  O   O32       1.0  0.9951050000000001  0.42702700000000016  0.245393  1.0000
  O   O33       1.0  0.414742  0.7055690000000002  0.59392  1.0000
  O   O34       1.0  0.914742  0.29443099999999994  0.90608  1.0000
  O   O35       1.0  0.585258  0.2944310000000001  0.40608  1.0000
  O   O36       1.0  0.085258  0.7055690000000001  0.09392  1.0000
  O   O37       1.0  0.43774500000000005  0.68864  0.847622  1.0000
  O   O38       1.0  0.937745  0.31136  0.6523779999999998  1.0000
  O   O39       1.0  0.562255  0.31136  0.152378  1.0000
  O   O40       1.0  0.062255000000000005  0.68864  0.347622  1.0000
  O   O41       1.0  0.3340840000000001  0.43423300000000004  0.633722  1.0000
  O   O42       1.0  0.834084  0.5657670000000002  0.866278  1.0000
  O   O43       1.0  0.6659160000000002  0.565767  0.366278  1.0000
  O   O44       1.0  0.16591600000000006  0.4342330000000001  0.133722  1.0000
"
"# generated using pymatgen
data_NbBi4BrO8
_symmetry_space_group_name_H-M   'P 1'
_cell_length_a   5.58090400
_cell_length_b   5.65393800
_cell_length_c   29.81277200
_cell_angle_alpha   90.00000000
_cell_angle_beta   90.00000000
_cell_angle_gamma   90.00000000
_symmetry_Int_Tables_number   1
_chemical_formula_structural   NbBi4BrO8
_chemical_formula_sum   'Nb4 Bi16 Br4 O32'
_cell_volume   940.71474773
_cell_formula_units_Z   4
loop_
 _symmetry_equiv_pos_site_id
 _symmetry_equiv_pos_as_xyz
  1  'x, y, z'
loop_
 _atom_site_type_symbol
 _atom_site_label
 _atom_site_symmetry_multiplicity
 _atom_site_fract_x
 _atom_site_fract_y
 _atom_site_fract_z
 _atom_site_occupancy
  Nb  Nb0  1  0.99831700  0.25723500  0.24969500  1
  Nb  Nb1  1  0.49831700  0.74276500  0.75030500  1
  Nb  Nb2  1  0.49831700  0.75723500  0.25030500  1
  Nb  Nb3  1  0.99831700  0.24276500  0.74969500  1
  Bi  Bi4  1  0.98552300  0.69395500  0.34012200  1
  Bi  Bi5  1  0.48552300  0.30604500  0.65987800  1
  Bi  Bi6  1  0.48552300  0.19395500  0.15987800  1
  Bi  Bi7  1  0.98552300  0.80604500  0.84012200  1
  Bi  Bi8  1  0.99778800  0.24156500  0.07255800  1
  Bi  Bi9  1  0.49778800  0.75843500  0.92744200  1
  Bi  Bi10  1  0.49778800  0.74156500  0.42744200  1
  Bi  Bi11  1  0.99778800  0.25843500  0.57255800  1
  Bi  Bi12  1  0.02743600  0.69719300  0.15842200  1
  Bi  Bi13  1  0.52743600  0.30280700  0.84157800  1
  Bi  Bi14  1  0.52743600  0.19719300  0.34157800  1
  Bi  Bi15  1  0.02743600  0.80280700  0.65842200  1
  Bi  Bi16  1  0.01627500  0.24248200  0.42743600  1
  Bi  Bi17  1  0.51627500  0.75751800  0.57256400  1
  Bi  Bi18  1  0.51627500  0.74248200  0.07256400  1
  Bi  Bi19  1  0.01627500  0.25751800  0.92743600  1
  Br  Br20  1  0.50526800  0.24995000  0.50153200  1
  Br  Br21  1  0.00526800  0.75005000  0.49846800  1
  Br  Br22  1  0.00526800  0.74995000  0.99846800  1
  Br  Br23  1  0.50526800  0.25005000  0.00153200  1
  O  O24  1  0.75182100  0.99460700  0.11016700  1
  O  O25  1  0.25182100  0.00539300  0.88983300  1
  O  O26  1  0.25182100  0.49460700  0.38983300  1
  O  O27  1  0.75182100  0.50539300  0.61016700  1
  O  O28  1  0.25461700  0.00235300  0.10838900  1
  O  O29  1  0.75461700  0.99764700  0.89161100  1
  O  O30  1  0.75461700  0.50235300  0.39161100  1
  O  O31  1  0.25461700  0.49764700  0.60838900  1
  O  O32  1  0.76205600  0.49537000  0.10929400  1
  O  O33  1  0.26205600  0.50463000  0.89070600  1
  O  O34  1  0.26205600  0.99537000  0.39070600  1
  O  O35  1  0.76205600  0.00463000  0.60929400  1
  O  O36  1  0.25559300  0.50496700  0.10790500  1
  O  O37  1  0.75559300  0.49503300  0.89209500  1
  O  O38  1  0.75559300  0.00496700  0.39209500  1
  O  O39  1  0.25559300  0.99503300  0.60790500  1
  O  O40  1  0.39388600  0.83196600  0.18735900  1
  O  O41  1  0.89388600  0.16803400  0.81264100  1
  O  O42  1  0.89388600  0.33196600  0.31264100  1
  O  O43  1  0.39388600  0.66803400  0.68735900  1
  O  O44  1  0.61338900  0.83139100  0.31210600  1
  O  O45  1  0.11338900  0.16860900  0.68789400  1
  O  O46  1  0.11338900  0.33139100  0.18789400  1
  O  O47  1  0.61338900  0.66860900  0.81210600  1
  O  O48  1  0.24534900  0.55314100  0.26779900  1
  O  O49  1  0.74534900  0.44685900  0.73220100  1
  O  O50  1  0.74534900  0.05314100  0.23220100  1
  O  O51  1  0.24534900  0.94685900  0.76779900  1
  O  O52  1  0.74168200  0.54631000  0.23288000  1
  O  O53  1  0.24168200  0.45369000  0.76712000  1
  O  O54  1  0.24168200  0.04631000  0.26712000  1
  O  O55  1  0.74168200  0.95369000  0.73288000  1
",Rotate all surrounding atoms within 3.349195156561403 angstrom of the center atom at index 33 by 130.80162659523054 degree around the axis [1. 0. 0.] in the cif file. The rotation should following the right-hand rule.,,"data_image0
_chemical_formula_structural       Nb4Bi16Br4O32
_chemical_formula_sum              ""Nb4 Bi16 Br4 O32""
_cell_length_a       5.580904
_cell_length_b       5.653938
_cell_length_c       29.812772
_cell_angle_alpha    90.0
_cell_angle_beta     90.0
_cell_angle_gamma    90.0

_space_group_name_H-M_alt    ""P 1""
_space_group_IT_number       1

loop_
  _space_group_symop_operation_xyz
  'x, y, z'

loop_
  _atom_site_type_symbol
  _atom_site_label
  _atom_site_symmetry_multiplicity
  _atom_site_fract_x
  _atom_site_fract_y
  _atom_site_fract_z
  _atom_site_occupancy
  Nb  Nb1       1.0  0.9983170000000002  0.257235  0.24969499999999994  1.0000
  Nb  Nb2       1.0  0.4983170000000001  0.742765  0.750305  1.0000
  Nb  Nb3       1.0  0.4983170000000001  0.7572350000000002  0.250305  1.0000
  Nb  Nb4       1.0  0.9983170000000002  0.24276500000000004  0.749695  1.0000
  Bi  Bi1       1.0  0.9855230000000001  0.6939550000000001  0.34012199999999987  1.0000
  Bi  Bi2       1.0  0.48552300000000004  0.306045  0.6598779999999997  1.0000
  Bi  Bi3       1.0  0.48552300000000004  0.193955  0.15987799999999994  1.0000
  Bi  Bi4       1.0  0.9855230000000001  0.5095776636731798  0.9670306165210956  1.0000
  Bi  Bi5       1.0  0.9977880000000002  0.241565  0.07255799999999998  1.0000
  Bi  Bi6       1.0  0.49778800000000006  0.19215220112017042  0.9031371984814864  1.0000
  Bi  Bi7       1.0  0.49778800000000006  0.7415650000000001  0.427442  1.0000
  Bi  Bi8       1.0  0.9977880000000002  0.258435  0.572558  1.0000
  Bi  Bi9       1.0  0.027436000000000002  0.697193  0.15842199999999995  1.0000
  Bi  Bi10      1.0  0.527436  0.8326029647089958  0.893834751209352  1.0000
  Bi  Bi11      1.0  0.527436  0.197193  0.3415779999999999  1.0000
  Bi  Bi12      1.0  0.027436000000000002  0.802807  0.658422  1.0000
  Bi  Bi13      1.0  0.016275  0.242482  0.42743599999999987  1.0000
  Bi  Bi14      1.0  0.516275  0.7575180000000002  0.572564  1.0000
  Bi  Bi15      1.0  0.516275  0.742482  0.07256399999999998  1.0000
  Bi  Bi16      1.0  0.01627500000000002  0.5194964035846198  0.8312298664561462  1.0000
  Br  Br1       1.0  0.505268  0.24995  0.5015319999999998  1.0000
  Br  Br2       1.0  0.005268000000000001  0.7500500000000001  0.4984679999999999  1.0000
  Br  Br3       1.0  0.005268000000000001  0.74995  0.9984679999999998  1.0000
  Br  Br4       1.0  0.505268  0.25005000000000005  0.001532  1.0000
  O   O1        1.0  0.751821  0.994607  0.11016699999999997  1.0000
  O   O2        1.0  0.251821  0.8343370309902375  0.8196063817563203  1.0000
  O   O3        1.0  0.251821  0.494607  0.38983299999999993  1.0000
  O   O4        1.0  0.751821  0.505393  0.610167  1.0000
  O   O5        1.0  0.254617  0.002353  0.108389  1.0000
  O   O6        1.0  0.7546170000000002  0.997647  0.8916109999999998  1.0000
  O   O7        1.0  0.7546170000000002  0.502353  0.3916109999999999  1.0000
  O   O8        1.0  0.254617  0.497647  0.6083889999999998  1.0000
  O   O9        1.0  0.762056  0.49537000000000003  0.109294  1.0000
  O   O10       1.0  0.26205600000000007  0.50463  0.890706  1.0000
  O   O11       1.0  0.26205600000000007  0.9953700000000001  0.3907059999999999  1.0000
  O   O12       1.0  0.762056  0.00463  0.609294  1.0000
  O   O13       1.0  0.25559300000000007  0.504967  0.10790499999999997  1.0000
  O   O14       1.0  0.7555930000000001  0.505356921128888  0.8884206311181353  1.0000
  O   O15       1.0  0.7555930000000001  0.004967  0.392095  1.0000
  O   O16       1.0  0.25559300000000007  0.995033  0.6079049999999998  1.0000
  O   O17       1.0  0.3938860000000001  0.8319660000000002  0.18735899999999994  1.0000
  O   O18       1.0  0.8938860000000001  0.168034  0.8126409999999997  1.0000
  O   O19       1.0  0.8938860000000001  0.331966  0.312641  1.0000
  O   O20       1.0  0.3938860000000001  0.668034  0.687359  1.0000
  O   O21       1.0  0.613389  0.8313910000000002  0.3121059999999999  1.0000
  O   O22       1.0  0.11338900000000003  0.168609  0.6878939999999999  1.0000
  O   O23       1.0  0.11338900000000003  0.331391  0.18789399999999995  1.0000
  O   O24       1.0  0.613389  0.7112093731372146  0.965607245586894  1.0000
  O   O25       1.0  0.24534900000000004  0.553141  0.267799  1.0000
  O   O26       1.0  0.7453490000000002  0.44685900000000006  0.7322009999999998  1.0000
  O   O27       1.0  0.7453490000000002  0.05314100000000001  0.23220099999999994  1.0000
  O   O28       1.0  0.24534900000000004  0.9468590000000002  0.7677989999999998  1.0000
  O   O29       1.0  0.7416820000000002  0.54631  0.23287999999999995  1.0000
  O   O30       1.0  0.24168200000000004  0.45369  0.7671199999999998  1.0000
  O   O31       1.0  0.24168200000000004  0.04631  0.26712  1.0000
  O   O32       1.0  0.7416820000000002  0.95369  0.7328799999999998  1.0000
"
"# generated using pymatgen
data_Ba4CrGa2(S3F2)2
_symmetry_space_group_name_H-M   'P 1'
_cell_length_a   6.24266000
_cell_length_b   13.26556200
_cell_length_c   18.71770600
_cell_angle_alpha   90.00000000
_cell_angle_beta   90.00000000
_cell_angle_gamma   90.00000000
_symmetry_Int_Tables_number   1
_chemical_formula_structural   Ba4CrGa2(S3F2)2
_chemical_formula_sum   'Ba16 Cr4 Ga8 S24 F16'
_cell_volume   1550.05803048
_cell_formula_units_Z   4
loop_
 _symmetry_equiv_pos_site_id
 _symmetry_equiv_pos_as_xyz
  1  'x, y, z'
loop_
 _atom_site_type_symbol
 _atom_site_label
 _atom_site_symmetry_multiplicity
 _atom_site_fract_x
 _atom_site_fract_y
 _atom_site_fract_z
 _atom_site_occupancy
  Ba  Ba0  1  0.26866000  0.74880400  0.07824600  1
  Ba  Ba1  1  0.23134000  0.24880400  0.42175400  1
  Ba  Ba2  1  0.73134000  0.25119600  0.57824600  1
  Ba  Ba3  1  0.76866000  0.75119600  0.92175400  1
  Ba  Ba4  1  0.73134000  0.25119600  0.92175400  1
  Ba  Ba5  1  0.76866000  0.75119600  0.57824600  1
  Ba  Ba6  1  0.26866000  0.74880400  0.42175400  1
  Ba  Ba7  1  0.23134000  0.24880400  0.07824600  1
  Ba  Ba8  1  0.75644500  0.00000800  0.07786500  1
  Ba  Ba9  1  0.74355500  0.50000800  0.42213500  1
  Ba  Ba10  1  0.24355500  0.99999200  0.57786500  1
  Ba  Ba11  1  0.25644500  0.49999200  0.92213500  1
  Ba  Ba12  1  0.24355500  0.99999200  0.92213500  1
  Ba  Ba13  1  0.25644500  0.49999200  0.57786500  1
  Ba  Ba14  1  0.75644500  0.00000800  0.42213500  1
  Ba  Ba15  1  0.74355500  0.50000800  0.07786500  1
  Cr  Cr16  1  0.49733700  0.12496800  0.25000000  1
  Cr  Cr17  1  0.00266300  0.62496800  0.25000000  1
  Cr  Cr18  1  0.50266300  0.87503200  0.75000000  1
  Cr  Cr19  1  0.99733700  0.37503200  0.75000000  1
  Ga  Ga20  1  0.65469000  0.79903500  0.25000000  1
  Ga  Ga21  1  0.84531000  0.29903500  0.25000000  1
  Ga  Ga22  1  0.34531000  0.20096500  0.75000000  1
  Ga  Ga23  1  0.15469000  0.70096500  0.75000000  1
  Ga  Ga24  1  0.15169500  0.94991400  0.25000000  1
  Ga  Ga25  1  0.34830500  0.44991400  0.25000000  1
  Ga  Ga26  1  0.84830500  0.05008600  0.75000000  1
  Ga  Ga27  1  0.65169500  0.55008600  0.75000000  1
  S  S28  1  0.28350700  0.02810800  0.34822700  1
  S  S29  1  0.21649300  0.52810800  0.15177300  1
  S  S30  1  0.71649300  0.97189200  0.84822700  1
  S  S31  1  0.78350700  0.47189200  0.65177300  1
  S  S32  1  0.71649300  0.97189200  0.65177300  1
  S  S33  1  0.78350700  0.47189200  0.84822700  1
  S  S34  1  0.28350700  0.02810800  0.15177300  1
  S  S35  1  0.21649300  0.52810800  0.34822700  1
  S  S36  1  0.78868700  0.72168000  0.15171600  1
  S  S37  1  0.71131300  0.22168000  0.34828400  1
  S  S38  1  0.21131300  0.27832000  0.65171600  1
  S  S39  1  0.28868700  0.77832000  0.84828400  1
  S  S40  1  0.21131300  0.27832000  0.84828400  1
  S  S41  1  0.28868700  0.77832000  0.65171600  1
  S  S42  1  0.78868700  0.72168000  0.34828400  1
  S  S43  1  0.71131300  0.22168000  0.15171600  1
  S  S44  1  0.28405100  0.78688400  0.25000000  1
  S  S45  1  0.21594900  0.28688400  0.25000000  1
  S  S46  1  0.71594900  0.21311600  0.75000000  1
  S  S47  1  0.78405100  0.71311600  0.75000000  1
  S  S48  1  0.78138700  0.96266400  0.25000000  1
  S  S49  1  0.71861300  0.46266400  0.25000000  1
  S  S50  1  0.21861300  0.03733600  0.75000000  1
  S  S51  1  0.28138700  0.53733600  0.75000000  1
  F  F52  1  0.01331300  0.87470400  0.00359900  1
  F  F53  1  0.48668700  0.37470400  0.49640100  1
  F  F54  1  0.98668700  0.12529600  0.50359900  1
  F  F55  1  0.51331300  0.62529600  0.99640100  1
  F  F56  1  0.98668700  0.12529600  0.99640100  1
  F  F57  1  0.51331300  0.62529600  0.50359900  1
  F  F58  1  0.01331300  0.87470400  0.49640100  1
  F  F59  1  0.48668700  0.37470400  0.00359900  1
  F  F60  1  0.01077100  0.62535100  0.99831900  1
  F  F61  1  0.48922900  0.12535100  0.50168100  1
  F  F62  1  0.98922900  0.37464900  0.49831900  1
  F  F63  1  0.51077100  0.87464900  0.00168100  1
  F  F64  1  0.98922900  0.37464900  0.00168100  1
  F  F65  1  0.51077100  0.87464900  0.49831900  1
  F  F66  1  0.01077100  0.62535100  0.50168100  1
  F  F67  1  0.48922900  0.12535100  0.99831900  1
",Rotate all surrounding atoms within 3.475388423483213 angstrom of the center atom at index 48 by 194.19278051368528 degree around the axis [ 0.  0. -1.] in the cif file. The rotation should following the right-hand rule.,,"data_image0
_chemical_formula_structural       Ba16Cr4Ga8S24F16
_chemical_formula_sum              ""Ba16 Cr4 Ga8 S24 F16""
_cell_length_a       6.24266
_cell_length_b       13.265562
_cell_length_c       18.717706
_cell_angle_alpha    90.0
_cell_angle_beta     90.0
_cell_angle_gamma    90.0

_space_group_name_H-M_alt    ""P 1""
_space_group_IT_number       1

loop_
  _space_group_symop_operation_xyz
  'x, y, z'

loop_
  _atom_site_type_symbol
  _atom_site_label
  _atom_site_symmetry_multiplicity
  _atom_site_fract_x
  _atom_site_fract_y
  _atom_site_fract_z
  _atom_site_occupancy
  Ba  Ba1       1.0  0.26866  0.7488040000000002  0.078246  1.0000
  Ba  Ba2       1.0  0.23134  0.248804  0.421754  1.0000
  Ba  Ba3       1.0  0.73134  0.251196  0.578246  1.0000
  Ba  Ba4       1.0  0.76866  0.751196  0.921754  1.0000
  Ba  Ba5       1.0  0.73134  0.251196  0.921754  1.0000
  Ba  Ba6       1.0  0.76866  0.751196  0.578246  1.0000
  Ba  Ba7       1.0  0.26866  0.7488040000000002  0.421754  1.0000
  Ba  Ba8       1.0  0.23134  0.248804  0.078246  1.0000
  Ba  Ba9       1.0  0.30712594985402153  0.8930582710761643  0.07786499999999999  1.0000
  Ba  Ba10      1.0  0.743555  0.500008  0.42213499999999987  1.0000
  Ba  Ba11      1.0  0.24355499999999997  0.999992  0.577865  1.0000
  Ba  Ba12      1.0  0.256445  0.4999920000000001  0.9221349999999999  1.0000
  Ba  Ba13      1.0  0.24355499999999997  0.999992  0.9221349999999999  1.0000
  Ba  Ba14      1.0  0.256445  0.4999920000000001  0.577865  1.0000
  Ba  Ba15      1.0  0.30712594985402153  0.8930582710761643  0.42213499999999987  1.0000
  Ba  Ba16      1.0  0.743555  0.500008  0.077865  1.0000
  Cr  Cr1       1.0  0.49321896067870474  0.7420161007529471  0.25  1.0000
  Cr  Cr2       1.0  0.002663  0.624968  0.25  1.0000
  Cr  Cr3       1.0  0.502663  0.8750320000000003  0.75  1.0000
  Cr  Cr4       1.0  0.9973369999999999  0.37503200000000003  0.75  1.0000
  Ga  Ga1       1.0  0.9894699058638178  0.10667986725046719  0.25  1.0000
  Ga  Ga2       1.0  0.8453099999999999  0.299035  0.25  1.0000
  Ga  Ga3       1.0  0.34531  0.200965  0.75  1.0000
  Ga  Ga4       1.0  0.15469  0.700965  0.75  1.0000
  Ga  Ga5       1.0  0.3985013819978882  0.9023696545815006  0.25  1.0000
  Ga  Ga6       1.0  0.348305  0.449914  0.25  1.0000
  Ga  Ga7       1.0  0.848305  0.050086  0.75  1.0000
  Ga  Ga8       1.0  0.651695  0.550086  0.75  1.0000
  S   S1        1.0  0.283507  0.028108000000000005  0.348227  1.0000
  S   S2        1.0  0.216493  0.528108  0.151773  1.0000
  S   S3        1.0  0.716493  0.971892  0.848227  1.0000
  S   S4        1.0  0.783507  0.47189200000000003  0.651773  1.0000
  S   S5        1.0  0.716493  0.971892  0.651773  1.0000
  S   S6        1.0  0.783507  0.47189200000000003  0.848227  1.0000
  S   S7        1.0  0.283507  0.028108000000000005  0.151773  1.0000
  S   S8        1.0  0.216493  0.528108  0.348227  1.0000
  S   S9        1.0  0.7886869999999999  0.72168  0.151716  1.0000
  S   S10       1.0  0.711313  0.22168  0.348284  1.0000
  S   S11       1.0  0.21131299999999997  0.27832  0.651716  1.0000
  S   S12       1.0  0.288687  0.7783200000000002  0.8482839999999999  1.0000
  S   S13       1.0  0.21131299999999997  0.27832  0.8482839999999999  1.0000
  S   S14       1.0  0.288687  0.7783200000000002  0.651716  1.0000
  S   S15       1.0  0.7886869999999999  0.72168  0.348284  1.0000
  S   S16       1.0  0.711313  0.22168  0.151716  1.0000
  S   S17       1.0  0.284051  0.786884  0.25  1.0000
  S   S18       1.0  0.21594899999999997  0.286884  0.25  1.0000
  S   S19       1.0  0.715949  0.21311600000000003  0.75  1.0000
  S   S20       1.0  0.784051  0.7131160000000002  0.75  1.0000
  S   S21       1.0  0.781387  0.9626640000000002  0.25  1.0000
  S   S22       1.0  0.718613  0.462664  0.25  1.0000
  S   S23       1.0  0.21861299999999997  0.037336  0.75  1.0000
  S   S24       1.0  0.281387  0.537336  0.75  1.0000
  F   F1        1.0  0.013313  0.874704  0.0035990000000000006  1.0000
  F   F2        1.0  0.4866869999999999  0.374704  0.496401  1.0000
  F   F3        1.0  0.986687  0.125296  0.503599  1.0000
  F   F4        1.0  0.513313  0.6252960000000002  0.9964009999999999  1.0000
  F   F5        1.0  0.986687  0.125296  0.9964009999999999  1.0000
  F   F6        1.0  0.513313  0.6252960000000002  0.503599  1.0000
  F   F7        1.0  0.013313  0.874704  0.496401  1.0000
  F   F8        1.0  0.4866869999999999  0.374704  0.0035990000000000006  1.0000
  F   F9        1.0  0.010771  0.625351  0.9983189999999998  1.0000
  F   F10       1.0  0.489229  0.125351  0.501681  1.0000
  F   F11       1.0  0.9892289999999999  0.374649  0.498319  1.0000
  F   F12       1.0  0.510771  0.8746490000000002  0.001681  1.0000
  F   F13       1.0  0.9892289999999999  0.374649  0.001681  1.0000
  F   F14       1.0  0.510771  0.8746490000000002  0.498319  1.0000
  F   F15       1.0  0.010771  0.625351  0.501681  1.0000
  F   F16       1.0  0.489229  0.125351  0.9983189999999998  1.0000
"
"# generated using pymatgen
data_Rb4Mo5(PO11)2
_symmetry_space_group_name_H-M   'P 1'
_cell_length_a   10.44179809
_cell_length_b   10.44179809
_cell_length_c   17.44502190
_cell_angle_alpha   90.00000000
_cell_angle_beta   90.00000000
_cell_angle_gamma   143.51652809
_symmetry_Int_Tables_number   1
_chemical_formula_structural   Rb4Mo5(PO11)2
_chemical_formula_sum   'Rb8 Mo10 P4 O44'
_cell_volume   1130.94202037
_cell_formula_units_Z   2
loop_
 _symmetry_equiv_pos_site_id
 _symmetry_equiv_pos_as_xyz
  1  'x, y, z'
loop_
 _atom_site_type_symbol
 _atom_site_label
 _atom_site_symmetry_multiplicity
 _atom_site_fract_x
 _atom_site_fract_y
 _atom_site_fract_z
 _atom_site_occupancy
  Rb  Rb0  1  0.03767265  0.03767265  -0.00000000  1
  Rb  Rb1  1  0.96232735  0.96232735  0.50000000  1
  Rb  Rb2  1  0.70466139  0.22966693  0.59871739  1
  Rb  Rb3  1  0.22966693  0.70466139  0.40128261  1
  Rb  Rb4  1  0.29533861  0.77033307  0.09871739  1
  Rb  Rb5  1  0.77033307  0.29533861  0.90128261  1
  Rb  Rb6  1  0.08290724  0.91709276  0.75000000  1
  Rb  Rb7  1  0.91709276  0.08290724  0.25000000  1
  Mo  Mo8  1  0.29241165  0.57226887  0.59236057  1
  Mo  Mo9  1  0.57226887  0.29241165  0.40763943  1
  Mo  Mo10  1  0.70758835  0.42773113  0.09236057  1
  Mo  Mo11  1  0.42773113  0.70758835  0.90763943  1
  Mo  Mo12  1  0.26247934  0.73752066  0.75000000  1
  Mo  Mo13  1  0.73752066  0.26247934  0.25000000  1
  Mo  Mo14  1  0.52070247  0.47254036  0.85686160  1
  Mo  Mo15  1  0.47253936  0.52070247  0.14313840  1
  Mo  Mo16  1  0.47929753  0.52746064  0.35686160  1
  Mo  Mo17  1  0.52745964  0.47929753  0.64313840  1
  P  P18  1  0.68922364  0.87223952  0.73403765  1
  P  P19  1  0.87223952  0.68922364  0.26596235  1
  P  P20  1  0.31077636  0.12776048  0.23403765  1
  P  P21  1  0.12776048  0.31077636  0.76596235  1
  O  O22  1  0.77250242  0.83246698  0.68497603  1
  O  O23  1  0.83246698  0.77250242  0.31502397  1
  O  O24  1  0.22749758  0.16753302  0.18497603  1
  O  O25  1  0.16753302  0.22749758  0.81502397  1
  O  O26  1  0.61184283  0.76059791  0.81179648  1
  O  O27  1  0.76059791  0.61184283  0.18820352  1
  O  O28  1  0.38815717  0.23940209  0.31179648  1
  O  O29  1  0.23940209  0.38815717  0.68820352  1
  O  O30  1  0.87619838  0.12380162  0.75000000  1
  O  O31  1  0.12380162  0.87619838  0.25000000  1
  O  O32  1  0.52030908  0.81805937  0.69371350  1
  O  O33  1  0.81805937  0.52030908  0.30628650  1
  O  O34  1  0.47969092  0.18194063  0.19371350  1
  O  O35  1  0.18194063  0.47969092  0.80628650  1
  O  O36  1  0.48333738  0.58446349  0.57461907  1
  O  O37  1  0.58446349  0.48333738  0.42538093  1
  O  O38  1  0.51666262  0.41553651  0.07461907  1
  O  O39  1  0.41553651  0.51666262  0.92538093  1
  O  O40  1  0.07479066  0.35601591  0.53792370  1
  O  O41  1  0.35601591  0.07479066  0.46207630  1
  O  O42  1  0.92520934  0.64398409  0.03792370  1
  O  O43  1  0.64398409  0.92520934  0.96207630  1
  O  O44  1  0.42185798  0.79255538  0.54064529  1
  O  O45  1  0.79255538  0.42185798  0.45935471  1
  O  O46  1  0.57814202  0.20744462  0.04064529  1
  O  O47  1  0.20744462  0.57814202  0.95935471  1
  O  O48  1  0.44774426  0.86638630  0.83667370  1
  O  O49  1  0.86638630  0.44774426  0.16332630  1
  O  O50  1  0.55225574  0.13361370  0.33667370  1
  O  O51  1  0.13361370  0.55225574  0.66332630  1
  O  O52  1  0.38385064  0.96676195  0.71034043  1
  O  O53  1  0.96676195  0.38385064  0.28965957  1
  O  O54  1  0.61614936  0.03323805  0.21034043  1
  O  O55  1  0.03323805  0.61614936  0.78965957  1
  O  O56  1  0.41536813  0.24898666  0.89221209  1
  O  O57  1  0.24898666  0.41536813  0.10778791  1
  O  O58  1  0.58463187  0.75101334  0.39221209  1
  O  O59  1  0.75101334  0.58463187  0.60778791  1
  O  O60  1  0.54473602  0.45526398  0.75000000  1
  O  O61  1  0.45526398  0.54473602  0.25000000  1
  O  O62  1  0.78561161  0.67813969  0.88309455  1
  O  O63  1  0.67813969  0.78561161  0.11690545  1
  O  O64  1  0.21438839  0.32186031  0.38309455  1
  O  O65  1  0.32186031  0.21438839  0.61690545  1
",Rotate all surrounding atoms within 3.8133377791877656 angstrom of the center atom at index 33 by 225.19502112610448 degree around the axis [ 0. -1.  0.] in the cif file. The rotation should following the right-hand rule.,,"data_image0
_chemical_formula_structural       Rb8Mo10P4O44
_chemical_formula_sum              ""Rb8 Mo10 P4 O44""
_cell_length_a       10.44179809
_cell_length_b       10.44179809
_cell_length_c       17.4450219
_cell_angle_alpha    90.0
_cell_angle_beta     90.0
_cell_angle_gamma    143.51652808999998

_space_group_name_H-M_alt    ""P 1""
_space_group_IT_number       1

loop_
  _space_group_symop_operation_xyz
  'x, y, z'

loop_
  _atom_site_type_symbol
  _atom_site_label
  _atom_site_symmetry_multiplicity
  _atom_site_fract_x
  _atom_site_fract_y
  _atom_site_fract_z
  _atom_site_occupancy
  Rb  Rb1       1.0  0.03767265  0.03767265  0.0  1.0000
  Rb  Rb2       1.0  0.9623273499999999  0.9623273499999999  0.5  1.0000
  Rb  Rb3       1.0  0.70466139  0.22966693  0.59871739  1.0000
  Rb  Rb4       1.0  0.5979804479757316  0.70466139  0.5521697437460495  1.0000
  Rb  Rb5       1.0  0.2953386099999999  0.7703330699999998  0.09871739  1.0000
  Rb  Rb6       1.0  0.77033307  0.29533861  0.90128261  1.0000
  Rb  Rb7       1.0  0.08290723999999997  0.9170927599999998  0.75  1.0000
  Rb  Rb8       1.0  0.91709276  0.08290724  0.25  1.0000
  Mo  Mo1       1.0  0.29241165  0.57226887  0.59236057  1.0000
  Mo  Mo2       1.0  0.7990461158537764  0.29241165  0.26142916110203523  1.0000
  Mo  Mo3       1.0  0.5154366097983583  0.42773112999999996  0.4723428736734535  1.0000
  Mo  Mo4       1.0  0.42773113  0.70758835  0.90763943  1.0000
  Mo  Mo5       1.0  0.26247933999999995  0.7375206599999999  0.75  1.0000
  Mo  Mo6       1.0  0.4547066506518522  0.26247933999999995  0.29211732191860024  1.0000
  Mo  Mo7       1.0  0.5207024700000001  0.47254036  0.8568615999999998  1.0000
  Mo  Mo8       1.0  0.4725393600000001  0.52070247  0.1431384  1.0000
  Mo  Mo9       1.0  0.12653581491908095  0.52746064  0.41695380927570147  1.0000
  Mo  Mo10      1.0  0.52745964  0.47929752999999997  0.6431384  1.0000
  P   P1        1.0  0.68922364  0.87223952  0.73403765  1.0000
  P   P2        1.0  0.9635980839691508  0.6892236399999999  0.3693702353112983  1.0000
  P   P3        1.0  0.5518613905417822  0.1277604799999999  0.43859534964869673  1.0000
  P   P4        1.0  0.12776048000000007  0.31077636  0.76596235  1.0000
  O   O1        1.0  0.7725024200000001  0.83246698  0.68497603  1.0000
  O   O2        1.0  0.16392575735039605  0.7725024199999999  0.3801232736454267  1.0000
  O   O3        1.0  0.22749757999999998  0.16753301999999995  0.18497603  1.0000
  O   O4        1.0  0.16753302  0.22749758  0.8150239699999999  1.0000
  O   O5        1.0  0.61184283  0.76059791  0.81179648  1.0000
  O   O6        1.0  0.844038383128231  0.61184283  0.44515648106558514  1.0000
  O   O7        1.0  0.7425232074552546  0.23940208999999996  0.3890575054981189  1.0000
  O   O8        1.0  0.23940209000000004  0.38815717  0.68820352  1.0000
  O   O9        1.0  0.8761983800000002  0.12380162  0.75  1.0000
  O   O10       1.0  0.7283699164838084  0.8761983799999999  0.7623090230394955  1.0000
  O   O11       1.0  0.5203090799999999  0.8180593699999998  0.6937135  1.0000
  O   O12       1.0  0.8180593700000001  0.52030908  0.3062865  1.0000
  O   O13       1.0  0.45928951347581937  0.18194063000000002  0.4137770257131411  1.0000
  O   O14       1.0  0.18194062999999996  0.47969092  0.8062864999999999  1.0000
  O   O15       1.0  0.48333738  0.58446349  0.57461907  1.0000
  O   O16       1.0  0.07317025614326256  0.48333738  0.3089405175785116  1.0000
  O   O17       1.0  0.51666262  0.41553651  0.07461907  1.0000
  O   O18       1.0  0.41553651  0.51666262  0.9253809299999999  1.0000
  O   O19       1.0  0.07479066  0.35601591  0.5379236999999998  1.0000
  O   O20       1.0  0.35601591000000005  0.07479066  0.46207630000000005  1.0000
  O   O21       1.0  0.9252093400000001  0.64398409  0.037923699999999984  1.0000
  O   O22       1.0  0.6439840900000001  0.92520934  0.9620763  1.0000
  O   O23       1.0  0.42185798  0.79255538  0.54064529  1.0000
  O   O24       1.0  0.8825351723117145  0.42185798  0.17563439058694538  1.0000
  O   O25       1.0  0.57814202  0.20744462  0.04064529  1.0000
  O   O26       1.0  0.20744461999999994  0.57814202  0.95935471  1.0000
  O   O27       1.0  0.4477442599999999  0.8663862999999998  0.8366737  1.0000
  O   O28       1.0  0.5150835719906257  0.44774426  0.3617288575465985  1.0000
  O   O29       1.0  0.5113762709282308  0.13361370000000006  0.26571525459256917  1.0000
  O   O30       1.0  0.1336137  0.55225574  0.6633263  1.0000
  O   O31       1.0  0.38385063999999985  0.96676195  0.71034043  1.0000
  O   O32       1.0  0.5065269875684428  0.38385064  0.20825798407770887  1.0000
  O   O33       1.0  0.61614936  0.03323805  0.21034042999999997  1.0000
  O   O34       1.0  0.033238049999999957  0.61614936  0.78965957  1.0000
  O   O35       1.0  0.41536812999999995  0.24898665999999994  0.8922120899999998  1.0000
  O   O36       1.0  0.24898666  0.41536813  0.10778790999999999  1.0000
  O   O37       1.0  0.5846318699999999  0.7510133399999998  0.39221209  1.0000
  O   O38       1.0  0.7510133400000001  0.58463187  0.60778791  1.0000
  O   O39       1.0  0.5447360200000001  0.45526398  0.75  1.0000
  O   O40       1.0  0.45526398  0.54473602  0.25  1.0000
  O   O41       1.0  0.78561161  0.67813969  0.8830945499999998  1.0000
  O   O42       1.0  0.67813969  0.78561161  0.11690544999999998  1.0000
  O   O43       1.0  0.21438839000000004  0.32186031  0.38309455  1.0000
  O   O44       1.0  0.3218603099999999  0.21438838999999998  0.61690545  1.0000
"
"# generated using pymatgen
data_AlH10C3N
_symmetry_space_group_name_H-M   'P 1'
_cell_length_a   5.96179199
_cell_length_b   10.73915600
_cell_length_c   10.37560348
_cell_angle_alpha   90.00000000
_cell_angle_beta   100.98640560
_cell_angle_gamma   90.00000000
_symmetry_Int_Tables_number   1
_chemical_formula_structural   AlH10C3N
_chemical_formula_sum   'Al4 H40 C12 N4'
_cell_volume   652.11911434
_cell_formula_units_Z   4
loop_
 _symmetry_equiv_pos_site_id
 _symmetry_equiv_pos_as_xyz
  1  'x, y, z'
loop_
 _atom_site_type_symbol
 _atom_site_label
 _atom_site_symmetry_multiplicity
 _atom_site_fract_x
 _atom_site_fract_y
 _atom_site_fract_z
 _atom_site_occupancy
  Al  Al0  1  0.22302400  0.55135300  0.52318900  1
  Al  Al1  1  0.72302400  0.94864700  0.02318900  1
  Al  Al2  1  0.77697600  0.44864700  0.47681100  1
  Al  Al3  1  0.27697600  0.05135300  0.97681100  1
  H  H4  1  0.42955900  0.46893500  0.60366400  1
  H  H5  1  0.92955900  0.03106500  0.10366400  1
  H  H6  1  0.57044100  0.53106500  0.39633600  1
  H  H7  1  0.07044100  0.96893500  0.89633600  1
  H  H8  1  0.25505300  0.69489900  0.48774300  1
  H  H9  1  0.75505300  0.80510100  0.98774300  1
  H  H10  1  0.74494700  0.30510100  0.51225700  1
  H  H11  1  0.24494700  0.19489900  0.01225700  1
  H  H12  1  0.19745700  0.28532100  0.44389000  1
  H  H13  1  0.69745700  0.21467900  0.94389000  1
  H  H14  1  0.80254300  0.71467900  0.55611000  1
  H  H15  1  0.30254300  0.78532100  0.05611000  1
  H  H16  1  0.26412300  0.34505300  0.29529400  1
  H  H17  1  0.76412300  0.15494700  0.79529400  1
  H  H18  1  0.73587700  0.65494700  0.70470600  1
  H  H19  1  0.23587700  0.84505300  0.20470600  1
  H  H20  1  0.99573700  0.27274400  0.29475800  1
  H  H21  1  0.49573700  0.22725600  0.79475800  1
  H  H22  1  0.00426300  0.72725600  0.70524200  1
  H  H23  1  0.50426300  0.77274400  0.20524200  1
  H  H24  1  0.13886900  0.54733900  0.21946600  1
  H  H25  1  0.63886900  0.95266100  0.71946600  1
  H  H26  1  0.86113100  0.45266100  0.78053400  1
  H  H27  1  0.36113100  0.04733900  0.28053400  1
  H  H28  1  0.91319200  0.62123500  0.27874200  1
  H  H29  1  0.41319200  0.87876500  0.77874200  1
  H  H30  1  0.08680800  0.37876500  0.72125800  1
  H  H31  1  0.58680800  0.12123500  0.22125800  1
  H  H32  1  0.76834000  0.53827500  0.06262600  1
  H  H33  1  0.26834000  0.96172500  0.56262600  1
  H  H34  1  0.23166000  0.46172500  0.93737400  1
  H  H35  1  0.73166000  0.03827500  0.43737400  1
  H  H36  1  0.64420300  0.44789000  0.17482200  1
  H  H37  1  0.14420300  0.05211000  0.67482200  1
  H  H38  1  0.35579700  0.55211000  0.82517800  1
  H  H39  1  0.85579700  0.94789000  0.32517800  1
  H  H40  1  0.87221600  0.38606700  0.10550900  1
  H  H41  1  0.37221600  0.11393300  0.60550900  1
  H  H42  1  0.12778400  0.61393300  0.89449100  1
  H  H43  1  0.62778400  0.88606700  0.39449100  1
  C  C44  1  0.12699700  0.33325100  0.35205200  1
  C  C45  1  0.62699700  0.16674900  0.85205200  1
  C  C46  1  0.87300300  0.66674900  0.64794800  1
  C  C47  1  0.37300300  0.83325100  0.14794800  1
  C  C48  1  0.97829100  0.53005400  0.25456200  1
  C  C49  1  0.47829100  0.96994600  0.75456200  1
  C  C50  1  0.02170900  0.46994600  0.74543800  1
  C  C51  1  0.52170900  0.03005400  0.24543800  1
  C  C52  1  0.80586600  0.47083400  0.14400600  1
  C  C53  1  0.30586600  0.02916600  0.64400600  1
  C  C54  1  0.19413400  0.52916600  0.85599400  1
  C  C55  1  0.69413400  0.97083400  0.35599400  1
  N  N56  1  0.03337600  0.45653000  0.37878100  1
  N  N57  1  0.53337600  0.04347000  0.87878100  1
  N  N58  1  0.96662400  0.54347000  0.62121900  1
  N  N59  1  0.46662400  0.95653000  0.12121900  1
",Rotate all surrounding atoms within 1.626098156617557 angstrom of the center atom at index 21 by 292.84994703671305 degree around the axis [1. 0. 0.] in the cif file. The rotation should following the right-hand rule.,,"data_image0
_chemical_formula_structural       Al4H40C12N4
_chemical_formula_sum              ""Al4 H40 C12 N4""
_cell_length_a       5.96179199
_cell_length_b       10.739156
_cell_length_c       10.37560348
_cell_angle_alpha    90.0
_cell_angle_beta     100.98640559999998
_cell_angle_gamma    90.0

_space_group_name_H-M_alt    ""P 1""
_space_group_IT_number       1

loop_
  _space_group_symop_operation_xyz
  'x, y, z'

loop_
  _atom_site_type_symbol
  _atom_site_label
  _atom_site_symmetry_multiplicity
  _atom_site_fract_x
  _atom_site_fract_y
  _atom_site_fract_z
  _atom_site_occupancy
  Al  Al1       1.0  0.22302399999999994  0.551353  0.523189  1.0000
  Al  Al2       1.0  0.7230239999999999  0.948647  0.023189  1.0000
  Al  Al3       1.0  0.776976  0.4486470000000001  0.476811  1.0000
  Al  Al4       1.0  0.276976  0.05135300000000001  0.976811  1.0000
  H   H1        1.0  0.42955899999999997  0.468935  0.603664  1.0000
  H   H2        1.0  0.9295589999999998  0.031065  0.103664  1.0000
  H   H3        1.0  0.570441  0.531065  0.396336  1.0000
  H   H4        1.0  0.070441  0.9689350000000001  0.896336  1.0000
  H   H5        1.0  0.2550529999999999  0.694899  0.487743  1.0000
  H   H6        1.0  0.7550529999999998  0.8051010000000001  0.987743  1.0000
  H   H7        1.0  0.744947  0.305101  0.512257  1.0000
  H   H8        1.0  0.244947  0.19489899999999996  0.012256999999999999  1.0000
  H   H9        1.0  0.197457  0.285321  0.44389  1.0000
  H   H10       1.0  0.6974569999999999  0.214679  0.94389  1.0000
  H   H11       1.0  0.802543  0.714679  0.55611  1.0000
  H   H12       1.0  0.30254299999999995  0.7853210000000002  0.05610999999999999  1.0000
  H   H13       1.0  0.26412299999999994  0.345053  0.295294  1.0000
  H   H14       1.0  0.7641229999999998  0.154947  0.795294  1.0000
  H   H15       1.0  0.735877  0.654947  0.704706  1.0000
  H   H16       1.0  0.235877  0.845053  0.204706  1.0000
  H   H17       1.0  0.9957369999999999  0.272744  0.294758  1.0000
  H   H18       1.0  0.495737  0.22725599999999999  0.794758  1.0000
  H   H19       1.0  0.0042630000000000055  0.727256  0.705242  1.0000
  H   H20       1.0  0.504263  0.772744  0.205242  1.0000
  H   H21       1.0  0.13886899999999996  0.547339  0.21946599999999997  1.0000
  H   H22       1.0  0.638869  0.9526610000000001  0.719466  1.0000
  H   H23       1.0  0.8611309999999998  0.4526609999999999  0.780534  1.0000
  H   H24       1.0  0.3611309999999999  0.047339  0.280534  1.0000
  H   H25       1.0  0.9131919999999998  0.621235  0.278742  1.0000
  H   H26       1.0  0.4131919999999999  0.878765  0.778742  1.0000
  H   H27       1.0  0.08680799999999995  0.3787650000000001  0.7212579999999998  1.0000
  H   H28       1.0  0.586808  0.12123500000000001  0.22125799999999998  1.0000
  H   H29       1.0  0.76834  0.538275  0.062626  1.0000
  H   H30       1.0  0.26833999999999997  0.961725  0.562626  1.0000
  H   H31       1.0  0.23165999999999998  0.461725  0.937374  1.0000
  H   H32       1.0  0.7316599999999999  0.038275  0.43737400000000004  1.0000
  H   H33       1.0  0.6442029999999999  0.44788999999999995  0.174822  1.0000
  H   H34       1.0  0.14420299999999994  0.05211  0.674822  1.0000
  H   H35       1.0  0.355797  0.55211  0.825178  1.0000
  H   H36       1.0  0.855797  0.94789  0.325178  1.0000
  H   H37       1.0  0.8722159999999999  0.38606700000000005  0.105509  1.0000
  H   H38       1.0  0.3722159999999999  0.113933  0.605509  1.0000
  H   H39       1.0  0.12778399999999998  0.613933  0.894491  1.0000
  H   H40       1.0  0.627784  0.886067  0.3944909999999999  1.0000
  C   C1        1.0  0.126997  0.333251  0.352052  1.0000
  C   C2        1.0  0.6348722428568769  0.2538355676260808  0.875796280483559  1.0000
  C   C3        1.0  0.8730029999999999  0.666749  0.647948  1.0000
  C   C4        1.0  0.373003  0.833251  0.147948  1.0000
  C   C5        1.0  0.9782909999999999  0.530054  0.254562  1.0000
  C   C6        1.0  0.478291  0.9699460000000001  0.754562  1.0000
  C   C7        1.0  0.021709000000000027  0.469946  0.745438  1.0000
  C   C8        1.0  0.5217089999999999  0.030054  0.24543799999999996  1.0000
  C   C9        1.0  0.8058659999999997  0.470834  0.144006  1.0000
  C   C10       1.0  0.305866  0.029166000000000004  0.644006  1.0000
  C   C11       1.0  0.194134  0.529166  0.855994  1.0000
  C   C12       1.0  0.694134  0.9708340000000001  0.355994  1.0000
  N   N1        1.0  0.033375999999999954  0.45653  0.3787809999999999  1.0000
  N   N2        1.0  0.533376  0.04347  0.878781  1.0000
  N   N3        1.0  0.9666239999999999  0.54347  0.621219  1.0000
  N   N4        1.0  0.466624  0.9565300000000001  0.121219  1.0000
"
"# generated using pymatgen
data_NaGaBP2H3O10
_symmetry_space_group_name_H-M   'P 1'
_cell_length_a   6.71274855
_cell_length_b   6.71274855
_cell_length_c   9.21005114
_cell_angle_alpha   69.40271091
_cell_angle_beta   69.40271091
_cell_angle_gamma   75.69926328
_symmetry_Int_Tables_number   1
_chemical_formula_structural   NaGaBP2H3O10
_chemical_formula_sum   'Na2 Ga2 B2 P4 H6 O20'
_cell_volume   360.03599818
_cell_formula_units_Z   2
loop_
 _symmetry_equiv_pos_site_id
 _symmetry_equiv_pos_as_xyz
  1  'x, y, z'
loop_
 _atom_site_type_symbol
 _atom_site_label
 _atom_site_symmetry_multiplicity
 _atom_site_fract_x
 _atom_site_fract_y
 _atom_site_fract_z
 _atom_site_occupancy
  Na  Na0  1  0.13032000  0.86968000  0.25000000  1
  Na  Na1  1  0.86968000  0.13032000  0.75000000  1
  Ga  Ga2  1  0.00000000  0.50000000  0.00000000  1
  Ga  Ga3  1  0.50000000  0.00000000  0.50000000  1
  B  B4  1  0.46701200  0.53298800  0.75000000  1
  B  B5  1  0.53298800  0.46701200  0.25000000  1
  P  P6  1  0.29090700  0.16232500  0.82038300  1
  P  P7  1  0.83767500  0.70909300  0.67961700  1
  P  P8  1  0.70909300  0.83767500  0.17961700  1
  P  P9  1  0.16232500  0.29090700  0.32038300  1
  H  H10  1  0.50000000  0.00000000  0.00000000  1
  H  H11  1  0.00000000  0.50000000  0.50000000  1
  H  H12  1  0.32022300  0.69641900  0.92495700  1
  H  H13  1  0.30358100  0.67977700  0.57504300  1
  H  H14  1  0.67977700  0.30358100  0.07504300  1
  H  H15  1  0.69641900  0.32022300  0.42495700  1
  O  O16  1  0.08341200  0.27336100  0.18906600  1
  O  O17  1  0.72663900  0.91658800  0.31093400  1
  O  O18  1  0.91658800  0.72663900  0.81093400  1
  O  O19  1  0.27336100  0.08341200  0.68906600  1
  O  O20  1  0.46797900  0.31535500  0.74742100  1
  O  O21  1  0.68464500  0.53202100  0.75257900  1
  O  O22  1  0.53202100  0.68464500  0.25257900  1
  O  O23  1  0.31535500  0.46797900  0.24742100  1
  O  O24  1  0.30474600  0.57150900  0.89971100  1
  O  O25  1  0.42849100  0.69525400  0.60028900  1
  O  O26  1  0.69525400  0.42849100  0.10028900  1
  O  O27  1  0.57150900  0.30474600  0.39971100  1
  O  O28  1  0.36223400  0.97035200  0.95576600  1
  O  O29  1  0.02964800  0.63776600  0.54423400  1
  O  O30  1  0.63776600  0.02964800  0.04423400  1
  O  O31  1  0.97035200  0.36223400  0.45576600  1
  O  O32  1  0.06840000  0.28335000  0.88777900  1
  O  O33  1  0.71665000  0.93160000  0.61222100  1
  O  O34  1  0.93160000  0.71665000  0.11222100  1
  O  O35  1  0.28335000  0.06840000  0.38777900  1
",Rotate all surrounding atoms within 2.372189471224001 angstrom of the center atom at index 20 by 127.32939723824212 degree around the axis [ 0. -1.  0.] in the cif file. The rotation should following the right-hand rule.,,"data_image0
_chemical_formula_structural       Na2Ga2B2P4H6O20
_chemical_formula_sum              ""Na2 Ga2 B2 P4 H6 O20""
_cell_length_a       6.71274855
_cell_length_b       6.71274855
_cell_length_c       9.21005114
_cell_angle_alpha    69.40271091
_cell_angle_beta     69.40271091
_cell_angle_gamma    75.69926328

_space_group_name_H-M_alt    ""P 1""
_space_group_IT_number       1

loop_
  _space_group_symop_operation_xyz
  'x, y, z'

loop_
  _atom_site_type_symbol
  _atom_site_label
  _atom_site_symmetry_multiplicity
  _atom_site_fract_x
  _atom_site_fract_y
  _atom_site_fract_z
  _atom_site_occupancy
  Na  Na1       1.0  0.13032  0.86968  0.25  1.0000
  Na  Na2       1.0  0.8696799999999998  0.13032  0.75  1.0000
  Ga  Ga1       1.0  0.0  0.5  0.0  1.0000
  Ga  Ga2       1.0  0.4999999999999998  0.0  0.5  1.0000
  B   B1        1.0  0.36575433427017984  0.5210520029362959  0.7808371984200377  1.0000
  B   B2        1.0  0.5329879999999998  0.46701200000000004  0.25  1.0000
  P   P1        1.0  0.5986229812687668  0.2527070145335619  0.5868769006855564  1.0000
  P   P2        1.0  0.837675  0.7090930000000001  0.6796169999999998  1.0000
  P   P3        1.0  0.7090929999999996  0.8376750000000002  0.179617  1.0000
  P   P4        1.0  0.16232499999999994  0.290907  0.320383  1.0000
  H   H1        1.0  0.5  0.0  0.0  1.0000
  H   H2        1.0  0.0  0.49999999999999994  0.5  1.0000
  H   H3        1.0  0.320223  0.6964190000000003  0.9249569999999998  1.0000
  H   H4        1.0  0.30358100000000005  0.6797770000000001  0.575043  1.0000
  H   H5        1.0  0.679777  0.303581  0.075043  1.0000
  H   H6        1.0  0.696419  0.320223  0.424957  1.0000
  O   O1        1.0  0.08341200000000001  0.273361  0.189066  1.0000
  O   O2        1.0  0.7266389999999998  0.9165880000000002  0.3109339999999999  1.0000
  O   O3        1.0  0.9165879999999998  0.726639  0.810934  1.0000
  O   O4        1.0  0.273361  0.08341199999999999  0.689066  1.0000
  O   O5        1.0  0.46797900000000003  0.315355  0.747421  1.0000
  O   O6        1.0  0.17646733178216562  0.4669048150187102  0.9208096644268541  1.0000
  O   O7        1.0  0.532021  0.6846450000000001  0.252579  1.0000
  O   O8        1.0  0.3153549999999999  0.467979  0.24742099999999997  1.0000
  O   O9        1.0  0.30474600000000013  0.571509  0.8997109999999999  1.0000
  O   O10       1.0  0.42849099999999984  0.695254  0.600289  1.0000
  O   O11       1.0  0.695254  0.42849100000000007  0.100289  1.0000
  O   O12       1.0  0.5715089999999998  0.304746  0.399711  1.0000
  O   O13       1.0  0.36223400000000006  0.970352  0.955766  1.0000
  O   O14       1.0  0.029647999999999994  0.6377660000000002  0.544234  1.0000
  O   O15       1.0  0.637766  0.029648000000000004  0.044234  1.0000
  O   O16       1.0  0.9703519999999998  0.362234  0.455766  1.0000
  O   O17       1.0  0.06839999999999996  0.28335000000000005  0.887779  1.0000
  O   O18       1.0  0.7166499999999999  0.9316000000000003  0.612221  1.0000
  O   O19       1.0  0.9315999999999999  0.71665  0.112221  1.0000
  O   O20       1.0  0.2833499999999998  0.0684  0.387779  1.0000
"
"# generated using pymatgen
data_Na12(CuO2)7
_symmetry_space_group_name_H-M   'P 1'
_cell_length_a   10.64225487
_cell_length_b   10.64231515
_cell_length_c   5.63518453
_cell_angle_alpha   81.89777527
_cell_angle_beta   81.89328048
_cell_angle_gamma   134.70239502
_symmetry_Int_Tables_number   1
_chemical_formula_structural   Na12(CuO2)7
_chemical_formula_sum   'Na12 Cu7 O14'
_cell_volume   422.14202847
_cell_formula_units_Z   1
loop_
 _symmetry_equiv_pos_site_id
 _symmetry_equiv_pos_as_xyz
  1  'x, y, z'
loop_
 _atom_site_type_symbol
 _atom_site_label
 _atom_site_symmetry_multiplicity
 _atom_site_fract_x
 _atom_site_fract_y
 _atom_site_fract_z
 _atom_site_occupancy
  Na  Na0  1  0.16226228  0.61789228  0.38343919  1
  Na  Na1  1  0.61782290  0.16222521  0.38346547  1
  Na  Na2  1  0.76732550  0.46452613  0.61166012  1
  Na  Na3  1  0.46453206  0.76733345  0.61168132  1
  Na  Na4  1  0.62431597  0.62431889  0.61850107  1
  Na  Na5  1  0.30432813  0.45419068  0.38901150  1
  Na  Na6  1  0.45417261  0.30431465  0.38902686  1
  Na  Na7  1  0.24859293  0.88814193  0.64083167  1
  Na  Na8  1  0.88819381  0.24875948  0.64079113  1
  Na  Na9  1  0.02744066  0.86040597  0.33504379  1
  Na  Na10  1  0.86039984  0.02746693  0.33508907  1
  Na  Na11  1  0.05615185  0.05616103  0.67121872  1
  Cu  Cu12  1  0.46007054  0.03329605  0.99644656  1
  Cu  Cu13  1  0.03329215  0.46006164  0.99643984  1
  Cu  Cu14  1  0.33490403  0.19283640  0.97160895  1
  Cu  Cu15  1  0.19284493  0.33491631  0.97159824  1
  Cu  Cu16  1  0.88104635  0.59479059  0.02392319  1
  Cu  Cu17  1  0.59485563  0.88107490  0.02391243  1
  Cu  Cu18  1  0.73870482  0.73867795  0.03358947  1
  O  O19  1  0.56956811  -0.00039297  0.77110604  1
  O  O20  1  -0.00043425  0.56948874  0.77110261  1
  O  O21  1  0.46539151  0.90690386  0.25186091  1
  O  O22  1  0.90688495  0.46534953  0.25186302  1
  O  O23  1  0.45843012  0.16241572  0.73868322  1
  O  O24  1  0.16243127  0.45843702  0.73867229  1
  O  O25  1  0.32088596  0.32088439  0.72392588  1
  O  O26  1  0.88005063  0.73619360  0.77373413  1
  O  O27  1  0.73617936  0.87998451  0.77374521  1
  O  O28  1  0.35221089  0.06697423  0.22697952  1
  O  O29  1  0.06700793  0.35224967  0.22696373  1
  O  O30  1  0.18566241  0.18567212  0.22994339  1
  O  O31  1  0.75584610  0.60850058  0.27702790  1
  O  O32  1  0.60853202  0.75585152  0.27701354  1
",Rotate all surrounding atoms within 3.1283314647338063 angstrom of the center atom at index 0 by 259.756396407792 degree around the axis [ 0.  0. -1.] in the cif file. The rotation should following the right-hand rule.,,"data_image0
_chemical_formula_structural       Na12Cu7O14
_chemical_formula_sum              ""Na12 Cu7 O14""
_cell_length_a       10.64225487
_cell_length_b       10.64231515
_cell_length_c       5.63518453
_cell_angle_alpha    81.89777526999998
_cell_angle_beta     81.89328048
_cell_angle_gamma    134.70239502

_space_group_name_H-M_alt    ""P 1""
_space_group_IT_number       1

loop_
  _space_group_symop_operation_xyz
  'x, y, z'

loop_
  _atom_site_type_symbol
  _atom_site_label
  _atom_site_symmetry_multiplicity
  _atom_site_fract_x
  _atom_site_fract_y
  _atom_site_fract_z
  _atom_site_occupancy
  Na  Na1       1.0  0.16226228  0.61789228  0.38343919  1.0000
  Na  Na2       1.0  0.6178229  0.16222521  0.38346547  1.0000
  Na  Na3       1.0  0.7673255  0.46452613000000004  0.61166012  1.0000
  Na  Na4       1.0  0.10473156239058865  0.8202002917319453  0.61168132  1.0000
  Na  Na5       1.0  0.62431597  0.62431889  0.61850107  1.0000
  Na  Na6       1.0  0.49977294126347377  0.0020444570977884435  0.3890115  1.0000
  Na  Na7       1.0  0.4541726099999999  0.30431465  0.38902686  1.0000
  Na  Na8       1.0  0.753917112686713  0.37646831753768467  0.64083167  1.0000
  Na  Na9       1.0  0.14832143068690962  0.9983902359283456  0.6407911299999999  1.0000
  Na  Na10      1.0  0.02744066000000008  0.8604059700000002  0.33504379  1.0000
  Na  Na11      1.0  0.86039984  0.02746693  0.33508907  1.0000
  Na  Na12      1.0  0.05615184999999999  0.05616103000000001  0.67121872  1.0000
  Cu  Cu1       1.0  0.46007054000000003  0.03329605  0.9964465599999999  1.0000
  Cu  Cu2       1.0  0.03303177211842203  0.5027591782781051  0.9964398400000002  1.0000
  Cu  Cu3       1.0  0.33490403  0.1928364  0.97160895  1.0000
  Cu  Cu4       1.0  0.19284493000000003  0.33491631  0.9715982399999998  1.0000
  Cu  Cu5       1.0  0.8810463499999999  0.59479059  0.02392319  1.0000
  Cu  Cu6       1.0  0.59485563  0.8810749  0.02391243  1.0000
  Cu  Cu7       1.0  0.7387048199999999  0.73867795  0.03358947  1.0000
  O   O1        1.0  0.56956811  0.9996070299999998  0.7711060400000002  1.0000
  O   O2        1.0  0.7408287694835527  0.758032747192249  0.77110261  1.0000
  O   O3        1.0  0.0560374399912547  0.7301143417999715  0.25186091  1.0000
  O   O4        1.0  0.018825513892288592  0.8499065663403695  0.25186302  1.0000
  O   O5        1.0  0.45843012  0.16241572  0.73868322  1.0000
  O   O6        1.0  0.2411398412800763  0.7331896339195693  0.73867229  1.0000
  O   O7        1.0  0.3208859599999999  0.32088439  0.72392588  1.0000
  O   O8        1.0  0.88005063  0.7361936  0.77373413  1.0000
  O   O9        1.0  0.73617936  0.8799845099999999  0.77374521  1.0000
  O   O10       1.0  0.35221089  0.06697423000000002  0.22697951999999996  1.0000
  O   O11       1.0  0.5167780904937056  0.8221713016835568  0.22696373  1.0000
  O   O12       1.0  0.18566241  0.18567211999999997  0.22994339  1.0000
  O   O13       1.0  0.7558461000000002  0.6085005800000001  0.2770279  1.0000
  O   O14       1.0  0.6085320199999998  0.75585152  0.27701354  1.0000
"
"# generated using pymatgen
data_ThUP4H4(CO8)2
_symmetry_space_group_name_H-M   'P 1'
_cell_length_a   20.34968600
_cell_length_b   5.74896300
_cell_length_c   7.37535876
_cell_angle_alpha   76.37313074
_cell_angle_beta   90.00000000
_cell_angle_gamma   90.00000000
_symmetry_Int_Tables_number   1
_chemical_formula_structural   ThUP4H4(CO8)2
_chemical_formula_sum   'Th2 U2 P8 H8 C4 O32'
_cell_volume   838.55179620
_cell_formula_units_Z   2
loop_
 _symmetry_equiv_pos_site_id
 _symmetry_equiv_pos_as_xyz
  1  'x, y, z'
loop_
 _atom_site_type_symbol
 _atom_site_label
 _atom_site_symmetry_multiplicity
 _atom_site_fract_x
 _atom_site_fract_y
 _atom_site_fract_z
 _atom_site_occupancy
  Th  Th0  1  0.25000000  0.68492400  0.39720000  1
  Th  Th1  1  0.75000000  0.31507600  0.60280000  1
  U  U2  1  0.50000000  0.50000000  0.00000000  1
  U  U3  1  0.00000000  0.50000000  0.00000000  1
  P  P4  1  0.36428300  0.19361000  0.27967900  1
  P  P5  1  0.86428300  0.80639000  0.72032100  1
  P  P6  1  0.63571700  0.80639000  0.72032100  1
  P  P7  1  0.13571700  0.19361000  0.27967900  1
  P  P8  1  0.37484700  0.90339900  0.68830500  1
  P  P9  1  0.87484700  0.09660100  0.31169500  1
  P  P10  1  0.62515300  0.09660100  0.31169500  1
  P  P11  1  0.12515300  0.90339900  0.68830500  1
  H  H12  1  0.44956800  0.95195900  0.43359200  1
  H  H13  1  0.94956800  0.04804100  0.56640800  1
  H  H14  1  0.55043200  0.04804100  0.56640800  1
  H  H15  1  0.05043200  0.95195900  0.43359200  1
  H  H16  1  0.44427900  0.22130300  0.51540700  1
  H  H17  1  0.94427900  0.77869700  0.48459300  1
  H  H18  1  0.55572100  0.77869700  0.48459300  1
  H  H19  1  0.05572100  0.22130300  0.51540700  1
  C  C20  1  0.41567700  0.07537300  0.48046200  1
  C  C21  1  0.91567700  0.92462700  0.51953800  1
  C  C22  1  0.58432300  0.92462700  0.51953800  1
  C  C23  1  0.08432300  0.07537300  0.48046200  1
  O  O24  1  0.32491600  0.40507900  0.32462700  1
  O  O25  1  0.82491600  0.59492100  0.67537300  1
  O  O26  1  0.67508400  0.59492100  0.67537300  1
  O  O27  1  0.17508400  0.40507900  0.32462700  1
  O  O28  1  0.41022400  0.28254500  0.11245900  1
  O  O29  1  0.91022400  0.71745500  0.88754100  1
  O  O30  1  0.58977600  0.71745500  0.88754100  1
  O  O31  1  0.08977600  0.28254500  0.11245900  1
  O  O32  1  0.31970700  0.99148500  0.25150600  1
  O  O33  1  0.81970700  0.00851500  0.74849400  1
  O  O34  1  0.68029300  0.00851500  0.74849400  1
  O  O35  1  0.18029300  0.99148500  0.25150600  1
  O  O36  1  0.43005000  0.77940700  0.81778500  1
  O  O37  1  0.93005000  0.22059300  0.18221500  1
  O  O38  1  0.56995000  0.22059300  0.18221500  1
  O  O39  1  0.06995000  0.77940700  0.81778500  1
  O  O40  1  0.33507900  0.06827800  0.78825800  1
  O  O41  1  0.83507900  0.93172200  0.21174200  1
  O  O42  1  0.66492100  0.93172200  0.21174200  1
  O  O43  1  0.16492100  0.06827800  0.78825800  1
  O  O44  1  0.32691300  0.72810100  0.62979300  1
  O  O45  1  0.82691300  0.27189900  0.37020700  1
  O  O46  1  0.67308700  0.27189900  0.37020700  1
  O  O47  1  0.17308700  0.72810100  0.62979300  1
  O  O48  1  0.49416300  0.64533600  0.19312200  1
  O  O49  1  0.99416300  0.35466400  0.80687800  1
  O  O50  1  0.50583700  0.35466400  0.80687800  1
  O  O51  1  0.00583700  0.64533600  0.19312200  1
  O  O52  1  0.25000000  0.26448200  0.63690400  1
  O  O53  1  0.75000000  0.73551800  0.36309600  1
  O  O54  1  0.25000000  0.58661100  0.08635400  1
  O  O55  1  0.75000000  0.41338900  0.91364600  1
",Rotate all surrounding atoms within 2.0728848822714303 angstrom of the center atom at index 28 by 205.03629949519632 degree around the axis [ 0.  0. -1.] in the cif file. The rotation should following the right-hand rule.,,"data_image0
_chemical_formula_structural       Th2U2P8H8C4O32
_chemical_formula_sum              ""Th2 U2 P8 H8 C4 O32""
_cell_length_a       20.349686
_cell_length_b       5.748963
_cell_length_c       7.37535876
_cell_angle_alpha    76.37313074
_cell_angle_beta     90.0
_cell_angle_gamma    90.0

_space_group_name_H-M_alt    ""P 1""
_space_group_IT_number       1

loop_
  _space_group_symop_operation_xyz
  'x, y, z'

loop_
  _atom_site_type_symbol
  _atom_site_label
  _atom_site_symmetry_multiplicity
  _atom_site_fract_x
  _atom_site_fract_y
  _atom_site_fract_z
  _atom_site_occupancy
  Th  Th1       1.0  0.25  0.684924  0.3972  1.0000
  Th  Th2       1.0  0.75  0.315076  0.6028  1.0000
  U   U1        1.0  0.5  0.5  0.0  1.0000
  U   U2        1.0  0.0  0.5  0.0  1.0000
  P   P1        1.0  0.4564384603967484  0.19796970188333746  0.27967900000000007  1.0000
  P   P2        1.0  0.864283  0.8063900000000002  0.7203209999999999  1.0000
  P   P3        1.0  0.6357170000000002  0.8063900000000002  0.7203209999999999  1.0000
  P   P4        1.0  0.135717  0.19361  0.279679  1.0000
  P   P5        1.0  0.374847  0.903399  0.6883049999999998  1.0000
  P   P6        1.0  0.874847  0.09660099999999998  0.311695  1.0000
  P   P7        1.0  0.625153  0.09660099999999998  0.311695  1.0000
  P   P8        1.0  0.125153  0.903399  0.6883049999999998  1.0000
  H   H1        1.0  0.44956800000000013  0.951959  0.433592  1.0000
  H   H2        1.0  0.9495680000000001  0.048041000000000014  0.5664079999999999  1.0000
  H   H3        1.0  0.5504320000000001  0.048041000000000014  0.5664079999999999  1.0000
  H   H4        1.0  0.050432000000000005  0.951959  0.433592  1.0000
  H   H5        1.0  0.44427900000000003  0.22130299999999997  0.515407  1.0000
  H   H6        1.0  0.944279  0.778697  0.4845929999999999  1.0000
  H   H7        1.0  0.555721  0.778697  0.4845929999999999  1.0000
  H   H8        1.0  0.055721000000000014  0.22130299999999997  0.515407  1.0000
  C   C1        1.0  0.415677  0.07537299999999998  0.480462  1.0000
  C   C2        1.0  0.915677  0.924627  0.519538  1.0000
  C   C3        1.0  0.584323  0.924627  0.519538  1.0000
  C   C4        1.0  0.08432300000000002  0.07537299999999998  0.480462  1.0000
  O   O1        1.0  0.324916  0.4050789999999999  0.324627  1.0000
  O   O2        1.0  0.824916  0.5949210000000001  0.6753729999999999  1.0000
  O   O3        1.0  0.675084  0.5949210000000001  0.6753729999999999  1.0000
  O   O4        1.0  0.175084  0.4050789999999999  0.324627  1.0000
  O   O5        1.0  0.410224  0.28254499999999994  0.112459  1.0000
  O   O6        1.0  0.9102240000000001  0.7174549999999998  0.887541  1.0000
  O   O7        1.0  0.589776  0.7174549999999998  0.887541  1.0000
  O   O8        1.0  0.08977600000000002  0.28254499999999994  0.112459  1.0000
  O   O9        1.0  0.31970700000000013  0.9914849999999997  0.251506  1.0000
  O   O10       1.0  0.819707  0.008514999999999998  0.748494  1.0000
  O   O11       1.0  0.680293  0.008514999999999998  0.748494  1.0000
  O   O12       1.0  0.180293  0.9914849999999997  0.251506  1.0000
  O   O13       1.0  0.43005  0.779407  0.8177849999999998  1.0000
  O   O14       1.0  0.9300500000000003  0.22059299999999998  0.182215  1.0000
  O   O15       1.0  0.56995  0.22059299999999998  0.182215  1.0000
  O   O16       1.0  0.06995  0.779407  0.8177849999999998  1.0000
  O   O17       1.0  0.335079  0.068278  0.788258  1.0000
  O   O18       1.0  0.8350790000000002  0.931722  0.211742  1.0000
  O   O19       1.0  0.664921  0.931722  0.211742  1.0000
  O   O20       1.0  0.164921  0.068278  0.788258  1.0000
  O   O21       1.0  0.326913  0.728101  0.629793  1.0000
  O   O22       1.0  0.826913  0.271899  0.370207  1.0000
  O   O23       1.0  0.6730870000000001  0.271899  0.370207  1.0000
  O   O24       1.0  0.17308700000000005  0.728101  0.629793  1.0000
  O   O25       1.0  0.49416300000000013  0.645336  0.193122  1.0000
  O   O26       1.0  0.9941630000000002  0.354664  0.8068779999999999  1.0000
  O   O27       1.0  0.505837  0.354664  0.8068779999999999  1.0000
  O   O28       1.0  0.005837  0.645336  0.193122  1.0000
  O   O29       1.0  0.25  0.264482  0.636904  1.0000
  O   O30       1.0  0.75  0.735518  0.363096  1.0000
  O   O31       1.0  0.25  0.586611  0.086354  1.0000
  O   O32       1.0  0.75  0.413389  0.9136459999999998  1.0000
"
